k, i, j, t, w, pr
1, 1, 2, 0, 14, 0.50
1, 1, 4, 0, 27, 0.50
1, 2, 3, 0, 39, 0.50
1, 2, 5, 0, 23, 0.50
1, 3, 6, 0, 22, 0.50
1, 4, 5, 0, 28, 0.50
1, 4, 7, 0, 36, 0.50
1, 5, 6, 0, 17, 0.50
1, 5, 8, 0, 1, 0.50
1, 6, 9, 0, 19, 0.50
1, 7, 8, 0, 12, 0.50
1, 8, 9, 0, 33, 0.50
1, 1, 2, 1, 27, 0.50
1, 1, 4, 1, 13, 0.50
1, 2, 3, 1, 23, 0.50
1, 2, 5, 1, 10, 0.50
1, 3, 6, 1, 26, 0.50
1, 4, 5, 1, 12, 0.50
1, 4, 7, 1, 36, 0.50
1, 5, 6, 1, 43, 0.50
1, 5, 8, 1, 19, 0.50
1, 6, 9, 1, 13, 0.50
1, 7, 8, 1, 13, 0.50
1, 8, 9, 1, 36, 0.50
1, 1, 2, 2, 41, 0.50
1, 1, 4, 2, 24, 0.50
1, 2, 3, 2, 28, 0.50
1, 2, 5, 2, 17, 0.50
1, 3, 6, 2, 25, 0.50
1, 4, 5, 2, 24, 0.50
1, 4, 7, 2, 12, 0.50
1, 5, 6, 2, 36, 0.50
1, 5, 8, 2, 16, 0.50
1, 6, 9, 2, 13, 0.50
1, 7, 8, 2, 7, 0.50
1, 8, 9, 2, 25, 0.50
1, 1, 2, 3, 1, 0.50
1, 1, 4, 3, 36, 0.50
1, 2, 3, 3, 28, 0.50
1, 2, 5, 3, 2, 0.50
1, 3, 6, 3, 35, 0.50
1, 4, 5, 3, 13, 0.50
1, 4, 7, 3, 23, 0.50
1, 5, 6, 3, 15, 0.50
1, 5, 8, 3, 28, 0.50
1, 6, 9, 3, 39, 0.50
1, 7, 8, 3, 44, 0.50
1, 8, 9, 3, 5, 0.50
1, 1, 2, 4, 23, 0.50
1, 1, 4, 4, 21, 0.50
1, 2, 3, 4, 33, 0.50
1, 2, 5, 4, 4, 0.50
1, 3, 6, 4, 12, 0.50
1, 4, 5, 4, 1, 0.50
1, 4, 7, 4, 18, 0.50
1, 5, 6, 4, 36, 0.50
1, 5, 8, 4, 37, 0.50
1, 6, 9, 4, 29, 0.50
1, 7, 8, 4, 28, 0.50
1, 8, 9, 4, 36, 0.50
1, 1, 2, 5, 20, 0.50
1, 1, 4, 5, 8, 0.50
1, 2, 3, 5, 2, 0.50
1, 2, 5, 5, 13, 0.50
1, 3, 6, 5, 21, 0.50
1, 4, 5, 5, 14, 0.50
1, 4, 7, 5, 7, 0.50
1, 5, 6, 5, 13, 0.50
1, 5, 8, 5, 28, 0.50
1, 6, 9, 5, 33, 0.50
1, 7, 8, 5, 3, 0.50
1, 8, 9, 5, 15, 0.50
1, 1, 2, 6, 35, 0.50
1, 1, 4, 6, 43, 0.50
1, 2, 3, 6, 24, 0.50
1, 2, 5, 6, 14, 0.50
1, 3, 6, 6, 36, 0.50
1, 4, 5, 6, 40, 0.50
1, 4, 7, 6, 24, 0.50
1, 5, 6, 6, 42, 0.50
1, 5, 8, 6, 36, 0.50
1, 6, 9, 6, 12, 0.50
1, 7, 8, 6, 3, 0.50
1, 8, 9, 6, 14, 0.50
1, 1, 2, 7, 27, 0.50
1, 1, 4, 7, 35, 0.50
1, 2, 3, 7, 30, 0.50
1, 2, 5, 7, 40, 0.50
1, 3, 6, 7, 22, 0.50
1, 4, 5, 7, 18, 0.50
1, 4, 7, 7, 16, 0.50
1, 5, 6, 7, 18, 0.50
1, 5, 8, 7, 29, 0.50
1, 6, 9, 7, 28, 0.50
1, 7, 8, 7, 32, 0.50
1, 8, 9, 7, 43, 0.50
1, 1, 2, 8, 5, 0.50
1, 1, 4, 8, 26, 0.50
1, 2, 3, 8, 41, 0.50
1, 2, 5, 8, 14, 0.50
1, 3, 6, 8, 8, 0.50
1, 4, 5, 8, 43, 0.50
1, 4, 7, 8, 33, 0.50
1, 5, 6, 8, 18, 0.50
1, 5, 8, 8, 12, 0.50
1, 6, 9, 8, 35, 0.50
1, 7, 8, 8, 19, 0.50
1, 8, 9, 8, 11, 0.50
1, 1, 2, 9, 3, 0.50
1, 1, 4, 9, 2, 0.50
1, 2, 3, 9, 14, 0.50
1, 2, 5, 9, 23, 0.50
1, 3, 6, 9, 13, 0.50
1, 4, 5, 9, 13, 0.50
1, 4, 7, 9, 37, 0.50
1, 5, 6, 9, 25, 0.50
1, 5, 8, 9, 17, 0.50
1, 6, 9, 9, 44, 0.50
1, 7, 8, 9, 26, 0.50
1, 8, 9, 9, 37, 0.50
1, 1, 2, 10, 27, 0.50
1, 1, 4, 10, 4, 0.50
1, 2, 3, 10, 36, 0.50
1, 2, 5, 10, 43, 0.50
1, 3, 6, 10, 5, 0.50
1, 4, 5, 10, 10, 0.50
1, 4, 7, 10, 20, 0.50
1, 5, 6, 10, 28, 0.50
1, 5, 8, 10, 11, 0.50
1, 6, 9, 10, 33, 0.50
1, 7, 8, 10, 44, 0.50
1, 8, 9, 10, 21, 0.50
1, 1, 2, 11, 13, 0.50
1, 1, 4, 11, 35, 0.50
1, 2, 3, 11, 5, 0.50
1, 2, 5, 11, 13, 0.50
1, 3, 6, 11, 10, 0.50
1, 4, 5, 11, 11, 0.50
1, 4, 7, 11, 42, 0.50
1, 5, 6, 11, 4, 0.50
1, 5, 8, 11, 21, 0.50
1, 6, 9, 11, 18, 0.50
1, 7, 8, 11, 28, 0.50
1, 8, 9, 11, 31, 0.50
1, 1, 2, 12, 1, 0.50
1, 1, 4, 12, 28, 0.50
1, 2, 3, 12, 42, 0.50
1, 2, 5, 12, 34, 0.50
1, 3, 6, 12, 35, 0.50
1, 4, 5, 12, 35, 0.50
1, 4, 7, 12, 18, 0.50
1, 5, 6, 12, 26, 0.50
1, 5, 8, 12, 27, 0.50
1, 6, 9, 12, 3, 0.50
1, 7, 8, 12, 2, 0.50
1, 8, 9, 12, 33, 0.50
1, 1, 2, 13, 7, 0.50
1, 1, 4, 13, 29, 0.50
1, 2, 3, 13, 43, 0.50
1, 2, 5, 13, 9, 0.50
1, 3, 6, 13, 14, 0.50
1, 4, 5, 13, 22, 0.50
1, 4, 7, 13, 3, 0.50
1, 5, 6, 13, 44, 0.50
1, 5, 8, 13, 25, 0.50
1, 6, 9, 13, 34, 0.50
1, 7, 8, 13, 8, 0.50
1, 8, 9, 13, 43, 0.50
1, 1, 2, 14, 7, 0.50
1, 1, 4, 14, 6, 0.50
1, 2, 3, 14, 20, 0.50
1, 2, 5, 14, 31, 0.50
1, 3, 6, 14, 25, 0.50
1, 4, 5, 14, 7, 0.50
1, 4, 7, 14, 29, 0.50
1, 5, 6, 14, 44, 0.50
1, 5, 8, 14, 27, 0.50
1, 6, 9, 14, 22, 0.50
1, 7, 8, 14, 41, 0.50
1, 8, 9, 14, 7, 0.50
1, 1, 2, 15, 6, 0.50
1, 1, 4, 15, 28, 0.50
1, 2, 3, 15, 38, 0.50
1, 2, 5, 15, 12, 0.50
1, 3, 6, 15, 4, 0.50
1, 4, 5, 15, 38, 0.50
1, 4, 7, 15, 29, 0.50
1, 5, 6, 15, 11, 0.50
1, 5, 8, 15, 44, 0.50
1, 6, 9, 15, 20, 0.50
1, 7, 8, 15, 33, 0.50
1, 8, 9, 15, 29, 0.50
1, 1, 2, 16, 30, 0.50
1, 1, 4, 16, 30, 0.50
1, 2, 3, 16, 30, 0.50
1, 2, 5, 16, 12, 0.50
1, 3, 6, 16, 10, 0.50
1, 4, 5, 16, 6, 0.50
1, 4, 7, 16, 22, 0.50
1, 5, 6, 16, 13, 0.50
1, 5, 8, 16, 4, 0.50
1, 6, 9, 16, 38, 0.50
1, 7, 8, 16, 44, 0.50
1, 8, 9, 16, 43, 0.50
1, 1, 2, 17, 43, 0.50
1, 1, 4, 17, 29, 0.50
1, 2, 3, 17, 11, 0.50
1, 2, 5, 17, 16, 0.50
1, 3, 6, 17, 41, 0.50
1, 4, 5, 17, 17, 0.50
1, 4, 7, 17, 41, 0.50
1, 5, 6, 17, 15, 0.50
1, 5, 8, 17, 41, 0.50
1, 6, 9, 17, 21, 0.50
1, 7, 8, 17, 41, 0.50
1, 8, 9, 17, 5, 0.50
1, 1, 2, 18, 24, 0.50
1, 1, 4, 18, 30, 0.50
1, 2, 3, 18, 32, 0.50
1, 2, 5, 18, 43, 0.50
1, 3, 6, 18, 27, 0.50
1, 4, 5, 18, 15, 0.50
1, 4, 7, 18, 6, 0.50
1, 5, 6, 18, 6, 0.50
1, 5, 8, 18, 13, 0.50
1, 6, 9, 18, 39, 0.50
1, 7, 8, 18, 17, 0.50
1, 8, 9, 18, 43, 0.50
1, 1, 2, 19, 8, 0.50
1, 1, 4, 19, 35, 0.50
1, 2, 3, 19, 35, 0.50
1, 2, 5, 19, 35, 0.50
1, 3, 6, 19, 37, 0.50
1, 4, 5, 19, 11, 0.50
1, 4, 7, 19, 20, 0.50
1, 5, 6, 19, 26, 0.50
1, 5, 8, 19, 29, 0.50
1, 6, 9, 19, 3, 0.50
1, 7, 8, 19, 40, 0.50
1, 8, 9, 19, 3, 0.50
1, 1, 2, 20, 13, 0.50
1, 1, 4, 20, 26, 0.50
1, 2, 3, 20, 28, 0.50
1, 2, 5, 20, 19, 0.50
1, 3, 6, 20, 30, 0.50
1, 4, 5, 20, 3, 0.50
1, 4, 7, 20, 8, 0.50
1, 5, 6, 20, 41, 0.50
1, 5, 8, 20, 14, 0.50
1, 6, 9, 20, 28, 0.50
1, 7, 8, 20, 36, 0.50
1, 8, 9, 20, 8, 0.50
1, 1, 2, 21, 33, 0.50
1, 1, 4, 21, 14, 0.50
1, 2, 3, 21, 6, 0.50
1, 2, 5, 21, 43, 0.50
1, 3, 6, 21, 5, 0.50
1, 4, 5, 21, 10, 0.50
1, 4, 7, 21, 36, 0.50
1, 5, 6, 21, 9, 0.50
1, 5, 8, 21, 40, 0.50
1, 6, 9, 21, 8, 0.50
1, 7, 8, 21, 14, 0.50
1, 8, 9, 21, 1, 0.50
1, 1, 2, 22, 18, 0.50
1, 1, 4, 22, 10, 0.50
1, 2, 3, 22, 38, 0.50
1, 2, 5, 22, 3, 0.50
1, 3, 6, 22, 31, 0.50
1, 4, 5, 22, 4, 0.50
1, 4, 7, 22, 25, 0.50
1, 5, 6, 22, 36, 0.50
1, 5, 8, 22, 15, 0.50
1, 6, 9, 22, 2, 0.50
1, 7, 8, 22, 30, 0.50
1, 8, 9, 22, 43, 0.50
1, 1, 2, 23, 31, 0.50
1, 1, 4, 23, 19, 0.50
1, 2, 3, 23, 11, 0.50
1, 2, 5, 23, 20, 0.50
1, 3, 6, 23, 3, 0.50
1, 4, 5, 23, 30, 0.50
1, 4, 7, 23, 4, 0.50
1, 5, 6, 23, 4, 0.50
1, 5, 8, 23, 2, 0.50
1, 6, 9, 23, 35, 0.50
1, 7, 8, 23, 37, 0.50
1, 8, 9, 23, 7, 0.50
1, 1, 2, 24, 21, 0.50
1, 1, 4, 24, 29, 0.50
1, 2, 3, 24, 40, 0.50
1, 2, 5, 24, 24, 0.50
1, 3, 6, 24, 42, 0.50
1, 4, 5, 24, 36, 0.50
1, 4, 7, 24, 19, 0.50
1, 5, 6, 24, 35, 0.50
1, 5, 8, 24, 22, 0.50
1, 6, 9, 24, 29, 0.50
1, 7, 8, 24, 20, 0.50
1, 8, 9, 24, 43, 0.50
1, 1, 2, 25, 6, 0.50
1, 1, 4, 25, 27, 0.50
1, 2, 3, 25, 29, 0.50
1, 2, 5, 25, 36, 0.50
1, 3, 6, 25, 26, 0.50
1, 4, 5, 25, 36, 0.50
1, 4, 7, 25, 40, 0.50
1, 5, 6, 25, 1, 0.50
1, 5, 8, 25, 15, 0.50
1, 6, 9, 25, 35, 0.50
1, 7, 8, 25, 31, 0.50
1, 8, 9, 25, 41, 0.50
1, 1, 2, 26, 21, 0.50
1, 1, 4, 26, 38, 0.50
1, 2, 3, 26, 10, 0.50
1, 2, 5, 26, 33, 0.50
1, 3, 6, 26, 28, 0.50
1, 4, 5, 26, 8, 0.50
1, 4, 7, 26, 29, 0.50
1, 5, 6, 26, 9, 0.50
1, 5, 8, 26, 30, 0.50
1, 6, 9, 26, 37, 0.50
1, 7, 8, 26, 24, 0.50
1, 8, 9, 26, 34, 0.50
1, 1, 2, 27, 25, 0.50
1, 1, 4, 27, 41, 0.50
1, 2, 3, 27, 2, 0.50
1, 2, 5, 27, 30, 0.50
1, 3, 6, 27, 29, 0.50
1, 4, 5, 27, 4, 0.50
1, 4, 7, 27, 28, 0.50
1, 5, 6, 27, 41, 0.50
1, 5, 8, 27, 6, 0.50
1, 6, 9, 27, 42, 0.50
1, 7, 8, 27, 21, 0.50
1, 8, 9, 27, 17, 0.50
1, 1, 2, 28, 4, 0.50
1, 1, 4, 28, 43, 0.50
1, 2, 3, 28, 20, 0.50
1, 2, 5, 28, 28, 0.50
1, 3, 6, 28, 32, 0.50
1, 4, 5, 28, 40, 0.50
1, 4, 7, 28, 31, 0.50
1, 5, 6, 28, 33, 0.50
1, 5, 8, 28, 36, 0.50
1, 6, 9, 28, 22, 0.50
1, 7, 8, 28, 5, 0.50
1, 8, 9, 28, 3, 0.50
1, 1, 2, 29, 10, 0.50
1, 1, 4, 29, 4, 0.50
1, 2, 3, 29, 11, 0.50
1, 2, 5, 29, 11, 0.50
1, 3, 6, 29, 14, 0.50
1, 4, 5, 29, 12, 0.50
1, 4, 7, 29, 4, 0.50
1, 5, 6, 29, 11, 0.50
1, 5, 8, 29, 17, 0.50
1, 6, 9, 29, 24, 0.50
1, 7, 8, 29, 15, 0.50
1, 8, 9, 29, 18, 0.50
1, 1, 2, 30, 36, 0.50
1, 1, 4, 30, 25, 0.50
1, 2, 3, 30, 22, 0.50
1, 2, 5, 30, 23, 0.50
1, 3, 6, 30, 41, 0.50
1, 4, 5, 30, 18, 0.50
1, 4, 7, 30, 32, 0.50
1, 5, 6, 30, 32, 0.50
1, 5, 8, 30, 36, 0.50
1, 6, 9, 30, 30, 0.50
1, 7, 8, 30, 19, 0.50
1, 8, 9, 30, 3, 0.50
1, 1, 2, 31, 3, 0.50
1, 1, 4, 31, 17, 0.50
1, 2, 3, 31, 24, 0.50
1, 2, 5, 31, 7, 0.50
1, 3, 6, 31, 13, 0.50
1, 4, 5, 31, 13, 0.50
1, 4, 7, 31, 4, 0.50
1, 5, 6, 31, 20, 0.50
1, 5, 8, 31, 2, 0.50
1, 6, 9, 31, 34, 0.50
1, 7, 8, 31, 9, 0.50
1, 8, 9, 31, 16, 0.50
1, 1, 2, 32, 20, 0.50
1, 1, 4, 32, 37, 0.50
1, 2, 3, 32, 30, 0.50
1, 2, 5, 32, 43, 0.50
1, 3, 6, 32, 17, 0.50
1, 4, 5, 32, 34, 0.50
1, 4, 7, 32, 32, 0.50
1, 5, 6, 32, 22, 0.50
1, 5, 8, 32, 26, 0.50
1, 6, 9, 32, 28, 0.50
1, 7, 8, 32, 3, 0.50
1, 8, 9, 32, 26, 0.50
1, 1, 2, 33, 25, 0.50
1, 1, 4, 33, 13, 0.50
1, 2, 3, 33, 9, 0.50
1, 2, 5, 33, 24, 0.50
1, 3, 6, 33, 13, 0.50
1, 4, 5, 33, 41, 0.50
1, 4, 7, 33, 25, 0.50
1, 5, 6, 33, 44, 0.50
1, 5, 8, 33, 20, 0.50
1, 6, 9, 33, 12, 0.50
1, 7, 8, 33, 15, 0.50
1, 8, 9, 33, 17, 0.50
1, 1, 2, 34, 8, 0.50
1, 1, 4, 34, 12, 0.50
1, 2, 3, 34, 3, 0.50
1, 2, 5, 34, 10, 0.50
1, 3, 6, 34, 33, 0.50
1, 4, 5, 34, 40, 0.50
1, 4, 7, 34, 20, 0.50
1, 5, 6, 34, 6, 0.50
1, 5, 8, 34, 28, 0.50
1, 6, 9, 34, 24, 0.50
1, 7, 8, 34, 13, 0.50
1, 8, 9, 34, 30, 0.50
1, 1, 2, 35, 38, 0.50
1, 1, 4, 35, 7, 0.50
1, 2, 3, 35, 25, 0.50
1, 2, 5, 35, 12, 0.50
1, 3, 6, 35, 34, 0.50
1, 4, 5, 35, 19, 0.50
1, 4, 7, 35, 19, 0.50
1, 5, 6, 35, 34, 0.50
1, 5, 8, 35, 11, 0.50
1, 6, 9, 35, 20, 0.50
1, 7, 8, 35, 3, 0.50
1, 8, 9, 35, 8, 0.50
1, 1, 2, 36, 29, 0.50
1, 1, 4, 36, 14, 0.50
1, 2, 3, 36, 9, 0.50
1, 2, 5, 36, 13, 0.50
1, 3, 6, 36, 3, 0.50
1, 4, 5, 36, 16, 0.50
1, 4, 7, 36, 20, 0.50
1, 5, 6, 36, 11, 0.50
1, 5, 8, 36, 18, 0.50
1, 6, 9, 36, 32, 0.50
1, 7, 8, 36, 24, 0.50
1, 8, 9, 36, 11, 0.50
1, 1, 2, 37, 24, 0.50
1, 1, 4, 37, 29, 0.50
1, 2, 3, 37, 34, 0.50
1, 2, 5, 37, 20, 0.50
1, 3, 6, 37, 21, 0.50
1, 4, 5, 37, 3, 0.50
1, 4, 7, 37, 43, 0.50
1, 5, 6, 37, 36, 0.50
1, 5, 8, 37, 34, 0.50
1, 6, 9, 37, 19, 0.50
1, 7, 8, 37, 21, 0.50
1, 8, 9, 37, 22, 0.50
1, 1, 2, 38, 3, 0.50
1, 1, 4, 38, 7, 0.50
1, 2, 3, 38, 12, 0.50
1, 2, 5, 38, 15, 0.50
1, 3, 6, 38, 37, 0.50
1, 4, 5, 38, 4, 0.50
1, 4, 7, 38, 23, 0.50
1, 5, 6, 38, 15, 0.50
1, 5, 8, 38, 29, 0.50
1, 6, 9, 38, 43, 0.50
1, 7, 8, 38, 5, 0.50
1, 8, 9, 38, 8, 0.50
1, 1, 2, 39, 2, 0.50
1, 1, 4, 39, 28, 0.50
1, 2, 3, 39, 34, 0.50
1, 2, 5, 39, 29, 0.50
1, 3, 6, 39, 11, 0.50
1, 4, 5, 39, 2, 0.50
1, 4, 7, 39, 11, 0.50
1, 5, 6, 39, 38, 0.50
1, 5, 8, 39, 1, 0.50
1, 6, 9, 39, 5, 0.50
1, 7, 8, 39, 34, 0.50
1, 8, 9, 39, 28, 0.50
1, 1, 2, 40, 42, 0.50
1, 1, 4, 40, 35, 0.50
1, 2, 3, 40, 12, 0.50
1, 2, 5, 40, 16, 0.50
1, 3, 6, 40, 8, 0.50
1, 4, 5, 40, 6, 0.50
1, 4, 7, 40, 29, 0.50
1, 5, 6, 40, 35, 0.50
1, 5, 8, 40, 10, 0.50
1, 6, 9, 40, 15, 0.50
1, 7, 8, 40, 43, 0.50
1, 8, 9, 40, 15, 0.50
1, 1, 2, 41, 40, 0.50
1, 1, 4, 41, 3, 0.50
1, 2, 3, 41, 40, 0.50
1, 2, 5, 41, 33, 0.50
1, 3, 6, 41, 30, 0.50
1, 4, 5, 41, 34, 0.50
1, 4, 7, 41, 14, 0.50
1, 5, 6, 41, 5, 0.50
1, 5, 8, 41, 18, 0.50
1, 6, 9, 41, 27, 0.50
1, 7, 8, 41, 33, 0.50
1, 8, 9, 41, 22, 0.50
1, 1, 2, 42, 15, 0.50
1, 1, 4, 42, 13, 0.50
1, 2, 3, 42, 16, 0.50
1, 2, 5, 42, 8, 0.50
1, 3, 6, 42, 10, 0.50
1, 4, 5, 42, 16, 0.50
1, 4, 7, 42, 6, 0.50
1, 5, 6, 42, 8, 0.50
1, 5, 8, 42, 27, 0.50
1, 6, 9, 42, 34, 0.50
1, 7, 8, 42, 37, 0.50
1, 8, 9, 42, 7, 0.50
1, 1, 2, 43, 24, 0.50
1, 1, 4, 43, 20, 0.50
1, 2, 3, 43, 3, 0.50
1, 2, 5, 43, 5, 0.50
1, 3, 6, 43, 22, 0.50
1, 4, 5, 43, 4, 0.50
1, 4, 7, 43, 29, 0.50
1, 5, 6, 43, 23, 0.50
1, 5, 8, 43, 25, 0.50
1, 6, 9, 43, 12, 0.50
1, 7, 8, 43, 42, 0.50
1, 8, 9, 43, 17, 0.50
1, 1, 2, 44, 17, 0.50
1, 1, 4, 44, 33, 0.50
1, 2, 3, 44, 5, 0.50
1, 2, 5, 44, 38, 0.50
1, 3, 6, 44, 30, 0.50
1, 4, 5, 44, 23, 0.50
1, 4, 7, 44, 27, 0.50
1, 5, 6, 44, 16, 0.50
1, 5, 8, 44, 23, 0.50
1, 6, 9, 44, 30, 0.50
1, 7, 8, 44, 10, 0.50
1, 8, 9, 44, 4, 0.50
1, 1, 2, 45, 33, 0.50
1, 1, 4, 45, 40, 0.50
1, 2, 3, 45, 40, 0.50
1, 2, 5, 45, 20, 0.50
1, 3, 6, 45, 1, 0.50
1, 4, 5, 45, 17, 0.50
1, 4, 7, 45, 15, 0.50
1, 5, 6, 45, 40, 0.50
1, 5, 8, 45, 23, 0.50
1, 6, 9, 45, 21, 0.50
1, 7, 8, 45, 13, 0.50
1, 8, 9, 45, 37, 0.50
1, 1, 2, 46, 25, 0.50
1, 1, 4, 46, 17, 0.50
1, 2, 3, 46, 31, 0.50
1, 2, 5, 46, 11, 0.50
1, 3, 6, 46, 9, 0.50
1, 4, 5, 46, 26, 0.50
1, 4, 7, 46, 28, 0.50
1, 5, 6, 46, 1, 0.50
1, 5, 8, 46, 30, 0.50
1, 6, 9, 46, 12, 0.50
1, 7, 8, 46, 16, 0.50
1, 8, 9, 46, 6, 0.50
1, 1, 2, 47, 39, 0.50
1, 1, 4, 47, 40, 0.50
1, 2, 3, 47, 37, 0.50
1, 2, 5, 47, 5, 0.50
1, 3, 6, 47, 31, 0.50
1, 4, 5, 47, 14, 0.50
1, 4, 7, 47, 29, 0.50
1, 5, 6, 47, 37, 0.50
1, 5, 8, 47, 32, 0.50
1, 6, 9, 47, 37, 0.50
1, 7, 8, 47, 10, 0.50
1, 8, 9, 47, 39, 0.50
1, 1, 2, 48, 18, 0.50
1, 1, 4, 48, 29, 0.50
1, 2, 3, 48, 25, 0.50
1, 2, 5, 48, 34, 0.50
1, 4, 5, 48, 21, 0.50
1, 5, 6, 48, 2, 0.50
1, 5, 8, 48, 21, 0.50
1, 6, 9, 48, 28, 0.50
1, 7, 8, 48, 14, 0.50
1, 8, 9, 48, 32, 0.50
1, 1, 4, 49, 16, 0.50
1, 2, 3, 49, 2, 0.50
1, 3, 6, 49, 9, 0.50
1, 4, 5, 49, 37, 0.50
1, 4, 7, 49, 12, 0.50
1, 5, 6, 49, 19, 0.50
1, 5, 8, 49, 34, 0.50
1, 6, 9, 49, 35, 0.50
1, 7, 8, 49, 3, 0.50
1, 8, 9, 49, 38, 0.50
1, 1, 4, 50, 36, 0.50
1, 2, 3, 50, 2, 0.50
1, 2, 5, 50, 30, 0.50
1, 3, 6, 50, 38, 0.50
1, 4, 5, 50, 31, 0.50
1, 4, 7, 50, 13, 0.50
1, 5, 6, 50, 6, 0.50
1, 5, 8, 50, 28, 0.50
1, 6, 9, 50, 20, 0.50
1, 7, 8, 50, 29, 0.50
1, 8, 9, 50, 38, 0.50
1, 1, 2, 51, 2, 0.50
1, 2, 5, 51, 19, 0.50
1, 3, 6, 51, 17, 0.50
1, 4, 5, 51, 15, 0.50
1, 4, 7, 51, 33, 0.50
1, 5, 6, 51, 26, 0.50
1, 5, 8, 51, 36, 0.50
1, 6, 9, 51, 38, 0.50
1, 7, 8, 51, 36, 0.50
1, 8, 9, 51, 24, 0.50
1, 1, 2, 52, 13, 0.50
1, 1, 4, 52, 25, 0.50
1, 2, 5, 52, 12, 0.50
1, 3, 6, 52, 34, 0.50
1, 4, 5, 52, 7, 0.50
1, 4, 7, 52, 37, 0.50
1, 5, 6, 52, 29, 0.50
1, 5, 8, 52, 28, 0.50
1, 6, 9, 52, 3, 0.50
1, 7, 8, 52, 31, 0.50
1, 8, 9, 52, 16, 0.50
1, 2, 3, 53, 9, 0.50
1, 2, 5, 53, 6, 0.50
1, 3, 6, 53, 9, 0.50
1, 4, 5, 53, 33, 0.50
1, 4, 7, 53, 33, 0.50
1, 5, 6, 53, 29, 0.50
1, 6, 9, 53, 5, 0.50
1, 7, 8, 53, 23, 0.50
1, 8, 9, 53, 7, 0.50
1, 1, 2, 54, 5, 0.50
1, 1, 4, 54, 27, 0.50
1, 2, 3, 54, 35, 0.50
1, 2, 5, 54, 21, 0.50
1, 3, 6, 54, 27, 0.50
1, 4, 7, 54, 5, 0.50
1, 5, 6, 54, 23, 0.50
1, 6, 9, 54, 6, 0.50
1, 7, 8, 54, 30, 0.50
1, 8, 9, 54, 27, 0.50
1, 1, 2, 55, 5, 0.50
1, 1, 4, 55, 5, 0.50
1, 2, 3, 55, 23, 0.50
1, 2, 5, 55, 15, 0.50
1, 3, 6, 55, 17, 0.50
1, 4, 5, 55, 31, 0.50
1, 4, 7, 55, 11, 0.50
1, 5, 6, 55, 16, 0.50
1, 7, 8, 55, 24, 0.50
1, 8, 9, 55, 16, 0.50
1, 1, 4, 56, 21, 0.50
1, 2, 3, 56, 17, 0.50
1, 2, 5, 56, 5, 0.50
1, 3, 6, 56, 20, 0.50
1, 4, 5, 56, 22, 0.50
1, 4, 7, 56, 25, 0.50
1, 5, 6, 56, 9, 0.50
1, 5, 8, 56, 25, 0.50
1, 6, 9, 56, 16, 0.50
1, 7, 8, 56, 25, 0.50
1, 8, 9, 56, 19, 0.50
1, 1, 2, 57, 5, 0.50
1, 1, 4, 57, 6, 0.50
1, 2, 3, 57, 28, 0.50
1, 8, 9, 57, 17, 0.50
1, 1, 2, 58, 15, 0.50
1, 1, 4, 58, 13, 0.50
1, 2, 3, 58, 18, 0.50
1, 2, 5, 58, 2, 0.50
1, 3, 6, 58, 26, 0.50
1, 4, 5, 58, 21, 0.50
1, 4, 7, 58, 15, 0.50
1, 5, 6, 58, 11, 0.50
1, 5, 8, 58, 25, 0.50
1, 6, 9, 58, 18, 0.50
1, 7, 8, 58, 8, 0.50
1, 8, 9, 58, 18, 0.50
1, 1, 2, 59, 10, 0.50
1, 1, 4, 59, 7, 0.50
1, 2, 3, 59, 30, 0.50
1, 2, 5, 59, 3, 0.50
1, 3, 6, 59, 30, 0.50
1, 4, 7, 59, 29, 0.50
1, 5, 6, 59, 26, 0.50
1, 5, 8, 59, 8, 0.50
1, 6, 9, 59, 19, 0.50
1, 1, 4, 60, 16, 0.50
1, 2, 5, 60, 20, 0.50
1, 3, 6, 60, 10, 0.50
1, 4, 5, 60, 23, 0.50
1, 4, 7, 60, 14, 0.50
1, 5, 6, 60, 10, 0.50
1, 5, 8, 60, 27, 0.50
1, 7, 8, 60, 3, 0.50
1, 8, 9, 60, 18, 0.50
1, 1, 2, 61, 9, 0.50
1, 2, 3, 61, 21, 0.50
1, 4, 5, 61, 13, 0.50
1, 4, 7, 61, 11, 0.50
1, 5, 6, 61, 13, 0.50
1, 5, 8, 61, 17, 0.50
1, 6, 9, 61, 2, 0.50
1, 7, 8, 61, 21, 0.50
1, 8, 9, 61, 11, 0.50
1, 1, 2, 62, 20, 0.50
1, 1, 4, 62, 26, 0.50
1, 2, 5, 62, 17, 0.50
1, 4, 5, 62, 20, 0.50
1, 5, 8, 62, 18, 0.50
1, 6, 9, 62, 4, 0.50
1, 7, 8, 62, 27, 0.50
1, 8, 9, 62, 15, 0.50
1, 1, 2, 63, 18, 0.50
1, 1, 4, 63, 11, 0.50
1, 2, 3, 63, 5, 0.50
1, 3, 6, 63, 16, 0.50
1, 4, 5, 63, 2, 0.50
1, 4, 7, 63, 5, 0.50
1, 5, 6, 63, 4, 0.50
1, 5, 8, 63, 22, 0.50
1, 6, 9, 63, 26, 0.50
1, 7, 8, 63, 3, 0.50
1, 8, 9, 63, 13, 0.50
1, 1, 4, 64, 7, 0.50
1, 2, 3, 64, 12, 0.50
1, 3, 6, 64, 19, 0.50
1, 4, 5, 64, 14, 0.50
1, 4, 7, 64, 25, 0.50
1, 5, 6, 64, 11, 0.50
1, 5, 8, 64, 5, 0.50
1, 6, 9, 64, 7, 0.50
1, 7, 8, 64, 18, 0.50
1, 1, 2, 65, 16, 0.50
1, 2, 3, 65, 24, 0.50
1, 2, 5, 65, 9, 0.50
1, 3, 6, 65, 21, 0.50
1, 4, 5, 65, 3, 0.50
1, 4, 7, 65, 20, 0.50
1, 5, 6, 65, 18, 0.50
1, 5, 8, 65, 22, 0.50
1, 6, 9, 65, 9, 0.50
1, 1, 2, 66, 7, 0.50
1, 2, 3, 66, 19, 0.50
1, 2, 5, 66, 4, 0.50
1, 4, 5, 66, 21, 0.50
1, 4, 7, 66, 15, 0.50
1, 5, 8, 66, 14, 0.50
1, 7, 8, 66, 4, 0.50
1, 1, 2, 67, 14, 0.50
1, 2, 3, 67, 14, 0.50
1, 4, 5, 67, 17, 0.50
1, 5, 6, 67, 20, 0.50
1, 5, 8, 67, 9, 0.50
1, 6, 9, 67, 9, 0.50
1, 7, 8, 67, 17, 0.50
1, 1, 4, 68, 7, 0.50
1, 2, 5, 68, 19, 0.50
1, 4, 7, 68, 4, 0.50
1, 7, 8, 68, 9, 0.50
1, 8, 9, 68, 10, 0.50
1, 1, 2, 69, 14, 0.50
1, 2, 3, 69, 7, 0.50
1, 2, 5, 69, 10, 0.50
1, 3, 6, 69, 6, 0.50
1, 5, 6, 69, 2, 0.50
1, 5, 8, 69, 14, 0.50
1, 8, 9, 69, 11, 0.50
1, 1, 2, 70, 14, 0.50
1, 1, 4, 70, 7, 0.50
1, 2, 3, 70, 3, 0.50
1, 2, 5, 70, 11, 0.50
1, 4, 5, 70, 12, 0.50
1, 4, 7, 70, 7, 0.50
1, 5, 8, 70, 11, 0.50
1, 7, 8, 70, 19, 0.50
1, 1, 4, 71, 7, 0.50
1, 2, 3, 71, 18, 0.50
1, 2, 5, 71, 1, 0.50
1, 4, 7, 71, 2, 0.50
1, 5, 8, 71, 14, 0.50
1, 6, 9, 71, 1, 0.50
1, 7, 8, 71, 4, 0.50
1, 1, 2, 72, 12, 0.50
1, 2, 3, 72, 9, 0.50
1, 3, 6, 72, 3, 0.50
1, 4, 7, 72, 12, 0.50
1, 5, 6, 72, 5, 0.50
1, 5, 8, 72, 10, 0.50
1, 6, 9, 72, 13, 0.50
1, 1, 4, 73, 5, 0.50
1, 2, 3, 73, 14, 0.50
1, 2, 5, 73, 11, 0.50
1, 5, 6, 73, 16, 0.50
1, 8, 9, 73, 12, 0.50
1, 2, 5, 74, 12, 0.50
1, 5, 8, 74, 14, 0.50
1, 7, 8, 74, 8, 0.50
1, 1, 4, 75, 2, 0.50
1, 2, 3, 75, 3, 0.50
1, 4, 5, 75, 8, 0.50
1, 4, 7, 75, 3, 0.50
1, 6, 9, 75, 13, 0.50
1, 8, 9, 75, 14, 0.50
1, 1, 2, 76, 6, 0.50
1, 1, 4, 76, 10, 0.50
1, 2, 5, 76, 5, 0.50
1, 4, 7, 76, 4, 0.50
1, 5, 6, 76, 4, 0.50
1, 4, 5, 77, 8, 0.50
1, 5, 8, 77, 9, 0.50
1, 4, 7, 78, 3, 0.50
1, 6, 9, 78, 6, 0.50
1, 7, 8, 78, 3, 0.50
1, 2, 5, 79, 8, 0.50
1, 6, 9, 79, 6, 0.50
1, 4, 5, 80, 1, 0.50
1, 1, 2, 81, 7, 0.50
1, 5, 6, 81, 4, 0.50
1, 7, 8, 81, 3, 0.50
1, 1, 2, 82, 3, 0.50
1, 2, 3, 82, 5, 0.50
1, 6, 9, 82, 7, 0.50
1, 7, 8, 82, 3, 0.50
1, 2, 3, 83, 5, 0.50
1, 2, 5, 83, 5, 0.50
1, 8, 9, 83, 3, 0.50
1, 2, 5, 84, 4, 0.50
1, 3, 6, 87, 2, 0.50
1, 4, 5, 87, 1, 0.50
2, 1, 2, 0, 28, 0.50
2, 1, 4, 0, 31, 0.50
2, 2, 3, 0, 7, 0.50
2, 2, 5, 0, 29, 0.50
2, 3, 6, 0, 43, 0.50
2, 4, 5, 0, 42, 0.50
2, 4, 7, 0, 7, 0.50
2, 5, 6, 0, 3, 0.50
2, 5, 8, 0, 33, 0.50
2, 6, 9, 0, 28, 0.50
2, 7, 8, 0, 15, 0.50
2, 8, 9, 0, 5, 0.50
2, 1, 2, 1, 17, 0.50
2, 1, 4, 1, 24, 0.50
2, 2, 3, 1, 32, 0.50
2, 2, 5, 1, 1, 0.50
2, 3, 6, 1, 9, 0.50
2, 4, 5, 1, 2, 0.50
2, 4, 7, 1, 21, 0.50
2, 5, 6, 1, 4, 0.50
2, 5, 8, 1, 29, 0.50
2, 6, 9, 1, 29, 0.50
2, 7, 8, 1, 35, 0.50
2, 8, 9, 1, 21, 0.50
2, 1, 2, 2, 18, 0.50
2, 1, 4, 2, 6, 0.50
2, 2, 3, 2, 44, 0.50
2, 2, 5, 2, 28, 0.50
2, 3, 6, 2, 29, 0.50
2, 4, 5, 2, 5, 0.50
2, 4, 7, 2, 19, 0.50
2, 5, 6, 2, 36, 0.50
2, 5, 8, 2, 5, 0.50
2, 6, 9, 2, 4, 0.50
2, 7, 8, 2, 40, 0.50
2, 8, 9, 2, 2, 0.50
2, 1, 2, 3, 33, 0.50
2, 1, 4, 3, 11, 0.50
2, 2, 3, 3, 18, 0.50
2, 2, 5, 3, 15, 0.50
2, 3, 6, 3, 29, 0.50
2, 4, 5, 3, 13, 0.50
2, 4, 7, 3, 2, 0.50
2, 5, 6, 3, 18, 0.50
2, 5, 8, 3, 34, 0.50
2, 6, 9, 3, 34, 0.50
2, 7, 8, 3, 43, 0.50
2, 8, 9, 3, 11, 0.50
2, 1, 2, 4, 17, 0.50
2, 1, 4, 4, 31, 0.50
2, 2, 3, 4, 3, 0.50
2, 2, 5, 4, 18, 0.50
2, 3, 6, 4, 12, 0.50
2, 4, 5, 4, 16, 0.50
2, 4, 7, 4, 26, 0.50
2, 5, 6, 4, 33, 0.50
2, 5, 8, 4, 25, 0.50
2, 6, 9, 4, 30, 0.50
2, 7, 8, 4, 14, 0.50
2, 8, 9, 4, 12, 0.50
2, 1, 2, 5, 41, 0.50
2, 1, 4, 5, 4, 0.50
2, 2, 3, 5, 29, 0.50
2, 2, 5, 5, 31, 0.50
2, 3, 6, 5, 2, 0.50
2, 4, 5, 5, 23, 0.50
2, 4, 7, 5, 11, 0.50
2, 5, 6, 5, 37, 0.50
2, 5, 8, 5, 9, 0.50
2, 6, 9, 5, 22, 0.50
2, 7, 8, 5, 27, 0.50
2, 8, 9, 5, 10, 0.50
2, 1, 2, 6, 15, 0.50
2, 1, 4, 6, 21, 0.50
2, 2, 3, 6, 33, 0.50
2, 2, 5, 6, 7, 0.50
2, 3, 6, 6, 14, 0.50
2, 4, 5, 6, 43, 0.50
2, 4, 7, 6, 38, 0.50
2, 5, 6, 6, 12, 0.50
2, 5, 8, 6, 3, 0.50
2, 6, 9, 6, 16, 0.50
2, 7, 8, 6, 34, 0.50
2, 8, 9, 6, 9, 0.50
2, 1, 2, 7, 42, 0.50
2, 1, 4, 7, 22, 0.50
2, 2, 3, 7, 28, 0.50
2, 2, 5, 7, 23, 0.50
2, 3, 6, 7, 37, 0.50
2, 4, 5, 7, 35, 0.50
2, 4, 7, 7, 35, 0.50
2, 5, 6, 7, 29, 0.50
2, 5, 8, 7, 25, 0.50
2, 6, 9, 7, 11, 0.50
2, 7, 8, 7, 39, 0.50
2, 8, 9, 7, 28, 0.50
2, 1, 2, 8, 28, 0.50
2, 1, 4, 8, 10, 0.50
2, 2, 3, 8, 19, 0.50
2, 2, 5, 8, 21, 0.50
2, 3, 6, 8, 25, 0.50
2, 4, 5, 8, 10, 0.50
2, 4, 7, 8, 6, 0.50
2, 5, 6, 8, 15, 0.50
2, 5, 8, 8, 10, 0.50
2, 6, 9, 8, 40, 0.50
2, 7, 8, 8, 37, 0.50
2, 8, 9, 8, 5, 0.50
2, 1, 2, 9, 5, 0.50
2, 1, 4, 9, 39, 0.50
2, 2, 3, 9, 1, 0.50
2, 2, 5, 9, 16, 0.50
2, 3, 6, 9, 36, 0.50
2, 4, 5, 9, 19, 0.50
2, 4, 7, 9, 9, 0.50
2, 5, 6, 9, 43, 0.50
2, 5, 8, 9, 10, 0.50
2, 6, 9, 9, 13, 0.50
2, 7, 8, 9, 17, 0.50
2, 8, 9, 9, 11, 0.50
2, 1, 2, 10, 12, 0.50
2, 1, 4, 10, 34, 0.50
2, 2, 3, 10, 33, 0.50
2, 2, 5, 10, 21, 0.50
2, 3, 6, 10, 18, 0.50
2, 4, 5, 10, 26, 0.50
2, 4, 7, 10, 18, 0.50
2, 5, 6, 10, 42, 0.50
2, 5, 8, 10, 33, 0.50
2, 6, 9, 10, 42, 0.50
2, 7, 8, 10, 20, 0.50
2, 8, 9, 10, 31, 0.50
2, 1, 2, 11, 41, 0.50
2, 1, 4, 11, 41, 0.50
2, 2, 3, 11, 16, 0.50
2, 2, 5, 11, 2, 0.50
2, 3, 6, 11, 34, 0.50
2, 4, 5, 11, 8, 0.50
2, 4, 7, 11, 14, 0.50
2, 5, 6, 11, 25, 0.50
2, 5, 8, 11, 17, 0.50
2, 6, 9, 11, 14, 0.50
2, 7, 8, 11, 36, 0.50
2, 8, 9, 11, 5, 0.50
2, 1, 2, 12, 36, 0.50
2, 1, 4, 12, 28, 0.50
2, 2, 3, 12, 23, 0.50
2, 2, 5, 12, 25, 0.50
2, 3, 6, 12, 25, 0.50
2, 4, 5, 12, 33, 0.50
2, 4, 7, 12, 38, 0.50
2, 5, 6, 12, 6, 0.50
2, 5, 8, 12, 25, 0.50
2, 6, 9, 12, 3, 0.50
2, 7, 8, 12, 13, 0.50
2, 8, 9, 12, 39, 0.50
2, 1, 2, 13, 12, 0.50
2, 1, 4, 13, 9, 0.50
2, 2, 3, 13, 8, 0.50
2, 2, 5, 13, 24, 0.50
2, 3, 6, 13, 34, 0.50
2, 4, 5, 13, 6, 0.50
2, 4, 7, 13, 44, 0.50
2, 5, 6, 13, 34, 0.50
2, 5, 8, 13, 1, 0.50
2, 6, 9, 13, 6, 0.50
2, 7, 8, 13, 30, 0.50
2, 8, 9, 13, 4, 0.50
2, 1, 2, 14, 43, 0.50
2, 1, 4, 14, 42, 0.50
2, 2, 3, 14, 36, 0.50
2, 2, 5, 14, 28, 0.50
2, 3, 6, 14, 1, 0.50
2, 4, 5, 14, 12, 0.50
2, 4, 7, 14, 23, 0.50
2, 5, 6, 14, 16, 0.50
2, 5, 8, 14, 38, 0.50
2, 6, 9, 14, 33, 0.50
2, 7, 8, 14, 26, 0.50
2, 8, 9, 14, 35, 0.50
2, 1, 2, 15, 13, 0.50
2, 1, 4, 15, 30, 0.50
2, 2, 3, 15, 2, 0.50
2, 2, 5, 15, 31, 0.50
2, 3, 6, 15, 39, 0.50
2, 4, 5, 15, 14, 0.50
2, 4, 7, 15, 20, 0.50
2, 5, 6, 15, 32, 0.50
2, 5, 8, 15, 16, 0.50
2, 6, 9, 15, 42, 0.50
2, 7, 8, 15, 8, 0.50
2, 8, 9, 15, 1, 0.50
2, 1, 2, 16, 26, 0.50
2, 1, 4, 16, 33, 0.50
2, 2, 3, 16, 14, 0.50
2, 2, 5, 16, 16, 0.50
2, 3, 6, 16, 39, 0.50
2, 4, 5, 16, 3, 0.50
2, 4, 7, 16, 38, 0.50
2, 5, 6, 16, 13, 0.50
2, 5, 8, 16, 35, 0.50
2, 6, 9, 16, 18, 0.50
2, 7, 8, 16, 19, 0.50
2, 8, 9, 16, 36, 0.50
2, 1, 2, 17, 32, 0.50
2, 1, 4, 17, 25, 0.50
2, 2, 3, 17, 4, 0.50
2, 2, 5, 17, 31, 0.50
2, 3, 6, 17, 37, 0.50
2, 4, 5, 17, 2, 0.50
2, 4, 7, 17, 3, 0.50
2, 5, 6, 17, 7, 0.50
2, 5, 8, 17, 29, 0.50
2, 6, 9, 17, 33, 0.50
2, 7, 8, 17, 18, 0.50
2, 8, 9, 17, 24, 0.50
2, 1, 2, 18, 13, 0.50
2, 1, 4, 18, 43, 0.50
2, 2, 3, 18, 29, 0.50
2, 2, 5, 18, 30, 0.50
2, 3, 6, 18, 42, 0.50
2, 4, 5, 18, 32, 0.50
2, 4, 7, 18, 43, 0.50
2, 5, 6, 18, 7, 0.50
2, 5, 8, 18, 1, 0.50
2, 6, 9, 18, 19, 0.50
2, 7, 8, 18, 31, 0.50
2, 8, 9, 18, 19, 0.50
2, 1, 2, 19, 7, 0.50
2, 1, 4, 19, 24, 0.50
2, 2, 3, 19, 23, 0.50
2, 2, 5, 19, 9, 0.50
2, 3, 6, 19, 8, 0.50
2, 4, 5, 19, 22, 0.50
2, 4, 7, 19, 12, 0.50
2, 5, 6, 19, 7, 0.50
2, 5, 8, 19, 36, 0.50
2, 6, 9, 19, 39, 0.50
2, 7, 8, 19, 18, 0.50
2, 8, 9, 19, 6, 0.50
2, 1, 2, 20, 44, 0.50
2, 1, 4, 20, 4, 0.50
2, 2, 3, 20, 10, 0.50
2, 2, 5, 20, 1, 0.50
2, 3, 6, 20, 19, 0.50
2, 4, 5, 20, 27, 0.50
2, 4, 7, 20, 1, 0.50
2, 5, 6, 20, 18, 0.50
2, 5, 8, 20, 27, 0.50
2, 6, 9, 20, 18, 0.50
2, 7, 8, 20, 3, 0.50
2, 8, 9, 20, 24, 0.50
2, 1, 2, 21, 5, 0.50
2, 1, 4, 21, 36, 0.50
2, 2, 3, 21, 4, 0.50
2, 2, 5, 21, 39, 0.50
2, 3, 6, 21, 6, 0.50
2, 4, 5, 21, 18, 0.50
2, 4, 7, 21, 14, 0.50
2, 5, 6, 21, 16, 0.50
2, 5, 8, 21, 36, 0.50
2, 6, 9, 21, 17, 0.50
2, 7, 8, 21, 32, 0.50
2, 8, 9, 21, 15, 0.50
2, 1, 2, 22, 31, 0.50
2, 1, 4, 22, 32, 0.50
2, 2, 3, 22, 19, 0.50
2, 2, 5, 22, 14, 0.50
2, 3, 6, 22, 9, 0.50
2, 4, 5, 22, 16, 0.50
2, 4, 7, 22, 20, 0.50
2, 5, 6, 22, 29, 0.50
2, 5, 8, 22, 10, 0.50
2, 6, 9, 22, 34, 0.50
2, 7, 8, 22, 30, 0.50
2, 8, 9, 22, 28, 0.50
2, 1, 2, 23, 23, 0.50
2, 1, 4, 23, 18, 0.50
2, 2, 3, 23, 13, 0.50
2, 2, 5, 23, 31, 0.50
2, 3, 6, 23, 36, 0.50
2, 4, 5, 23, 7, 0.50
2, 4, 7, 23, 39, 0.50
2, 5, 6, 23, 17, 0.50
2, 5, 8, 23, 11, 0.50
2, 6, 9, 23, 2, 0.50
2, 7, 8, 23, 40, 0.50
2, 8, 9, 23, 35, 0.50
2, 1, 2, 24, 28, 0.50
2, 1, 4, 24, 5, 0.50
2, 2, 3, 24, 9, 0.50
2, 2, 5, 24, 5, 0.50
2, 3, 6, 24, 10, 0.50
2, 4, 5, 24, 21, 0.50
2, 4, 7, 24, 39, 0.50
2, 5, 6, 24, 36, 0.50
2, 5, 8, 24, 18, 0.50
2, 6, 9, 24, 31, 0.50
2, 7, 8, 24, 30, 0.50
2, 8, 9, 24, 12, 0.50
2, 1, 2, 25, 36, 0.50
2, 1, 4, 25, 34, 0.50
2, 2, 3, 25, 23, 0.50
2, 2, 5, 25, 37, 0.50
2, 3, 6, 25, 26, 0.50
2, 4, 5, 25, 36, 0.50
2, 4, 7, 25, 21, 0.50
2, 5, 6, 25, 14, 0.50
2, 5, 8, 25, 1, 0.50
2, 6, 9, 25, 16, 0.50
2, 7, 8, 25, 7, 0.50
2, 8, 9, 25, 44, 0.50
2, 1, 2, 26, 3, 0.50
2, 1, 4, 26, 9, 0.50
2, 2, 3, 26, 13, 0.50
2, 2, 5, 26, 3, 0.50
2, 3, 6, 26, 30, 0.50
2, 4, 5, 26, 37, 0.50
2, 4, 7, 26, 42, 0.50
2, 5, 6, 26, 34, 0.50
2, 5, 8, 26, 14, 0.50
2, 6, 9, 26, 3, 0.50
2, 7, 8, 26, 13, 0.50
2, 8, 9, 26, 5, 0.50
2, 1, 2, 27, 44, 0.50
2, 1, 4, 27, 1, 0.50
2, 2, 3, 27, 35, 0.50
2, 2, 5, 27, 21, 0.50
2, 3, 6, 27, 25, 0.50
2, 4, 5, 27, 3, 0.50
2, 4, 7, 27, 6, 0.50
2, 5, 6, 27, 43, 0.50
2, 5, 8, 27, 41, 0.50
2, 6, 9, 27, 4, 0.50
2, 7, 8, 27, 10, 0.50
2, 8, 9, 27, 37, 0.50
2, 1, 2, 28, 2, 0.50
2, 1, 4, 28, 17, 0.50
2, 2, 3, 28, 6, 0.50
2, 2, 5, 28, 21, 0.50
2, 3, 6, 28, 34, 0.50
2, 4, 5, 28, 35, 0.50
2, 4, 7, 28, 11, 0.50
2, 5, 6, 28, 20, 0.50
2, 5, 8, 28, 14, 0.50
2, 6, 9, 28, 15, 0.50
2, 7, 8, 28, 25, 0.50
2, 8, 9, 28, 19, 0.50
2, 1, 2, 29, 17, 0.50
2, 1, 4, 29, 31, 0.50
2, 2, 3, 29, 27, 0.50
2, 2, 5, 29, 17, 0.50
2, 3, 6, 29, 23, 0.50
2, 4, 5, 29, 11, 0.50
2, 4, 7, 29, 22, 0.50
2, 5, 6, 29, 42, 0.50
2, 5, 8, 29, 5, 0.50
2, 6, 9, 29, 26, 0.50
2, 7, 8, 29, 18, 0.50
2, 8, 9, 29, 37, 0.50
2, 1, 2, 30, 7, 0.50
2, 1, 4, 30, 36, 0.50
2, 2, 3, 30, 41, 0.50
2, 2, 5, 30, 43, 0.50
2, 3, 6, 30, 29, 0.50
2, 4, 5, 30, 27, 0.50
2, 4, 7, 30, 38, 0.50
2, 5, 6, 30, 39, 0.50
2, 5, 8, 30, 5, 0.50
2, 6, 9, 30, 27, 0.50
2, 7, 8, 30, 12, 0.50
2, 8, 9, 30, 18, 0.50
2, 1, 2, 31, 25, 0.50
2, 1, 4, 31, 26, 0.50
2, 2, 3, 31, 28, 0.50
2, 2, 5, 31, 14, 0.50
2, 3, 6, 31, 33, 0.50
2, 4, 5, 31, 5, 0.50
2, 4, 7, 31, 10, 0.50
2, 5, 6, 31, 41, 0.50
2, 5, 8, 31, 19, 0.50
2, 6, 9, 31, 29, 0.50
2, 7, 8, 31, 15, 0.50
2, 8, 9, 31, 13, 0.50
2, 1, 2, 32, 2, 0.50
2, 1, 4, 32, 43, 0.50
2, 2, 3, 32, 40, 0.50
2, 2, 5, 32, 18, 0.50
2, 3, 6, 32, 36, 0.50
2, 4, 5, 32, 22, 0.50
2, 4, 7, 32, 2, 0.50
2, 5, 6, 32, 30, 0.50
2, 5, 8, 32, 14, 0.50
2, 6, 9, 32, 31, 0.50
2, 7, 8, 32, 19, 0.50
2, 8, 9, 32, 11, 0.50
2, 1, 2, 33, 12, 0.50
2, 1, 4, 33, 33, 0.50
2, 2, 3, 33, 25, 0.50
2, 2, 5, 33, 26, 0.50
2, 3, 6, 33, 10, 0.50
2, 4, 5, 33, 34, 0.50
2, 4, 7, 33, 7, 0.50
2, 5, 6, 33, 4, 0.50
2, 5, 8, 33, 27, 0.50
2, 6, 9, 33, 21, 0.50
2, 7, 8, 33, 8, 0.50
2, 8, 9, 33, 6, 0.50
2, 1, 2, 34, 28, 0.50
2, 1, 4, 34, 29, 0.50
2, 2, 3, 34, 30, 0.50
2, 2, 5, 34, 44, 0.50
2, 3, 6, 34, 20, 0.50
2, 4, 5, 34, 28, 0.50
2, 4, 7, 34, 14, 0.50
2, 5, 6, 34, 28, 0.50
2, 5, 8, 34, 5, 0.50
2, 6, 9, 34, 44, 0.50
2, 7, 8, 34, 2, 0.50
2, 8, 9, 34, 37, 0.50
2, 1, 2, 35, 41, 0.50
2, 1, 4, 35, 33, 0.50
2, 2, 3, 35, 3, 0.50
2, 2, 5, 35, 17, 0.50
2, 3, 6, 35, 3, 0.50
2, 4, 5, 35, 34, 0.50
2, 4, 7, 35, 40, 0.50
2, 5, 6, 35, 9, 0.50
2, 5, 8, 35, 28, 0.50
2, 6, 9, 35, 15, 0.50
2, 7, 8, 35, 15, 0.50
2, 8, 9, 35, 25, 0.50
2, 1, 2, 36, 21, 0.50
2, 1, 4, 36, 38, 0.50
2, 2, 3, 36, 41, 0.50
2, 2, 5, 36, 37, 0.50
2, 3, 6, 36, 32, 0.50
2, 4, 5, 36, 41, 0.50
2, 4, 7, 36, 44, 0.50
2, 5, 6, 36, 7, 0.50
2, 5, 8, 36, 19, 0.50
2, 6, 9, 36, 4, 0.50
2, 7, 8, 36, 31, 0.50
2, 8, 9, 36, 5, 0.50
2, 1, 2, 37, 38, 0.50
2, 1, 4, 37, 35, 0.50
2, 2, 3, 37, 31, 0.50
2, 2, 5, 37, 42, 0.50
2, 3, 6, 37, 13, 0.50
2, 4, 5, 37, 31, 0.50
2, 4, 7, 37, 34, 0.50
2, 5, 6, 37, 6, 0.50
2, 5, 8, 37, 34, 0.50
2, 6, 9, 37, 14, 0.50
2, 7, 8, 37, 39, 0.50
2, 8, 9, 37, 36, 0.50
2, 1, 2, 38, 36, 0.50
2, 1, 4, 38, 35, 0.50
2, 2, 3, 38, 42, 0.50
2, 2, 5, 38, 21, 0.50
2, 3, 6, 38, 17, 0.50
2, 4, 5, 38, 30, 0.50
2, 4, 7, 38, 7, 0.50
2, 5, 6, 38, 10, 0.50
2, 5, 8, 38, 26, 0.50
2, 6, 9, 38, 16, 0.50
2, 7, 8, 38, 18, 0.50
2, 8, 9, 38, 13, 0.50
2, 1, 2, 39, 37, 0.50
2, 1, 4, 39, 5, 0.50
2, 2, 3, 39, 27, 0.50
2, 2, 5, 39, 5, 0.50
2, 3, 6, 39, 36, 0.50
2, 4, 5, 39, 27, 0.50
2, 4, 7, 39, 19, 0.50
2, 5, 6, 39, 3, 0.50
2, 5, 8, 39, 29, 0.50
2, 6, 9, 39, 15, 0.50
2, 7, 8, 39, 8, 0.50
2, 8, 9, 39, 20, 0.50
2, 1, 2, 40, 4, 0.50
2, 1, 4, 40, 2, 0.50
2, 2, 3, 40, 1, 0.50
2, 2, 5, 40, 4, 0.50
2, 3, 6, 40, 7, 0.50
2, 4, 5, 40, 30, 0.50
2, 4, 7, 40, 27, 0.50
2, 5, 6, 40, 35, 0.50
2, 5, 8, 40, 17, 0.50
2, 6, 9, 40, 28, 0.50
2, 7, 8, 40, 20, 0.50
2, 8, 9, 40, 5, 0.50
2, 1, 2, 41, 24, 0.50
2, 1, 4, 41, 14, 0.50
2, 2, 3, 41, 4, 0.50
2, 2, 5, 41, 2, 0.50
2, 3, 6, 41, 35, 0.50
2, 4, 5, 41, 23, 0.50
2, 4, 7, 41, 42, 0.50
2, 5, 6, 41, 3, 0.50
2, 5, 8, 41, 13, 0.50
2, 6, 9, 41, 2, 0.50
2, 7, 8, 41, 31, 0.50
2, 8, 9, 41, 1, 0.50
2, 1, 2, 42, 23, 0.50
2, 1, 4, 42, 10, 0.50
2, 2, 3, 42, 3, 0.50
2, 2, 5, 42, 26, 0.50
2, 3, 6, 42, 5, 0.50
2, 4, 5, 42, 24, 0.50
2, 4, 7, 42, 13, 0.50
2, 5, 6, 42, 23, 0.50
2, 5, 8, 42, 2, 0.50
2, 6, 9, 42, 33, 0.50
2, 7, 8, 42, 18, 0.50
2, 8, 9, 42, 25, 0.50
2, 1, 2, 43, 40, 0.50
2, 1, 4, 43, 19, 0.50
2, 2, 3, 43, 34, 0.50
2, 2, 5, 43, 18, 0.50
2, 3, 6, 43, 2, 0.50
2, 4, 5, 43, 35, 0.50
2, 4, 7, 43, 39, 0.50
2, 5, 6, 43, 43, 0.50
2, 5, 8, 43, 31, 0.50
2, 6, 9, 43, 15, 0.50
2, 7, 8, 43, 15, 0.50
2, 8, 9, 43, 16, 0.50
2, 1, 2, 44, 8, 0.50
2, 1, 4, 44, 5, 0.50
2, 2, 3, 44, 24, 0.50
2, 2, 5, 44, 21, 0.50
2, 3, 6, 44, 26, 0.50
2, 4, 5, 44, 3, 0.50
2, 4, 7, 44, 22, 0.50
2, 5, 6, 44, 9, 0.50
2, 5, 8, 44, 14, 0.50
2, 6, 9, 44, 15, 0.50
2, 7, 8, 44, 3, 0.50
2, 8, 9, 44, 25, 0.50
2, 1, 2, 45, 5, 0.50
2, 1, 4, 45, 21, 0.50
2, 2, 3, 45, 24, 0.50
2, 2, 5, 45, 27, 0.50
2, 3, 6, 45, 42, 0.50
2, 4, 5, 45, 25, 0.50
2, 4, 7, 45, 37, 0.50
2, 5, 6, 45, 5, 0.50
2, 5, 8, 45, 37, 0.50
2, 6, 9, 45, 6, 0.50
2, 7, 8, 45, 30, 0.50
2, 8, 9, 45, 32, 0.50
2, 1, 2, 46, 19, 0.50
2, 1, 4, 46, 16, 0.50
2, 2, 3, 46, 23, 0.50
2, 2, 5, 46, 38, 0.50
2, 3, 6, 46, 37, 0.50
2, 4, 5, 46, 41, 0.50
2, 4, 7, 46, 39, 0.50
2, 5, 6, 46, 28, 0.50
2, 5, 8, 46, 17, 0.50
2, 6, 9, 46, 21, 0.50
2, 7, 8, 46, 16, 0.50
2, 8, 9, 46, 23, 0.50
2, 1, 2, 47, 27, 0.50
2, 1, 4, 47, 15, 0.50
2, 2, 3, 47, 40, 0.50
2, 2, 5, 47, 22, 0.50
2, 3, 6, 47, 24, 0.50
2, 4, 5, 47, 21, 0.50
2, 4, 7, 47, 39, 0.50
2, 5, 6, 47, 41, 0.50
2, 5, 8, 47, 22, 0.50
2, 6, 9, 47, 5, 0.50
2, 7, 8, 47, 10, 0.50
2, 8, 9, 47, 34, 0.50
2, 1, 2, 48, 35, 0.50
2, 1, 4, 48, 4, 0.50
2, 2, 3, 48, 11, 0.50
2, 2, 5, 48, 41, 0.50
2, 3, 6, 48, 12, 0.50
2, 4, 5, 48, 9, 0.50
2, 4, 7, 48, 35, 0.50
2, 5, 6, 48, 20, 0.50
2, 5, 8, 48, 41, 0.50
2, 6, 9, 48, 23, 0.50
2, 7, 8, 48, 20, 0.50
2, 8, 9, 48, 24, 0.50
2, 1, 2, 49, 3, 0.50
2, 1, 4, 49, 31, 0.50
2, 2, 3, 49, 15, 0.50
2, 2, 5, 49, 35, 0.50
2, 3, 6, 49, 26, 0.50
2, 4, 5, 49, 39, 0.50
2, 4, 7, 49, 39, 0.50
2, 5, 6, 49, 34, 0.50
2, 6, 9, 49, 35, 0.50
2, 8, 9, 49, 5, 0.50
2, 1, 2, 50, 3, 0.50
2, 2, 3, 50, 6, 0.50
2, 2, 5, 50, 5, 0.50
2, 3, 6, 50, 21, 0.50
2, 4, 5, 50, 11, 0.50
2, 4, 7, 50, 20, 0.50
2, 5, 6, 50, 11, 0.50
2, 5, 8, 50, 19, 0.50
2, 6, 9, 50, 36, 0.50
2, 7, 8, 50, 21, 0.50
2, 8, 9, 50, 5, 0.50
2, 1, 2, 51, 29, 0.50
2, 1, 4, 51, 27, 0.50
2, 2, 3, 51, 19, 0.50
2, 3, 6, 51, 32, 0.50
2, 4, 5, 51, 32, 0.50
2, 4, 7, 51, 9, 0.50
2, 5, 6, 51, 26, 0.50
2, 5, 8, 51, 13, 0.50
2, 7, 8, 51, 36, 0.50
2, 8, 9, 51, 4, 0.50
2, 1, 2, 52, 37, 0.50
2, 1, 4, 52, 32, 0.50
2, 2, 3, 52, 25, 0.50
2, 2, 5, 52, 10, 0.50
2, 3, 6, 52, 16, 0.50
2, 4, 5, 52, 25, 0.50
2, 4, 7, 52, 20, 0.50
2, 5, 8, 52, 26, 0.50
2, 6, 9, 52, 6, 0.50
2, 7, 8, 52, 14, 0.50
2, 8, 9, 52, 32, 0.50
2, 1, 2, 53, 19, 0.50
2, 1, 4, 53, 16, 0.50
2, 2, 3, 53, 24, 0.50
2, 2, 5, 53, 8, 0.50
2, 4, 5, 53, 36, 0.50
2, 4, 7, 53, 21, 0.50
2, 5, 6, 53, 8, 0.50
2, 5, 8, 53, 4, 0.50
2, 6, 9, 53, 30, 0.50
2, 7, 8, 53, 17, 0.50
2, 8, 9, 53, 26, 0.50
2, 1, 2, 54, 21, 0.50
2, 2, 3, 54, 10, 0.50
2, 2, 5, 54, 25, 0.50
2, 3, 6, 54, 21, 0.50
2, 4, 5, 54, 26, 0.50
2, 4, 7, 54, 24, 0.50
2, 5, 6, 54, 10, 0.50
2, 6, 9, 54, 10, 0.50
2, 7, 8, 54, 7, 0.50
2, 1, 2, 55, 11, 0.50
2, 1, 4, 55, 22, 0.50
2, 2, 3, 55, 16, 0.50
2, 2, 5, 55, 14, 0.50
2, 3, 6, 55, 19, 0.50
2, 4, 5, 55, 28, 0.50
2, 4, 7, 55, 8, 0.50
2, 5, 6, 55, 4, 0.50
2, 5, 8, 55, 20, 0.50
2, 7, 8, 55, 33, 0.50
2, 8, 9, 55, 2, 0.50
2, 1, 2, 56, 33, 0.50
2, 2, 3, 56, 7, 0.50
2, 2, 5, 56, 7, 0.50
2, 3, 6, 56, 11, 0.50
2, 4, 5, 56, 33, 0.50
2, 4, 7, 56, 22, 0.50
2, 5, 8, 56, 28, 0.50
2, 6, 9, 56, 13, 0.50
2, 8, 9, 56, 15, 0.50
2, 1, 2, 57, 16, 0.50
2, 2, 3, 57, 11, 0.50
2, 2, 5, 57, 22, 0.50
2, 3, 6, 57, 14, 0.50
2, 4, 7, 57, 25, 0.50
2, 5, 8, 57, 20, 0.50
2, 6, 9, 57, 4, 0.50
2, 7, 8, 57, 21, 0.50
2, 1, 2, 58, 24, 0.50
2, 1, 4, 58, 10, 0.50
2, 2, 3, 58, 8, 0.50
2, 2, 5, 58, 26, 0.50
2, 3, 6, 58, 28, 0.50
2, 4, 5, 58, 14, 0.50
2, 7, 8, 58, 28, 0.50
2, 8, 9, 58, 22, 0.50
2, 2, 3, 59, 27, 0.50
2, 2, 5, 59, 17, 0.50
2, 3, 6, 59, 16, 0.50
2, 4, 7, 59, 28, 0.50
2, 5, 8, 59, 27, 0.50
2, 7, 8, 59, 24, 0.50
2, 8, 9, 59, 7, 0.50
2, 1, 2, 60, 19, 0.50
2, 1, 4, 60, 28, 0.50
2, 2, 5, 60, 20, 0.50
2, 4, 5, 60, 10, 0.50
2, 4, 7, 60, 29, 0.50
2, 5, 6, 60, 4, 0.50
2, 5, 8, 60, 29, 0.50
2, 6, 9, 60, 5, 0.50
2, 1, 2, 61, 24, 0.50
2, 1, 4, 61, 19, 0.50
2, 2, 3, 61, 11, 0.50
2, 4, 5, 61, 23, 0.50
2, 4, 7, 61, 20, 0.50
2, 5, 8, 61, 4, 0.50
2, 6, 9, 61, 16, 0.50
2, 1, 2, 62, 5, 0.50
2, 2, 3, 62, 10, 0.50
2, 3, 6, 62, 18, 0.50
2, 4, 5, 62, 26, 0.50
2, 4, 7, 62, 10, 0.50
2, 5, 6, 62, 24, 0.50
2, 5, 8, 62, 11, 0.50
2, 6, 9, 62, 15, 0.50
2, 1, 2, 63, 2, 0.50
2, 2, 3, 63, 22, 0.50
2, 4, 5, 63, 6, 0.50
2, 4, 7, 63, 15, 0.50
2, 5, 6, 63, 13, 0.50
2, 5, 8, 63, 5, 0.50
2, 6, 9, 63, 20, 0.50
2, 7, 8, 63, 5, 0.50
2, 1, 2, 64, 2, 0.50
2, 3, 6, 64, 10, 0.50
2, 4, 7, 64, 5, 0.50
2, 5, 6, 64, 8, 0.50
2, 5, 8, 64, 8, 0.50
2, 6, 9, 64, 8, 0.50
2, 7, 8, 64, 7, 0.50
2, 8, 9, 64, 10, 0.50
2, 1, 4, 65, 13, 0.50
2, 2, 5, 65, 21, 0.50
2, 3, 6, 65, 17, 0.50
2, 4, 7, 65, 9, 0.50
2, 6, 9, 65, 15, 0.50
2, 7, 8, 65, 3, 0.50
2, 2, 3, 66, 22, 0.50
2, 2, 5, 66, 12, 0.50
2, 3, 6, 66, 14, 0.50
2, 4, 7, 66, 15, 0.50
2, 5, 6, 66, 16, 0.50
2, 5, 8, 66, 7, 0.50
2, 6, 9, 66, 4, 0.50
2, 7, 8, 66, 5, 0.50
2, 2, 3, 67, 18, 0.50
2, 5, 6, 67, 10, 0.50
2, 5, 8, 67, 11, 0.50
2, 6, 9, 67, 3, 0.50
2, 7, 8, 67, 10, 0.50
2, 1, 4, 68, 14, 0.50
2, 2, 5, 68, 7, 0.50
2, 5, 6, 68, 15, 0.50
2, 5, 8, 68, 8, 0.50
2, 7, 8, 68, 5, 0.50
2, 8, 9, 68, 20, 0.50
2, 1, 2, 69, 5, 0.50
2, 5, 8, 69, 15, 0.50
2, 6, 9, 69, 9, 0.50
2, 7, 8, 69, 3, 0.50
2, 8, 9, 69, 19, 0.50
2, 1, 4, 70, 14, 0.50
2, 2, 3, 70, 6, 0.50
2, 3, 6, 70, 5, 0.50
2, 4, 5, 70, 9, 0.50
2, 4, 7, 70, 10, 0.50
2, 5, 6, 70, 17, 0.50
2, 7, 8, 70, 7, 0.50
2, 8, 9, 70, 6, 0.50
2, 4, 5, 71, 12, 0.50
2, 4, 7, 71, 9, 0.50
2, 6, 9, 71, 1, 0.50
2, 1, 2, 72, 10, 0.50
2, 3, 6, 72, 11, 0.50
2, 4, 5, 72, 12, 0.50
2, 4, 7, 72, 16, 0.50
2, 5, 6, 72, 14, 0.50
2, 3, 6, 73, 10, 0.50
2, 5, 8, 73, 11, 0.50
2, 1, 4, 74, 1, 0.50
2, 2, 3, 74, 10, 0.50
2, 2, 5, 74, 7, 0.50
2, 3, 6, 74, 9, 0.50
2, 6, 9, 74, 11, 0.50
2, 1, 2, 75, 1, 0.50
2, 2, 3, 75, 9, 0.50
2, 4, 7, 75, 8, 0.50
2, 5, 6, 75, 14, 0.50
2, 1, 4, 76, 6, 0.50
2, 2, 3, 76, 8, 0.50
2, 5, 6, 76, 1, 0.50
2, 2, 3, 77, 11, 0.50
2, 5, 8, 77, 5, 0.50
2, 6, 9, 77, 2, 0.50
2, 8, 9, 77, 2, 0.50
2, 1, 2, 78, 2, 0.50
2, 1, 4, 78, 7, 0.50
2, 6, 9, 79, 8, 0.50
2, 7, 8, 79, 2, 0.50
2, 8, 9, 79, 6, 0.50
2, 2, 3, 80, 3, 0.50
2, 5, 8, 80, 2, 0.50
2, 3, 6, 81, 6, 0.50
2, 3, 6, 82, 2, 0.50
2, 5, 6, 82, 5, 0.50
2, 5, 8, 82, 7, 0.50
2, 4, 7, 83, 1, 0.50
2, 6, 9, 83, 6, 0.50
2, 5, 6, 84, 3, 0.50
2, 3, 6, 85, 2, 0.50
2, 5, 6, 85, 1, 0.50
2, 5, 8, 87, 1, 0.50
