k, i, j, t, w, pr
1, 1, 2, 0, 18, 0.50
1, 1, 4, 0, 37, 0.50
1, 2, 3, 0, 20, 0.50
1, 2, 5, 0, 1, 0.50
1, 3, 6, 0, 3, 0.50
1, 4, 5, 0, 17, 0.50
1, 4, 7, 0, 31, 0.50
1, 5, 6, 0, 20, 0.50
1, 5, 8, 0, 28, 0.50
1, 6, 9, 0, 43, 0.50
1, 7, 8, 0, 29, 0.50
1, 8, 9, 0, 40, 0.50
1, 1, 2, 1, 32, 0.50
1, 1, 4, 1, 42, 0.50
1, 2, 3, 1, 40, 0.50
1, 2, 5, 1, 22, 0.50
1, 3, 6, 1, 3, 0.50
1, 4, 5, 1, 33, 0.50
1, 4, 7, 1, 13, 0.50
1, 5, 6, 1, 37, 0.50
1, 5, 8, 1, 20, 0.50
1, 6, 9, 1, 24, 0.50
1, 7, 8, 1, 43, 0.50
1, 8, 9, 1, 26, 0.50
1, 1, 2, 2, 36, 0.50
1, 1, 4, 2, 40, 0.50
1, 2, 3, 2, 32, 0.50
1, 2, 5, 2, 26, 0.50
1, 3, 6, 2, 29, 0.50
1, 4, 5, 2, 12, 0.50
1, 4, 7, 2, 9, 0.50
1, 5, 6, 2, 41, 0.50
1, 5, 8, 2, 2, 0.50
1, 6, 9, 2, 25, 0.50
1, 7, 8, 2, 18, 0.50
1, 8, 9, 2, 41, 0.50
1, 1, 2, 3, 30, 0.50
1, 1, 4, 3, 14, 0.50
1, 2, 3, 3, 13, 0.50
1, 2, 5, 3, 12, 0.50
1, 3, 6, 3, 16, 0.50
1, 4, 5, 3, 17, 0.50
1, 4, 7, 3, 31, 0.50
1, 5, 6, 3, 35, 0.50
1, 5, 8, 3, 40, 0.50
1, 6, 9, 3, 42, 0.50
1, 7, 8, 3, 16, 0.50
1, 8, 9, 3, 14, 0.50
1, 1, 2, 4, 44, 0.50
1, 1, 4, 4, 32, 0.50
1, 2, 3, 4, 7, 0.50
1, 2, 5, 4, 10, 0.50
1, 3, 6, 4, 7, 0.50
1, 4, 5, 4, 38, 0.50
1, 4, 7, 4, 11, 0.50
1, 5, 6, 4, 7, 0.50
1, 5, 8, 4, 16, 0.50
1, 6, 9, 4, 27, 0.50
1, 7, 8, 4, 35, 0.50
1, 8, 9, 4, 33, 0.50
1, 1, 2, 5, 6, 0.50
1, 1, 4, 5, 30, 0.50
1, 2, 3, 5, 30, 0.50
1, 2, 5, 5, 30, 0.50
1, 3, 6, 5, 31, 0.50
1, 4, 5, 5, 11, 0.50
1, 4, 7, 5, 11, 0.50
1, 5, 6, 5, 38, 0.50
1, 5, 8, 5, 38, 0.50
1, 6, 9, 5, 33, 0.50
1, 7, 8, 5, 16, 0.50
1, 8, 9, 5, 18, 0.50
1, 1, 2, 6, 34, 0.50
1, 1, 4, 6, 2, 0.50
1, 2, 3, 6, 12, 0.50
1, 2, 5, 6, 39, 0.50
1, 3, 6, 6, 8, 0.50
1, 4, 5, 6, 4, 0.50
1, 4, 7, 6, 20, 0.50
1, 5, 6, 6, 28, 0.50
1, 5, 8, 6, 23, 0.50
1, 6, 9, 6, 40, 0.50
1, 7, 8, 6, 2, 0.50
1, 8, 9, 6, 9, 0.50
1, 1, 2, 7, 43, 0.50
1, 1, 4, 7, 39, 0.50
1, 2, 3, 7, 43, 0.50
1, 2, 5, 7, 19, 0.50
1, 3, 6, 7, 37, 0.50
1, 4, 5, 7, 39, 0.50
1, 4, 7, 7, 19, 0.50
1, 5, 6, 7, 22, 0.50
1, 5, 8, 7, 37, 0.50
1, 6, 9, 7, 10, 0.50
1, 7, 8, 7, 24, 0.50
1, 8, 9, 7, 5, 0.50
1, 1, 2, 8, 9, 0.50
1, 1, 4, 8, 7, 0.50
1, 2, 3, 8, 25, 0.50
1, 2, 5, 8, 6, 0.50
1, 3, 6, 8, 38, 0.50
1, 4, 5, 8, 39, 0.50
1, 4, 7, 8, 6, 0.50
1, 5, 6, 8, 42, 0.50
1, 5, 8, 8, 13, 0.50
1, 6, 9, 8, 3, 0.50
1, 7, 8, 8, 15, 0.50
1, 8, 9, 8, 24, 0.50
1, 1, 2, 9, 28, 0.50
1, 1, 4, 9, 6, 0.50
1, 2, 3, 9, 5, 0.50
1, 2, 5, 9, 23, 0.50
1, 3, 6, 9, 34, 0.50
1, 4, 5, 9, 16, 0.50
1, 4, 7, 9, 29, 0.50
1, 5, 6, 9, 29, 0.50
1, 5, 8, 9, 12, 0.50
1, 6, 9, 9, 5, 0.50
1, 7, 8, 9, 27, 0.50
1, 8, 9, 9, 31, 0.50
1, 1, 2, 10, 23, 0.50
1, 1, 4, 10, 38, 0.50
1, 2, 3, 10, 44, 0.50
1, 2, 5, 10, 4, 0.50
1, 3, 6, 10, 23, 0.50
1, 4, 5, 10, 7, 0.50
1, 4, 7, 10, 38, 0.50
1, 5, 6, 10, 5, 0.50
1, 5, 8, 10, 17, 0.50
1, 6, 9, 10, 2, 0.50
1, 7, 8, 10, 27, 0.50
1, 8, 9, 10, 19, 0.50
1, 1, 2, 11, 32, 0.50
1, 1, 4, 11, 17, 0.50
1, 2, 3, 11, 36, 0.50
1, 2, 5, 11, 28, 0.50
1, 3, 6, 11, 21, 0.50
1, 4, 5, 11, 3, 0.50
1, 4, 7, 11, 37, 0.50
1, 5, 6, 11, 4, 0.50
1, 5, 8, 11, 4, 0.50
1, 6, 9, 11, 30, 0.50
1, 7, 8, 11, 16, 0.50
1, 8, 9, 11, 21, 0.50
1, 1, 2, 12, 32, 0.50
1, 1, 4, 12, 4, 0.50
1, 2, 3, 12, 17, 0.50
1, 2, 5, 12, 4, 0.50
1, 3, 6, 12, 39, 0.50
1, 4, 5, 12, 40, 0.50
1, 4, 7, 12, 41, 0.50
1, 5, 6, 12, 9, 0.50
1, 5, 8, 12, 16, 0.50
1, 6, 9, 12, 19, 0.50
1, 7, 8, 12, 25, 0.50
1, 8, 9, 12, 23, 0.50
1, 1, 2, 13, 28, 0.50
1, 1, 4, 13, 12, 0.50
1, 2, 3, 13, 14, 0.50
1, 2, 5, 13, 38, 0.50
1, 3, 6, 13, 7, 0.50
1, 4, 5, 13, 1, 0.50
1, 4, 7, 13, 31, 0.50
1, 5, 6, 13, 16, 0.50
1, 5, 8, 13, 43, 0.50
1, 6, 9, 13, 22, 0.50
1, 7, 8, 13, 33, 0.50
1, 8, 9, 13, 18, 0.50
1, 1, 2, 14, 36, 0.50
1, 1, 4, 14, 18, 0.50
1, 2, 3, 14, 2, 0.50
1, 2, 5, 14, 38, 0.50
1, 3, 6, 14, 29, 0.50
1, 4, 5, 14, 32, 0.50
1, 4, 7, 14, 36, 0.50
1, 5, 6, 14, 8, 0.50
1, 5, 8, 14, 37, 0.50
1, 6, 9, 14, 21, 0.50
1, 7, 8, 14, 33, 0.50
1, 8, 9, 14, 31, 0.50
1, 1, 2, 15, 41, 0.50
1, 1, 4, 15, 35, 0.50
1, 2, 3, 15, 42, 0.50
1, 2, 5, 15, 39, 0.50
1, 3, 6, 15, 40, 0.50
1, 4, 5, 15, 4, 0.50
1, 4, 7, 15, 32, 0.50
1, 5, 6, 15, 38, 0.50
1, 5, 8, 15, 6, 0.50
1, 6, 9, 15, 23, 0.50
1, 7, 8, 15, 44, 0.50
1, 8, 9, 15, 24, 0.50
1, 1, 2, 16, 10, 0.50
1, 1, 4, 16, 21, 0.50
1, 2, 3, 16, 37, 0.50
1, 2, 5, 16, 4, 0.50
1, 3, 6, 16, 21, 0.50
1, 4, 5, 16, 8, 0.50
1, 4, 7, 16, 8, 0.50
1, 5, 6, 16, 42, 0.50
1, 5, 8, 16, 44, 0.50
1, 6, 9, 16, 12, 0.50
1, 7, 8, 16, 18, 0.50
1, 8, 9, 16, 35, 0.50
1, 1, 2, 17, 6, 0.50
1, 1, 4, 17, 35, 0.50
1, 2, 3, 17, 34, 0.50
1, 2, 5, 17, 35, 0.50
1, 3, 6, 17, 39, 0.50
1, 4, 5, 17, 20, 0.50
1, 4, 7, 17, 21, 0.50
1, 5, 6, 17, 9, 0.50
1, 5, 8, 17, 10, 0.50
1, 6, 9, 17, 12, 0.50
1, 7, 8, 17, 2, 0.50
1, 8, 9, 17, 44, 0.50
1, 1, 2, 18, 31, 0.50
1, 1, 4, 18, 6, 0.50
1, 2, 3, 18, 19, 0.50
1, 2, 5, 18, 33, 0.50
1, 3, 6, 18, 43, 0.50
1, 4, 5, 18, 11, 0.50
1, 4, 7, 18, 11, 0.50
1, 5, 6, 18, 10, 0.50
1, 5, 8, 18, 26, 0.50
1, 6, 9, 18, 18, 0.50
1, 7, 8, 18, 13, 0.50
1, 8, 9, 18, 30, 0.50
1, 1, 2, 19, 17, 0.50
1, 1, 4, 19, 38, 0.50
1, 2, 3, 19, 15, 0.50
1, 2, 5, 19, 26, 0.50
1, 3, 6, 19, 39, 0.50
1, 4, 5, 19, 14, 0.50
1, 4, 7, 19, 26, 0.50
1, 5, 6, 19, 8, 0.50
1, 5, 8, 19, 43, 0.50
1, 6, 9, 19, 44, 0.50
1, 7, 8, 19, 18, 0.50
1, 8, 9, 19, 18, 0.50
1, 1, 2, 20, 13, 0.50
1, 1, 4, 20, 21, 0.50
1, 2, 3, 20, 3, 0.50
1, 2, 5, 20, 13, 0.50
1, 3, 6, 20, 43, 0.50
1, 4, 5, 20, 32, 0.50
1, 4, 7, 20, 12, 0.50
1, 5, 6, 20, 20, 0.50
1, 5, 8, 20, 22, 0.50
1, 6, 9, 20, 4, 0.50
1, 7, 8, 20, 23, 0.50
1, 8, 9, 20, 10, 0.50
1, 1, 2, 21, 3, 0.50
1, 1, 4, 21, 16, 0.50
1, 2, 3, 21, 37, 0.50
1, 2, 5, 21, 25, 0.50
1, 3, 6, 21, 9, 0.50
1, 4, 5, 21, 7, 0.50
1, 4, 7, 21, 4, 0.50
1, 5, 6, 21, 10, 0.50
1, 5, 8, 21, 33, 0.50
1, 6, 9, 21, 38, 0.50
1, 7, 8, 21, 30, 0.50
1, 8, 9, 21, 24, 0.50
1, 1, 2, 22, 16, 0.50
1, 1, 4, 22, 35, 0.50
1, 2, 3, 22, 29, 0.50
1, 2, 5, 22, 28, 0.50
1, 3, 6, 22, 30, 0.50
1, 4, 5, 22, 4, 0.50
1, 4, 7, 22, 16, 0.50
1, 5, 6, 22, 41, 0.50
1, 5, 8, 22, 19, 0.50
1, 6, 9, 22, 34, 0.50
1, 7, 8, 22, 14, 0.50
1, 8, 9, 22, 30, 0.50
1, 1, 2, 23, 17, 0.50
1, 1, 4, 23, 17, 0.50
1, 2, 3, 23, 36, 0.50
1, 2, 5, 23, 24, 0.50
1, 3, 6, 23, 17, 0.50
1, 4, 5, 23, 37, 0.50
1, 4, 7, 23, 21, 0.50
1, 5, 6, 23, 26, 0.50
1, 5, 8, 23, 25, 0.50
1, 6, 9, 23, 12, 0.50
1, 7, 8, 23, 11, 0.50
1, 8, 9, 23, 4, 0.50
1, 1, 2, 24, 10, 0.50
1, 1, 4, 24, 7, 0.50
1, 2, 3, 24, 24, 0.50
1, 2, 5, 24, 22, 0.50
1, 3, 6, 24, 3, 0.50
1, 4, 5, 24, 13, 0.50
1, 4, 7, 24, 36, 0.50
1, 5, 6, 24, 44, 0.50
1, 5, 8, 24, 34, 0.50
1, 6, 9, 24, 16, 0.50
1, 7, 8, 24, 24, 0.50
1, 8, 9, 24, 13, 0.50
1, 1, 2, 25, 12, 0.50
1, 1, 4, 25, 8, 0.50
1, 2, 3, 25, 21, 0.50
1, 2, 5, 25, 20, 0.50
1, 3, 6, 25, 9, 0.50
1, 4, 5, 25, 17, 0.50
1, 4, 7, 25, 11, 0.50
1, 5, 6, 25, 4, 0.50
1, 5, 8, 25, 7, 0.50
1, 6, 9, 25, 29, 0.50
1, 7, 8, 25, 34, 0.50
1, 8, 9, 25, 6, 0.50
1, 1, 2, 26, 26, 0.50
1, 1, 4, 26, 30, 0.50
1, 2, 3, 26, 28, 0.50
1, 2, 5, 26, 13, 0.50
1, 3, 6, 26, 14, 0.50
1, 4, 5, 26, 6, 0.50
1, 4, 7, 26, 35, 0.50
1, 5, 6, 26, 6, 0.50
1, 5, 8, 26, 38, 0.50
1, 6, 9, 26, 19, 0.50
1, 7, 8, 26, 10, 0.50
1, 8, 9, 26, 19, 0.50
1, 1, 2, 27, 27, 0.50
1, 1, 4, 27, 17, 0.50
1, 2, 3, 27, 28, 0.50
1, 2, 5, 27, 32, 0.50
1, 3, 6, 27, 37, 0.50
1, 4, 5, 27, 32, 0.50
1, 4, 7, 27, 27, 0.50
1, 5, 6, 27, 11, 0.50
1, 5, 8, 27, 8, 0.50
1, 6, 9, 27, 13, 0.50
1, 7, 8, 27, 37, 0.50
1, 8, 9, 27, 24, 0.50
1, 1, 2, 28, 11, 0.50
1, 1, 4, 28, 28, 0.50
1, 2, 3, 28, 14, 0.50
1, 2, 5, 28, 29, 0.50
1, 3, 6, 28, 29, 0.50
1, 4, 5, 28, 10, 0.50
1, 4, 7, 28, 17, 0.50
1, 5, 6, 28, 43, 0.50
1, 5, 8, 28, 6, 0.50
1, 6, 9, 28, 25, 0.50
1, 7, 8, 28, 37, 0.50
1, 8, 9, 28, 25, 0.50
1, 1, 2, 29, 35, 0.50
1, 1, 4, 29, 36, 0.50
1, 2, 3, 29, 26, 0.50
1, 2, 5, 29, 32, 0.50
1, 3, 6, 29, 14, 0.50
1, 4, 5, 29, 24, 0.50
1, 4, 7, 29, 16, 0.50
1, 5, 6, 29, 29, 0.50
1, 5, 8, 29, 24, 0.50
1, 6, 9, 29, 26, 0.50
1, 7, 8, 29, 43, 0.50
1, 8, 9, 29, 17, 0.50
1, 1, 2, 30, 9, 0.50
1, 1, 4, 30, 5, 0.50
1, 2, 3, 30, 30, 0.50
1, 2, 5, 30, 1, 0.50
1, 3, 6, 30, 43, 0.50
1, 4, 5, 30, 30, 0.50
1, 4, 7, 30, 10, 0.50
1, 5, 6, 30, 28, 0.50
1, 5, 8, 30, 9, 0.50
1, 6, 9, 30, 34, 0.50
1, 7, 8, 30, 32, 0.50
1, 8, 9, 30, 19, 0.50
1, 1, 2, 31, 28, 0.50
1, 1, 4, 31, 13, 0.50
1, 2, 3, 31, 11, 0.50
1, 2, 5, 31, 25, 0.50
1, 3, 6, 31, 1, 0.50
1, 4, 5, 31, 21, 0.50
1, 4, 7, 31, 25, 0.50
1, 5, 6, 31, 41, 0.50
1, 5, 8, 31, 33, 0.50
1, 6, 9, 31, 6, 0.50
1, 7, 8, 31, 35, 0.50
1, 8, 9, 31, 9, 0.50
1, 1, 2, 32, 6, 0.50
1, 1, 4, 32, 35, 0.50
1, 2, 3, 32, 16, 0.50
1, 2, 5, 32, 20, 0.50
1, 3, 6, 32, 33, 0.50
1, 4, 5, 32, 8, 0.50
1, 4, 7, 32, 41, 0.50
1, 5, 6, 32, 26, 0.50
1, 5, 8, 32, 11, 0.50
1, 6, 9, 32, 40, 0.50
1, 7, 8, 32, 44, 0.50
1, 8, 9, 32, 7, 0.50
1, 1, 2, 33, 23, 0.50
1, 1, 4, 33, 14, 0.50
1, 2, 3, 33, 35, 0.50
1, 2, 5, 33, 21, 0.50
1, 3, 6, 33, 33, 0.50
1, 4, 5, 33, 7, 0.50
1, 4, 7, 33, 33, 0.50
1, 5, 6, 33, 25, 0.50
1, 5, 8, 33, 19, 0.50
1, 6, 9, 33, 30, 0.50
1, 7, 8, 33, 18, 0.50
1, 8, 9, 33, 19, 0.50
1, 1, 2, 34, 42, 0.50
1, 1, 4, 34, 9, 0.50
1, 2, 3, 34, 26, 0.50
1, 2, 5, 34, 41, 0.50
1, 3, 6, 34, 13, 0.50
1, 4, 5, 34, 36, 0.50
1, 4, 7, 34, 7, 0.50
1, 5, 6, 34, 43, 0.50
1, 5, 8, 34, 26, 0.50
1, 6, 9, 34, 4, 0.50
1, 7, 8, 34, 11, 0.50
1, 8, 9, 34, 8, 0.50
1, 1, 2, 35, 41, 0.50
1, 1, 4, 35, 30, 0.50
1, 2, 3, 35, 21, 0.50
1, 2, 5, 35, 18, 0.50
1, 3, 6, 35, 43, 0.50
1, 4, 5, 35, 6, 0.50
1, 4, 7, 35, 35, 0.50
1, 5, 6, 35, 4, 0.50
1, 5, 8, 35, 38, 0.50
1, 6, 9, 35, 31, 0.50
1, 7, 8, 35, 3, 0.50
1, 8, 9, 35, 18, 0.50
1, 1, 2, 36, 28, 0.50
1, 1, 4, 36, 16, 0.50
1, 2, 3, 36, 28, 0.50
1, 2, 5, 36, 26, 0.50
1, 3, 6, 36, 31, 0.50
1, 4, 5, 36, 20, 0.50
1, 4, 7, 36, 21, 0.50
1, 5, 6, 36, 12, 0.50
1, 5, 8, 36, 6, 0.50
1, 6, 9, 36, 41, 0.50
1, 7, 8, 36, 8, 0.50
1, 8, 9, 36, 8, 0.50
1, 1, 2, 37, 29, 0.50
1, 1, 4, 37, 42, 0.50
1, 2, 3, 37, 32, 0.50
1, 2, 5, 37, 8, 0.50
1, 3, 6, 37, 27, 0.50
1, 4, 5, 37, 27, 0.50
1, 4, 7, 37, 38, 0.50
1, 5, 6, 37, 22, 0.50
1, 5, 8, 37, 39, 0.50
1, 6, 9, 37, 26, 0.50
1, 7, 8, 37, 11, 0.50
1, 8, 9, 37, 26, 0.50
1, 1, 2, 38, 25, 0.50
1, 1, 4, 38, 16, 0.50
1, 2, 3, 38, 6, 0.50
1, 2, 5, 38, 3, 0.50
1, 3, 6, 38, 24, 0.50
1, 4, 5, 38, 41, 0.50
1, 4, 7, 38, 32, 0.50
1, 5, 6, 38, 15, 0.50
1, 5, 8, 38, 7, 0.50
1, 6, 9, 38, 10, 0.50
1, 7, 8, 38, 42, 0.50
1, 8, 9, 38, 19, 0.50
1, 1, 2, 39, 30, 0.50
1, 1, 4, 39, 10, 0.50
1, 2, 3, 39, 9, 0.50
1, 2, 5, 39, 41, 0.50
1, 3, 6, 39, 21, 0.50
1, 4, 5, 39, 25, 0.50
1, 4, 7, 39, 15, 0.50
1, 5, 6, 39, 6, 0.50
1, 5, 8, 39, 1, 0.50
1, 6, 9, 39, 7, 0.50
1, 7, 8, 39, 34, 0.50
1, 8, 9, 39, 37, 0.50
1, 1, 2, 40, 14, 0.50
1, 1, 4, 40, 25, 0.50
1, 2, 3, 40, 25, 0.50
1, 2, 5, 40, 14, 0.50
1, 3, 6, 40, 30, 0.50
1, 4, 5, 40, 37, 0.50
1, 4, 7, 40, 17, 0.50
1, 5, 6, 40, 20, 0.50
1, 5, 8, 40, 4, 0.50
1, 6, 9, 40, 40, 0.50
1, 7, 8, 40, 5, 0.50
1, 8, 9, 40, 35, 0.50
1, 1, 2, 41, 19, 0.50
1, 1, 4, 41, 39, 0.50
1, 2, 3, 41, 33, 0.50
1, 2, 5, 41, 44, 0.50
1, 3, 6, 41, 40, 0.50
1, 4, 5, 41, 10, 0.50
1, 4, 7, 41, 11, 0.50
1, 5, 6, 41, 11, 0.50
1, 5, 8, 41, 17, 0.50
1, 6, 9, 41, 12, 0.50
1, 7, 8, 41, 1, 0.50
1, 8, 9, 41, 28, 0.50
1, 1, 2, 42, 37, 0.50
1, 1, 4, 42, 3, 0.50
1, 2, 3, 42, 7, 0.50
1, 2, 5, 42, 31, 0.50
1, 3, 6, 42, 33, 0.50
1, 4, 5, 42, 17, 0.50
1, 4, 7, 42, 34, 0.50
1, 5, 6, 42, 41, 0.50
1, 5, 8, 42, 30, 0.50
1, 6, 9, 42, 27, 0.50
1, 7, 8, 42, 43, 0.50
1, 8, 9, 42, 36, 0.50
1, 1, 2, 43, 41, 0.50
1, 1, 4, 43, 15, 0.50
1, 2, 3, 43, 31, 0.50
1, 2, 5, 43, 24, 0.50
1, 3, 6, 43, 37, 0.50
1, 4, 5, 43, 7, 0.50
1, 4, 7, 43, 30, 0.50
1, 5, 6, 43, 3, 0.50
1, 5, 8, 43, 24, 0.50
1, 6, 9, 43, 24, 0.50
1, 7, 8, 43, 11, 0.50
1, 8, 9, 43, 24, 0.50
1, 1, 2, 44, 26, 0.50
1, 1, 4, 44, 1, 0.50
1, 2, 3, 44, 2, 0.50
1, 2, 5, 44, 2, 0.50
1, 3, 6, 44, 24, 0.50
1, 4, 5, 44, 15, 0.50
1, 4, 7, 44, 41, 0.50
1, 5, 6, 44, 19, 0.50
1, 5, 8, 44, 38, 0.50
1, 6, 9, 44, 30, 0.50
1, 7, 8, 44, 41, 0.50
1, 8, 9, 44, 8, 0.50
1, 1, 2, 45, 11, 0.50
1, 1, 4, 45, 9, 0.50
1, 2, 3, 45, 4, 0.50
1, 2, 5, 45, 27, 0.50
1, 3, 6, 45, 41, 0.50
1, 4, 5, 45, 32, 0.50
1, 4, 7, 45, 22, 0.50
1, 5, 6, 45, 5, 0.50
1, 5, 8, 45, 39, 0.50
1, 6, 9, 45, 15, 0.50
1, 7, 8, 45, 14, 0.50
1, 8, 9, 45, 15, 0.50
1, 1, 2, 46, 1, 0.50
1, 1, 4, 46, 33, 0.50
1, 2, 3, 46, 21, 0.50
1, 2, 5, 46, 22, 0.50
1, 3, 6, 46, 30, 0.50
1, 4, 5, 46, 19, 0.50
1, 4, 7, 46, 39, 0.50
1, 5, 6, 46, 2, 0.50
1, 5, 8, 46, 37, 0.50
1, 6, 9, 46, 18, 0.50
1, 7, 8, 46, 2, 0.50
1, 8, 9, 46, 39, 0.50
1, 1, 2, 47, 23, 0.50
1, 1, 4, 47, 40, 0.50
1, 2, 5, 47, 38, 0.50
1, 3, 6, 47, 40, 0.50
1, 4, 5, 47, 19, 0.50
1, 4, 7, 47, 11, 0.50
1, 5, 6, 47, 25, 0.50
1, 5, 8, 47, 28, 0.50
1, 6, 9, 47, 35, 0.50
1, 7, 8, 47, 4, 0.50
1, 8, 9, 47, 32, 0.50
1, 1, 2, 48, 5, 0.50
1, 1, 4, 48, 30, 0.50
1, 2, 3, 48, 7, 0.50
1, 2, 5, 48, 7, 0.50
1, 3, 6, 48, 38, 0.50
1, 4, 5, 48, 5, 0.50
1, 4, 7, 48, 5, 0.50
1, 5, 6, 48, 15, 0.50
1, 5, 8, 48, 39, 0.50
1, 6, 9, 48, 41, 0.50
1, 7, 8, 48, 34, 0.50
1, 8, 9, 48, 13, 0.50
1, 1, 2, 49, 2, 0.50
1, 1, 4, 49, 37, 0.50
1, 2, 5, 49, 25, 0.50
1, 3, 6, 49, 10, 0.50
1, 4, 5, 49, 17, 0.50
1, 4, 7, 49, 35, 0.50
1, 5, 6, 49, 36, 0.50
1, 5, 8, 49, 35, 0.50
1, 6, 9, 49, 10, 0.50
1, 7, 8, 49, 22, 0.50
1, 8, 9, 49, 33, 0.50
1, 1, 2, 50, 38, 0.50
1, 2, 3, 50, 16, 0.50
1, 2, 5, 50, 14, 0.50
1, 3, 6, 50, 2, 0.50
1, 4, 5, 50, 23, 0.50
1, 4, 7, 50, 33, 0.50
1, 5, 6, 50, 22, 0.50
1, 5, 8, 50, 24, 0.50
1, 6, 9, 50, 36, 0.50
1, 7, 8, 50, 36, 0.50
1, 8, 9, 50, 26, 0.50
1, 1, 2, 51, 6, 0.50
1, 2, 3, 51, 12, 0.50
1, 2, 5, 51, 27, 0.50
1, 3, 6, 51, 13, 0.50
1, 4, 5, 51, 35, 0.50
1, 4, 7, 51, 8, 0.50
1, 5, 6, 51, 5, 0.50
1, 5, 8, 51, 28, 0.50
1, 7, 8, 51, 22, 0.50
1, 8, 9, 51, 19, 0.50
1, 1, 2, 52, 31, 0.50
1, 1, 4, 52, 6, 0.50
1, 2, 3, 52, 31, 0.50
1, 2, 5, 52, 20, 0.50
1, 3, 6, 52, 16, 0.50
1, 4, 5, 52, 4, 0.50
1, 4, 7, 52, 16, 0.50
1, 5, 6, 52, 15, 0.50
1, 5, 8, 52, 31, 0.50
1, 6, 9, 52, 31, 0.50
1, 7, 8, 52, 17, 0.50
1, 8, 9, 52, 30, 0.50
1, 1, 2, 53, 8, 0.50
1, 1, 4, 53, 6, 0.50
1, 2, 3, 53, 17, 0.50
1, 2, 5, 53, 19, 0.50
1, 3, 6, 53, 7, 0.50
1, 4, 5, 53, 2, 0.50
1, 4, 7, 53, 33, 0.50
1, 5, 6, 53, 36, 0.50
1, 5, 8, 53, 8, 0.50
1, 6, 9, 53, 17, 0.50
1, 7, 8, 53, 35, 0.50
1, 8, 9, 53, 3, 0.50
1, 1, 2, 54, 31, 0.50
1, 2, 3, 54, 12, 0.50
1, 3, 6, 54, 19, 0.50
1, 4, 5, 54, 12, 0.50
1, 4, 7, 54, 9, 0.50
1, 5, 6, 54, 33, 0.50
1, 5, 8, 54, 13, 0.50
1, 6, 9, 54, 1, 0.50
1, 7, 8, 54, 13, 0.50
1, 8, 9, 54, 29, 0.50
1, 1, 4, 55, 30, 0.50
1, 2, 5, 55, 25, 0.50
1, 3, 6, 55, 28, 0.50
1, 4, 5, 55, 7, 0.50
1, 5, 6, 55, 10, 0.50
1, 6, 9, 55, 11, 0.50
1, 7, 8, 55, 29, 0.50
1, 1, 2, 56, 24, 0.50
1, 1, 4, 56, 6, 0.50
1, 2, 5, 56, 19, 0.50
1, 3, 6, 56, 6, 0.50
1, 4, 5, 56, 24, 0.50
1, 4, 7, 56, 9, 0.50
1, 5, 8, 56, 23, 0.50
1, 6, 9, 56, 4, 0.50
1, 7, 8, 56, 4, 0.50
1, 8, 9, 56, 5, 0.50
1, 1, 2, 57, 13, 0.50
1, 2, 3, 57, 7, 0.50
1, 2, 5, 57, 29, 0.50
1, 3, 6, 57, 11, 0.50
1, 4, 5, 57, 5, 0.50
1, 4, 7, 57, 30, 0.50
1, 5, 6, 57, 31, 0.50
1, 5, 8, 57, 17, 0.50
1, 6, 9, 57, 8, 0.50
1, 7, 8, 57, 15, 0.50
1, 8, 9, 57, 16, 0.50
1, 1, 2, 58, 21, 0.50
1, 1, 4, 58, 19, 0.50
1, 2, 3, 58, 25, 0.50
1, 2, 5, 58, 1, 0.50
1, 3, 6, 58, 10, 0.50
1, 4, 5, 58, 20, 0.50
1, 4, 7, 58, 14, 0.50
1, 5, 8, 58, 22, 0.50
1, 6, 9, 58, 7, 0.50
1, 7, 8, 58, 26, 0.50
1, 1, 2, 59, 3, 0.50
1, 1, 4, 59, 26, 0.50
1, 2, 3, 59, 2, 0.50
1, 2, 5, 59, 17, 0.50
1, 3, 6, 59, 6, 0.50
1, 4, 5, 59, 21, 0.50
1, 4, 7, 59, 5, 0.50
1, 5, 6, 59, 25, 0.50
1, 5, 8, 59, 29, 0.50
1, 7, 8, 59, 13, 0.50
1, 8, 9, 59, 4, 0.50
1, 1, 2, 60, 23, 0.50
1, 2, 5, 60, 29, 0.50
1, 3, 6, 60, 26, 0.50
1, 4, 5, 60, 9, 0.50
1, 5, 6, 60, 5, 0.50
1, 7, 8, 60, 25, 0.50
1, 8, 9, 60, 19, 0.50
1, 1, 2, 61, 7, 0.50
1, 1, 4, 61, 28, 0.50
1, 2, 3, 61, 2, 0.50
1, 3, 6, 61, 21, 0.50
1, 4, 5, 61, 16, 0.50
1, 5, 6, 61, 22, 0.50
1, 5, 8, 61, 10, 0.50
1, 6, 9, 61, 23, 0.50
1, 7, 8, 61, 9, 0.50
1, 8, 9, 61, 26, 0.50
1, 1, 4, 62, 23, 0.50
1, 4, 5, 62, 27, 0.50
1, 4, 7, 62, 18, 0.50
1, 5, 8, 62, 21, 0.50
1, 6, 9, 62, 13, 0.50
1, 1, 2, 63, 11, 0.50
1, 1, 4, 63, 24, 0.50
1, 2, 5, 63, 23, 0.50
1, 3, 6, 63, 15, 0.50
1, 4, 7, 63, 26, 0.50
1, 5, 6, 63, 2, 0.50
1, 6, 9, 63, 21, 0.50
1, 1, 2, 64, 17, 0.50
1, 1, 4, 64, 16, 0.50
1, 2, 3, 64, 4, 0.50
1, 2, 5, 64, 22, 0.50
1, 3, 6, 64, 14, 0.50
1, 4, 7, 64, 7, 0.50
1, 5, 6, 64, 4, 0.50
1, 5, 8, 64, 14, 0.50
1, 1, 2, 65, 4, 0.50
1, 1, 4, 65, 11, 0.50
1, 2, 5, 65, 8, 0.50
1, 3, 6, 65, 14, 0.50
1, 4, 7, 65, 16, 0.50
1, 5, 8, 65, 19, 0.50
1, 6, 9, 65, 18, 0.50
1, 2, 3, 66, 23, 0.50
1, 3, 6, 66, 17, 0.50
1, 6, 9, 66, 10, 0.50
1, 7, 8, 66, 4, 0.50
1, 8, 9, 66, 21, 0.50
1, 1, 2, 67, 3, 0.50
1, 2, 3, 67, 6, 0.50
1, 6, 9, 67, 19, 0.50
1, 2, 3, 68, 18, 0.50
1, 2, 5, 68, 18, 0.50
1, 4, 5, 68, 11, 0.50
1, 5, 8, 68, 10, 0.50
1, 6, 9, 68, 13, 0.50
1, 7, 8, 68, 19, 0.50
1, 8, 9, 68, 7, 0.50
1, 2, 3, 69, 20, 0.50
1, 2, 5, 69, 17, 0.50
1, 3, 6, 69, 9, 0.50
1, 4, 5, 69, 3, 0.50
1, 1, 2, 70, 15, 0.50
1, 1, 4, 70, 15, 0.50
1, 4, 7, 70, 14, 0.50
1, 5, 8, 70, 17, 0.50
1, 7, 8, 70, 13, 0.50
1, 4, 5, 71, 8, 0.50
1, 4, 7, 71, 1, 0.50
1, 5, 8, 71, 3, 0.50
1, 6, 9, 71, 14, 0.50
1, 7, 8, 71, 13, 0.50
1, 1, 2, 72, 16, 0.50
1, 4, 5, 72, 10, 0.50
1, 5, 8, 72, 2, 0.50
1, 2, 5, 73, 10, 0.50
1, 5, 6, 73, 3, 0.50
1, 8, 9, 73, 12, 0.50
1, 1, 2, 74, 1, 0.50
1, 5, 8, 74, 14, 0.50
1, 8, 9, 74, 15, 0.50
1, 2, 3, 75, 5, 0.50
1, 2, 5, 75, 14, 0.50
1, 3, 6, 75, 3, 0.50
1, 4, 5, 75, 14, 0.50
1, 4, 7, 75, 1, 0.50
1, 2, 3, 76, 11, 0.50
1, 3, 6, 76, 8, 0.50
1, 4, 7, 76, 7, 0.50
1, 8, 9, 76, 6, 0.50
1, 8, 9, 77, 8, 0.50
1, 1, 2, 78, 9, 0.50
1, 5, 8, 78, 8, 0.50
1, 8, 9, 78, 8, 0.50
1, 3, 6, 79, 3, 0.50
1, 5, 8, 79, 9, 0.50
1, 7, 8, 79, 6, 0.50
1, 3, 6, 80, 2, 0.50
1, 6, 9, 80, 5, 0.50
1, 1, 2, 81, 4, 0.50
1, 5, 6, 81, 6, 0.50
1, 1, 4, 82, 5, 0.50
1, 1, 4, 83, 5, 0.50
1, 4, 7, 84, 2, 0.50
1, 7, 8, 85, 3, 0.50
1, 3, 6, 86, 3, 0.50
2, 1, 2, 0, 2, 0.50
2, 1, 4, 0, 32, 0.50
2, 2, 3, 0, 31, 0.50
2, 2, 5, 0, 19, 0.50
2, 3, 6, 0, 15, 0.50
2, 4, 5, 0, 35, 0.50
2, 4, 7, 0, 37, 0.50
2, 5, 6, 0, 42, 0.50
2, 5, 8, 0, 20, 0.50
2, 6, 9, 0, 7, 0.50
2, 7, 8, 0, 19, 0.50
2, 8, 9, 0, 22, 0.50
2, 1, 2, 1, 41, 0.50
2, 1, 4, 1, 6, 0.50
2, 2, 3, 1, 42, 0.50
2, 2, 5, 1, 23, 0.50
2, 3, 6, 1, 12, 0.50
2, 4, 5, 1, 40, 0.50
2, 4, 7, 1, 8, 0.50
2, 5, 6, 1, 38, 0.50
2, 5, 8, 1, 38, 0.50
2, 6, 9, 1, 34, 0.50
2, 7, 8, 1, 44, 0.50
2, 8, 9, 1, 35, 0.50
2, 1, 2, 2, 25, 0.50
2, 1, 4, 2, 18, 0.50
2, 2, 3, 2, 9, 0.50
2, 2, 5, 2, 9, 0.50
2, 3, 6, 2, 25, 0.50
2, 4, 5, 2, 3, 0.50
2, 4, 7, 2, 12, 0.50
2, 5, 6, 2, 20, 0.50
2, 5, 8, 2, 1, 0.50
2, 6, 9, 2, 6, 0.50
2, 7, 8, 2, 4, 0.50
2, 8, 9, 2, 10, 0.50
2, 1, 2, 3, 23, 0.50
2, 1, 4, 3, 29, 0.50
2, 2, 3, 3, 32, 0.50
2, 2, 5, 3, 37, 0.50
2, 3, 6, 3, 20, 0.50
2, 4, 5, 3, 4, 0.50
2, 4, 7, 3, 21, 0.50
2, 5, 6, 3, 34, 0.50
2, 5, 8, 3, 8, 0.50
2, 6, 9, 3, 29, 0.50
2, 7, 8, 3, 22, 0.50
2, 8, 9, 3, 24, 0.50
2, 1, 2, 4, 41, 0.50
2, 1, 4, 4, 18, 0.50
2, 2, 3, 4, 7, 0.50
2, 2, 5, 4, 27, 0.50
2, 3, 6, 4, 36, 0.50
2, 4, 5, 4, 36, 0.50
2, 4, 7, 4, 21, 0.50
2, 5, 6, 4, 20, 0.50
2, 5, 8, 4, 15, 0.50
2, 6, 9, 4, 16, 0.50
2, 7, 8, 4, 3, 0.50
2, 8, 9, 4, 41, 0.50
2, 1, 2, 5, 2, 0.50
2, 1, 4, 5, 1, 0.50
2, 2, 3, 5, 29, 0.50
2, 2, 5, 5, 23, 0.50
2, 3, 6, 5, 42, 0.50
2, 4, 5, 5, 9, 0.50
2, 4, 7, 5, 13, 0.50
2, 5, 6, 5, 32, 0.50
2, 5, 8, 5, 37, 0.50
2, 6, 9, 5, 25, 0.50
2, 7, 8, 5, 19, 0.50
2, 8, 9, 5, 9, 0.50
2, 1, 2, 6, 13, 0.50
2, 1, 4, 6, 4, 0.50
2, 2, 3, 6, 7, 0.50
2, 2, 5, 6, 8, 0.50
2, 3, 6, 6, 11, 0.50
2, 4, 5, 6, 21, 0.50
2, 4, 7, 6, 43, 0.50
2, 5, 6, 6, 44, 0.50
2, 5, 8, 6, 18, 0.50
2, 6, 9, 6, 15, 0.50
2, 7, 8, 6, 40, 0.50
2, 8, 9, 6, 22, 0.50
2, 1, 2, 7, 13, 0.50
2, 1, 4, 7, 12, 0.50
2, 2, 3, 7, 39, 0.50
2, 2, 5, 7, 43, 0.50
2, 3, 6, 7, 33, 0.50
2, 4, 5, 7, 4, 0.50
2, 4, 7, 7, 23, 0.50
2, 5, 6, 7, 24, 0.50
2, 5, 8, 7, 36, 0.50
2, 6, 9, 7, 17, 0.50
2, 7, 8, 7, 6, 0.50
2, 8, 9, 7, 28, 0.50
2, 1, 2, 8, 44, 0.50
2, 1, 4, 8, 36, 0.50
2, 2, 3, 8, 20, 0.50
2, 2, 5, 8, 41, 0.50
2, 3, 6, 8, 4, 0.50
2, 4, 5, 8, 39, 0.50
2, 4, 7, 8, 5, 0.50
2, 5, 6, 8, 26, 0.50
2, 5, 8, 8, 13, 0.50
2, 6, 9, 8, 30, 0.50
2, 7, 8, 8, 19, 0.50
2, 8, 9, 8, 12, 0.50
2, 1, 2, 9, 13, 0.50
2, 1, 4, 9, 29, 0.50
2, 2, 3, 9, 1, 0.50
2, 2, 5, 9, 16, 0.50
2, 3, 6, 9, 37, 0.50
2, 4, 5, 9, 31, 0.50
2, 4, 7, 9, 36, 0.50
2, 5, 6, 9, 41, 0.50
2, 5, 8, 9, 6, 0.50
2, 6, 9, 9, 31, 0.50
2, 7, 8, 9, 7, 0.50
2, 8, 9, 9, 31, 0.50
2, 1, 2, 10, 21, 0.50
2, 1, 4, 10, 39, 0.50
2, 2, 3, 10, 5, 0.50
2, 2, 5, 10, 29, 0.50
2, 3, 6, 10, 35, 0.50
2, 4, 5, 10, 5, 0.50
2, 4, 7, 10, 30, 0.50
2, 5, 6, 10, 20, 0.50
2, 5, 8, 10, 15, 0.50
2, 6, 9, 10, 16, 0.50
2, 7, 8, 10, 35, 0.50
2, 8, 9, 10, 29, 0.50
2, 1, 2, 11, 29, 0.50
2, 1, 4, 11, 26, 0.50
2, 2, 3, 11, 35, 0.50
2, 2, 5, 11, 24, 0.50
2, 3, 6, 11, 24, 0.50
2, 4, 5, 11, 37, 0.50
2, 4, 7, 11, 29, 0.50
2, 5, 6, 11, 3, 0.50
2, 5, 8, 11, 42, 0.50
2, 6, 9, 11, 38, 0.50
2, 7, 8, 11, 36, 0.50
2, 8, 9, 11, 27, 0.50
2, 1, 2, 12, 44, 0.50
2, 1, 4, 12, 25, 0.50
2, 2, 3, 12, 6, 0.50
2, 2, 5, 12, 27, 0.50
2, 3, 6, 12, 25, 0.50
2, 4, 5, 12, 22, 0.50
2, 4, 7, 12, 16, 0.50
2, 5, 6, 12, 24, 0.50
2, 5, 8, 12, 19, 0.50
2, 6, 9, 12, 12, 0.50
2, 7, 8, 12, 1, 0.50
2, 8, 9, 12, 40, 0.50
2, 1, 2, 13, 25, 0.50
2, 1, 4, 13, 2, 0.50
2, 2, 3, 13, 40, 0.50
2, 2, 5, 13, 20, 0.50
2, 3, 6, 13, 31, 0.50
2, 4, 5, 13, 28, 0.50
2, 4, 7, 13, 3, 0.50
2, 5, 6, 13, 9, 0.50
2, 5, 8, 13, 3, 0.50
2, 6, 9, 13, 37, 0.50
2, 7, 8, 13, 8, 0.50
2, 8, 9, 13, 39, 0.50
2, 1, 2, 14, 25, 0.50
2, 1, 4, 14, 17, 0.50
2, 2, 3, 14, 11, 0.50
2, 2, 5, 14, 27, 0.50
2, 3, 6, 14, 25, 0.50
2, 4, 5, 14, 32, 0.50
2, 4, 7, 14, 28, 0.50
2, 5, 6, 14, 24, 0.50
2, 5, 8, 14, 13, 0.50
2, 6, 9, 14, 6, 0.50
2, 7, 8, 14, 30, 0.50
2, 8, 9, 14, 16, 0.50
2, 1, 2, 15, 24, 0.50
2, 1, 4, 15, 10, 0.50
2, 2, 3, 15, 33, 0.50
2, 2, 5, 15, 7, 0.50
2, 3, 6, 15, 31, 0.50
2, 4, 5, 15, 38, 0.50
2, 4, 7, 15, 21, 0.50
2, 5, 6, 15, 26, 0.50
2, 5, 8, 15, 31, 0.50
2, 6, 9, 15, 19, 0.50
2, 7, 8, 15, 26, 0.50
2, 8, 9, 15, 7, 0.50
2, 1, 2, 16, 8, 0.50
2, 1, 4, 16, 2, 0.50
2, 2, 3, 16, 17, 0.50
2, 2, 5, 16, 39, 0.50
2, 3, 6, 16, 31, 0.50
2, 4, 5, 16, 8, 0.50
2, 4, 7, 16, 12, 0.50
2, 5, 6, 16, 5, 0.50
2, 5, 8, 16, 6, 0.50
2, 6, 9, 16, 33, 0.50
2, 7, 8, 16, 27, 0.50
2, 8, 9, 16, 34, 0.50
2, 1, 2, 17, 1, 0.50
2, 1, 4, 17, 41, 0.50
2, 2, 3, 17, 41, 0.50
2, 2, 5, 17, 34, 0.50
2, 3, 6, 17, 23, 0.50
2, 4, 5, 17, 27, 0.50
2, 4, 7, 17, 26, 0.50
2, 5, 6, 17, 43, 0.50
2, 5, 8, 17, 6, 0.50
2, 6, 9, 17, 32, 0.50
2, 7, 8, 17, 39, 0.50
2, 8, 9, 17, 4, 0.50
2, 1, 2, 18, 17, 0.50
2, 1, 4, 18, 13, 0.50
2, 2, 3, 18, 40, 0.50
2, 2, 5, 18, 15, 0.50
2, 3, 6, 18, 23, 0.50
2, 4, 5, 18, 18, 0.50
2, 4, 7, 18, 43, 0.50
2, 5, 6, 18, 30, 0.50
2, 5, 8, 18, 25, 0.50
2, 6, 9, 18, 24, 0.50
2, 7, 8, 18, 33, 0.50
2, 8, 9, 18, 37, 0.50
2, 1, 2, 19, 5, 0.50
2, 1, 4, 19, 42, 0.50
2, 2, 3, 19, 34, 0.50
2, 2, 5, 19, 19, 0.50
2, 3, 6, 19, 43, 0.50
2, 4, 5, 19, 32, 0.50
2, 4, 7, 19, 26, 0.50
2, 5, 6, 19, 35, 0.50
2, 5, 8, 19, 39, 0.50
2, 6, 9, 19, 7, 0.50
2, 7, 8, 19, 42, 0.50
2, 8, 9, 19, 44, 0.50
2, 1, 2, 20, 17, 0.50
2, 1, 4, 20, 17, 0.50
2, 2, 3, 20, 33, 0.50
2, 2, 5, 20, 15, 0.50
2, 3, 6, 20, 31, 0.50
2, 4, 5, 20, 31, 0.50
2, 4, 7, 20, 24, 0.50
2, 5, 6, 20, 17, 0.50
2, 5, 8, 20, 19, 0.50
2, 6, 9, 20, 38, 0.50
2, 7, 8, 20, 4, 0.50
2, 8, 9, 20, 3, 0.50
2, 1, 2, 21, 18, 0.50
2, 1, 4, 21, 15, 0.50
2, 2, 3, 21, 39, 0.50
2, 2, 5, 21, 15, 0.50
2, 3, 6, 21, 37, 0.50
2, 4, 5, 21, 33, 0.50
2, 4, 7, 21, 3, 0.50
2, 5, 6, 21, 23, 0.50
2, 5, 8, 21, 23, 0.50
2, 6, 9, 21, 7, 0.50
2, 7, 8, 21, 5, 0.50
2, 8, 9, 21, 31, 0.50
2, 1, 2, 22, 10, 0.50
2, 1, 4, 22, 44, 0.50
2, 2, 3, 22, 25, 0.50
2, 2, 5, 22, 33, 0.50
2, 3, 6, 22, 31, 0.50
2, 4, 5, 22, 18, 0.50
2, 4, 7, 22, 43, 0.50
2, 5, 6, 22, 18, 0.50
2, 5, 8, 22, 21, 0.50
2, 6, 9, 22, 6, 0.50
2, 7, 8, 22, 12, 0.50
2, 8, 9, 22, 10, 0.50
2, 1, 2, 23, 27, 0.50
2, 1, 4, 23, 29, 0.50
2, 2, 3, 23, 43, 0.50
2, 2, 5, 23, 30, 0.50
2, 3, 6, 23, 37, 0.50
2, 4, 5, 23, 16, 0.50
2, 4, 7, 23, 30, 0.50
2, 5, 6, 23, 24, 0.50
2, 5, 8, 23, 23, 0.50
2, 6, 9, 23, 17, 0.50
2, 7, 8, 23, 4, 0.50
2, 8, 9, 23, 2, 0.50
2, 1, 2, 24, 31, 0.50
2, 1, 4, 24, 29, 0.50
2, 2, 3, 24, 6, 0.50
2, 2, 5, 24, 40, 0.50
2, 3, 6, 24, 8, 0.50
2, 4, 5, 24, 7, 0.50
2, 4, 7, 24, 4, 0.50
2, 5, 6, 24, 18, 0.50
2, 5, 8, 24, 38, 0.50
2, 6, 9, 24, 32, 0.50
2, 7, 8, 24, 26, 0.50
2, 8, 9, 24, 16, 0.50
2, 1, 2, 25, 3, 0.50
2, 1, 4, 25, 21, 0.50
2, 2, 3, 25, 40, 0.50
2, 2, 5, 25, 34, 0.50
2, 3, 6, 25, 5, 0.50
2, 4, 5, 25, 26, 0.50
2, 4, 7, 25, 12, 0.50
2, 5, 6, 25, 17, 0.50
2, 5, 8, 25, 19, 0.50
2, 6, 9, 25, 37, 0.50
2, 7, 8, 25, 6, 0.50
2, 8, 9, 25, 7, 0.50
2, 1, 2, 26, 11, 0.50
2, 1, 4, 26, 17, 0.50
2, 2, 3, 26, 11, 0.50
2, 2, 5, 26, 41, 0.50
2, 3, 6, 26, 31, 0.50
2, 4, 5, 26, 3, 0.50
2, 4, 7, 26, 40, 0.50
2, 5, 6, 26, 9, 0.50
2, 5, 8, 26, 39, 0.50
2, 6, 9, 26, 15, 0.50
2, 7, 8, 26, 21, 0.50
2, 8, 9, 26, 39, 0.50
2, 1, 2, 27, 1, 0.50
2, 1, 4, 27, 42, 0.50
2, 2, 3, 27, 12, 0.50
2, 2, 5, 27, 7, 0.50
2, 3, 6, 27, 26, 0.50
2, 4, 5, 27, 28, 0.50
2, 4, 7, 27, 13, 0.50
2, 5, 6, 27, 9, 0.50
2, 5, 8, 27, 23, 0.50
2, 6, 9, 27, 6, 0.50
2, 7, 8, 27, 35, 0.50
2, 8, 9, 27, 10, 0.50
2, 1, 2, 28, 7, 0.50
2, 1, 4, 28, 34, 0.50
2, 2, 3, 28, 23, 0.50
2, 2, 5, 28, 10, 0.50
2, 3, 6, 28, 4, 0.50
2, 4, 5, 28, 43, 0.50
2, 4, 7, 28, 8, 0.50
2, 5, 6, 28, 14, 0.50
2, 5, 8, 28, 34, 0.50
2, 6, 9, 28, 42, 0.50
2, 7, 8, 28, 24, 0.50
2, 8, 9, 28, 12, 0.50
2, 1, 2, 29, 17, 0.50
2, 1, 4, 29, 12, 0.50
2, 2, 3, 29, 26, 0.50
2, 2, 5, 29, 16, 0.50
2, 3, 6, 29, 38, 0.50
2, 4, 5, 29, 14, 0.50
2, 4, 7, 29, 16, 0.50
2, 5, 6, 29, 14, 0.50
2, 5, 8, 29, 5, 0.50
2, 6, 9, 29, 17, 0.50
2, 7, 8, 29, 43, 0.50
2, 8, 9, 29, 2, 0.50
2, 1, 2, 30, 5, 0.50
2, 1, 4, 30, 1, 0.50
2, 2, 3, 30, 3, 0.50
2, 2, 5, 30, 42, 0.50
2, 3, 6, 30, 25, 0.50
2, 4, 5, 30, 6, 0.50
2, 4, 7, 30, 17, 0.50
2, 5, 6, 30, 37, 0.50
2, 5, 8, 30, 34, 0.50
2, 6, 9, 30, 35, 0.50
2, 7, 8, 30, 21, 0.50
2, 8, 9, 30, 41, 0.50
2, 1, 2, 31, 21, 0.50
2, 1, 4, 31, 34, 0.50
2, 2, 3, 31, 11, 0.50
2, 2, 5, 31, 20, 0.50
2, 3, 6, 31, 16, 0.50
2, 4, 5, 31, 12, 0.50
2, 4, 7, 31, 3, 0.50
2, 5, 6, 31, 43, 0.50
2, 5, 8, 31, 23, 0.50
2, 6, 9, 31, 20, 0.50
2, 7, 8, 31, 8, 0.50
2, 8, 9, 31, 44, 0.50
2, 1, 2, 32, 40, 0.50
2, 1, 4, 32, 26, 0.50
2, 2, 3, 32, 14, 0.50
2, 2, 5, 32, 6, 0.50
2, 3, 6, 32, 35, 0.50
2, 4, 5, 32, 29, 0.50
2, 4, 7, 32, 15, 0.50
2, 5, 6, 32, 6, 0.50
2, 5, 8, 32, 11, 0.50
2, 6, 9, 32, 33, 0.50
2, 7, 8, 32, 27, 0.50
2, 8, 9, 32, 3, 0.50
2, 1, 2, 33, 33, 0.50
2, 1, 4, 33, 22, 0.50
2, 2, 3, 33, 4, 0.50
2, 2, 5, 33, 16, 0.50
2, 3, 6, 33, 43, 0.50
2, 4, 5, 33, 38, 0.50
2, 4, 7, 33, 20, 0.50
2, 5, 6, 33, 24, 0.50
2, 5, 8, 33, 26, 0.50
2, 6, 9, 33, 19, 0.50
2, 7, 8, 33, 38, 0.50
2, 8, 9, 33, 32, 0.50
2, 1, 2, 34, 22, 0.50
2, 1, 4, 34, 7, 0.50
2, 2, 3, 34, 43, 0.50
2, 2, 5, 34, 7, 0.50
2, 3, 6, 34, 39, 0.50
2, 4, 5, 34, 40, 0.50
2, 4, 7, 34, 35, 0.50
2, 5, 6, 34, 42, 0.50
2, 5, 8, 34, 22, 0.50
2, 6, 9, 34, 11, 0.50
2, 7, 8, 34, 7, 0.50
2, 8, 9, 34, 31, 0.50
2, 1, 2, 35, 27, 0.50
2, 1, 4, 35, 36, 0.50
2, 2, 3, 35, 12, 0.50
2, 2, 5, 35, 34, 0.50
2, 3, 6, 35, 12, 0.50
2, 4, 5, 35, 31, 0.50
2, 4, 7, 35, 24, 0.50
2, 5, 6, 35, 27, 0.50
2, 5, 8, 35, 4, 0.50
2, 6, 9, 35, 36, 0.50
2, 7, 8, 35, 28, 0.50
2, 8, 9, 35, 6, 0.50
2, 1, 2, 36, 35, 0.50
2, 1, 4, 36, 39, 0.50
2, 2, 3, 36, 37, 0.50
2, 2, 5, 36, 23, 0.50
2, 3, 6, 36, 17, 0.50
2, 4, 5, 36, 12, 0.50
2, 4, 7, 36, 20, 0.50
2, 5, 6, 36, 31, 0.50
2, 5, 8, 36, 5, 0.50
2, 6, 9, 36, 32, 0.50
2, 7, 8, 36, 29, 0.50
2, 8, 9, 36, 35, 0.50
2, 1, 2, 37, 39, 0.50
2, 1, 4, 37, 8, 0.50
2, 2, 3, 37, 9, 0.50
2, 2, 5, 37, 27, 0.50
2, 3, 6, 37, 14, 0.50
2, 4, 5, 37, 4, 0.50
2, 4, 7, 37, 8, 0.50
2, 5, 6, 37, 14, 0.50
2, 5, 8, 37, 29, 0.50
2, 6, 9, 37, 19, 0.50
2, 7, 8, 37, 27, 0.50
2, 8, 9, 37, 16, 0.50
2, 1, 2, 38, 13, 0.50
2, 1, 4, 38, 8, 0.50
2, 2, 3, 38, 41, 0.50
2, 2, 5, 38, 8, 0.50
2, 3, 6, 38, 37, 0.50
2, 4, 5, 38, 24, 0.50
2, 4, 7, 38, 4, 0.50
2, 5, 6, 38, 39, 0.50
2, 5, 8, 38, 30, 0.50
2, 6, 9, 38, 27, 0.50
2, 7, 8, 38, 37, 0.50
2, 8, 9, 38, 38, 0.50
2, 1, 2, 39, 26, 0.50
2, 1, 4, 39, 38, 0.50
2, 2, 3, 39, 15, 0.50
2, 2, 5, 39, 10, 0.50
2, 3, 6, 39, 29, 0.50
2, 4, 5, 39, 17, 0.50
2, 4, 7, 39, 16, 0.50
2, 5, 6, 39, 19, 0.50
2, 5, 8, 39, 34, 0.50
2, 6, 9, 39, 2, 0.50
2, 7, 8, 39, 12, 0.50
2, 8, 9, 39, 27, 0.50
2, 1, 2, 40, 42, 0.50
2, 1, 4, 40, 19, 0.50
2, 2, 3, 40, 2, 0.50
2, 2, 5, 40, 15, 0.50
2, 3, 6, 40, 19, 0.50
2, 4, 5, 40, 23, 0.50
2, 4, 7, 40, 26, 0.50
2, 5, 6, 40, 18, 0.50
2, 5, 8, 40, 7, 0.50
2, 6, 9, 40, 11, 0.50
2, 7, 8, 40, 13, 0.50
2, 8, 9, 40, 42, 0.50
2, 1, 2, 41, 23, 0.50
2, 1, 4, 41, 35, 0.50
2, 2, 3, 41, 34, 0.50
2, 2, 5, 41, 39, 0.50
2, 3, 6, 41, 23, 0.50
2, 4, 5, 41, 1, 0.50
2, 4, 7, 41, 29, 0.50
2, 5, 6, 41, 9, 0.50
2, 5, 8, 41, 17, 0.50
2, 6, 9, 41, 37, 0.50
2, 7, 8, 41, 44, 0.50
2, 8, 9, 41, 38, 0.50
2, 1, 2, 42, 41, 0.50
2, 1, 4, 42, 4, 0.50
2, 2, 3, 42, 28, 0.50
2, 2, 5, 42, 20, 0.50
2, 3, 6, 42, 17, 0.50
2, 4, 5, 42, 12, 0.50
2, 4, 7, 42, 29, 0.50
2, 5, 6, 42, 19, 0.50
2, 5, 8, 42, 42, 0.50
2, 6, 9, 42, 1, 0.50
2, 7, 8, 42, 41, 0.50
2, 8, 9, 42, 10, 0.50
2, 1, 2, 43, 20, 0.50
2, 1, 4, 43, 11, 0.50
2, 2, 3, 43, 16, 0.50
2, 2, 5, 43, 31, 0.50
2, 3, 6, 43, 4, 0.50
2, 4, 5, 43, 14, 0.50
2, 4, 7, 43, 17, 0.50
2, 5, 6, 43, 39, 0.50
2, 5, 8, 43, 29, 0.50
2, 6, 9, 43, 25, 0.50
2, 7, 8, 43, 22, 0.50
2, 8, 9, 43, 33, 0.50
2, 1, 2, 44, 3, 0.50
2, 1, 4, 44, 34, 0.50
2, 2, 3, 44, 37, 0.50
2, 2, 5, 44, 32, 0.50
2, 3, 6, 44, 14, 0.50
2, 4, 5, 44, 3, 0.50
2, 4, 7, 44, 25, 0.50
2, 5, 6, 44, 37, 0.50
2, 5, 8, 44, 11, 0.50
2, 6, 9, 44, 12, 0.50
2, 7, 8, 44, 9, 0.50
2, 8, 9, 44, 25, 0.50
2, 1, 2, 45, 37, 0.50
2, 1, 4, 45, 30, 0.50
2, 2, 3, 45, 13, 0.50
2, 2, 5, 45, 34, 0.50
2, 3, 6, 45, 43, 0.50
2, 4, 5, 45, 2, 0.50
2, 4, 7, 45, 17, 0.50
2, 5, 6, 45, 2, 0.50
2, 5, 8, 45, 38, 0.50
2, 6, 9, 45, 41, 0.50
2, 7, 8, 45, 11, 0.50
2, 8, 9, 45, 6, 0.50
2, 1, 2, 46, 14, 0.50
2, 1, 4, 46, 15, 0.50
2, 2, 3, 46, 39, 0.50
2, 2, 5, 46, 3, 0.50
2, 3, 6, 46, 39, 0.50
2, 4, 5, 46, 19, 0.50
2, 4, 7, 46, 29, 0.50
2, 5, 6, 46, 34, 0.50
2, 5, 8, 46, 2, 0.50
2, 6, 9, 46, 31, 0.50
2, 7, 8, 46, 7, 0.50
2, 8, 9, 46, 1, 0.50
2, 1, 2, 47, 13, 0.50
2, 1, 4, 47, 18, 0.50
2, 2, 5, 47, 9, 0.50
2, 3, 6, 47, 42, 0.50
2, 4, 5, 47, 12, 0.50
2, 4, 7, 47, 8, 0.50
2, 5, 6, 47, 17, 0.50
2, 5, 8, 47, 13, 0.50
2, 6, 9, 47, 27, 0.50
2, 7, 8, 47, 2, 0.50
2, 8, 9, 47, 24, 0.50
2, 1, 2, 48, 28, 0.50
2, 1, 4, 48, 40, 0.50
2, 2, 3, 48, 14, 0.50
2, 2, 5, 48, 19, 0.50
2, 3, 6, 48, 13, 0.50
2, 4, 5, 48, 9, 0.50
2, 4, 7, 48, 23, 0.50
2, 5, 6, 48, 22, 0.50
2, 5, 8, 48, 9, 0.50
2, 6, 9, 48, 40, 0.50
2, 7, 8, 48, 34, 0.50
2, 8, 9, 48, 38, 0.50
2, 1, 4, 49, 10, 0.50
2, 2, 3, 49, 6, 0.50
2, 2, 5, 49, 3, 0.50
2, 4, 5, 49, 37, 0.50
2, 5, 6, 49, 39, 0.50
2, 5, 8, 49, 13, 0.50
2, 6, 9, 49, 5, 0.50
2, 7, 8, 49, 8, 0.50
2, 8, 9, 49, 15, 0.50
2, 1, 2, 50, 29, 0.50
2, 2, 3, 50, 10, 0.50
2, 2, 5, 50, 7, 0.50
2, 3, 6, 50, 20, 0.50
2, 4, 7, 50, 39, 0.50
2, 5, 6, 50, 11, 0.50
2, 5, 8, 50, 33, 0.50
2, 6, 9, 50, 3, 0.50
2, 7, 8, 50, 6, 0.50
2, 1, 2, 51, 24, 0.50
2, 1, 4, 51, 26, 0.50
2, 2, 3, 51, 16, 0.50
2, 2, 5, 51, 8, 0.50
2, 3, 6, 51, 7, 0.50
2, 4, 5, 51, 8, 0.50
2, 4, 7, 51, 30, 0.50
2, 5, 6, 51, 9, 0.50
2, 5, 8, 51, 24, 0.50
2, 6, 9, 51, 8, 0.50
2, 7, 8, 51, 13, 0.50
2, 8, 9, 51, 37, 0.50
2, 1, 2, 52, 30, 0.50
2, 2, 3, 52, 5, 0.50
2, 2, 5, 52, 37, 0.50
2, 3, 6, 52, 27, 0.50
2, 4, 5, 52, 19, 0.50
2, 5, 6, 52, 15, 0.50
2, 5, 8, 52, 12, 0.50
2, 6, 9, 52, 31, 0.50
2, 7, 8, 52, 17, 0.50
2, 8, 9, 52, 21, 0.50
2, 1, 2, 53, 5, 0.50
2, 2, 3, 53, 16, 0.50
2, 2, 5, 53, 24, 0.50
2, 3, 6, 53, 33, 0.50
2, 4, 5, 53, 31, 0.50
2, 4, 7, 53, 20, 0.50
2, 5, 6, 53, 29, 0.50
2, 5, 8, 53, 36, 0.50
2, 8, 9, 53, 21, 0.50
2, 1, 2, 54, 13, 0.50
2, 1, 4, 54, 11, 0.50
2, 2, 3, 54, 14, 0.50
2, 2, 5, 54, 34, 0.50
2, 3, 6, 54, 21, 0.50
2, 4, 5, 54, 25, 0.50
2, 5, 6, 54, 9, 0.50
2, 5, 8, 54, 6, 0.50
2, 6, 9, 54, 5, 0.50
2, 8, 9, 54, 26, 0.50
2, 1, 2, 55, 20, 0.50
2, 1, 4, 55, 7, 0.50
2, 4, 5, 55, 19, 0.50
2, 4, 7, 55, 2, 0.50
2, 5, 6, 55, 4, 0.50
2, 5, 8, 55, 29, 0.50
2, 6, 9, 55, 26, 0.50
2, 7, 8, 55, 31, 0.50
2, 8, 9, 55, 27, 0.50
2, 1, 2, 56, 6, 0.50
2, 2, 3, 56, 4, 0.50
2, 3, 6, 56, 19, 0.50
2, 4, 7, 56, 19, 0.50
2, 5, 8, 56, 32, 0.50
2, 7, 8, 56, 23, 0.50
2, 8, 9, 56, 29, 0.50
2, 1, 2, 57, 11, 0.50
2, 2, 3, 57, 21, 0.50
2, 2, 5, 57, 8, 0.50
2, 3, 6, 57, 10, 0.50
2, 4, 5, 57, 30, 0.50
2, 4, 7, 57, 1, 0.50
2, 5, 6, 57, 15, 0.50
2, 5, 8, 57, 13, 0.50
2, 7, 8, 57, 20, 0.50
2, 8, 9, 57, 12, 0.50
2, 1, 4, 58, 21, 0.50
2, 2, 3, 58, 14, 0.50
2, 2, 5, 58, 17, 0.50
2, 4, 5, 58, 2, 0.50
2, 5, 8, 58, 26, 0.50
2, 7, 8, 58, 9, 0.50
2, 8, 9, 58, 22, 0.50
2, 1, 2, 59, 26, 0.50
2, 1, 4, 59, 25, 0.50
2, 2, 3, 59, 21, 0.50
2, 3, 6, 59, 9, 0.50
2, 4, 5, 59, 2, 0.50
2, 4, 7, 59, 10, 0.50
2, 5, 6, 59, 17, 0.50
2, 6, 9, 59, 29, 0.50
2, 7, 8, 59, 17, 0.50
2, 1, 4, 60, 26, 0.50
2, 2, 3, 60, 26, 0.50
2, 2, 5, 60, 21, 0.50
2, 3, 6, 60, 28, 0.50
2, 4, 5, 60, 27, 0.50
2, 4, 7, 60, 21, 0.50
2, 5, 6, 60, 15, 0.50
2, 6, 9, 60, 14, 0.50
2, 7, 8, 60, 12, 0.50
2, 8, 9, 60, 10, 0.50
2, 1, 4, 61, 25, 0.50
2, 2, 3, 61, 12, 0.50
2, 3, 6, 61, 8, 0.50
2, 4, 5, 61, 24, 0.50
2, 5, 8, 61, 10, 0.50
2, 1, 2, 62, 10, 0.50
2, 1, 4, 62, 18, 0.50
2, 2, 5, 62, 13, 0.50
2, 3, 6, 62, 26, 0.50
2, 4, 7, 62, 12, 0.50
2, 5, 6, 62, 21, 0.50
2, 6, 9, 62, 6, 0.50
2, 7, 8, 62, 24, 0.50
2, 8, 9, 62, 18, 0.50
2, 1, 2, 63, 25, 0.50
2, 1, 4, 63, 4, 0.50
2, 2, 5, 63, 24, 0.50
2, 4, 5, 63, 23, 0.50
2, 5, 6, 63, 26, 0.50
2, 5, 8, 63, 10, 0.50
2, 6, 9, 63, 18, 0.50
2, 1, 2, 64, 10, 0.50
2, 1, 4, 64, 8, 0.50
2, 3, 6, 64, 11, 0.50
2, 4, 7, 64, 12, 0.50
2, 5, 8, 64, 23, 0.50
2, 7, 8, 64, 18, 0.50
2, 8, 9, 64, 2, 0.50
2, 1, 2, 65, 18, 0.50
2, 1, 4, 65, 21, 0.50
2, 2, 3, 65, 12, 0.50
2, 3, 6, 65, 6, 0.50
2, 5, 6, 65, 13, 0.50
2, 5, 8, 65, 24, 0.50
2, 6, 9, 65, 12, 0.50
2, 7, 8, 65, 18, 0.50
2, 1, 2, 66, 17, 0.50
2, 2, 5, 66, 9, 0.50
2, 4, 5, 66, 15, 0.50
2, 4, 7, 66, 19, 0.50
2, 5, 6, 66, 4, 0.50
2, 5, 8, 66, 20, 0.50
2, 7, 8, 66, 3, 0.50
2, 8, 9, 66, 18, 0.50
2, 2, 3, 67, 17, 0.50
2, 4, 5, 67, 14, 0.50
2, 4, 7, 67, 12, 0.50
2, 5, 6, 67, 14, 0.50
2, 5, 8, 67, 11, 0.50
2, 6, 9, 67, 10, 0.50
2, 7, 8, 67, 18, 0.50
2, 1, 2, 68, 21, 0.50
2, 2, 5, 68, 17, 0.50
2, 3, 6, 68, 17, 0.50
2, 5, 6, 68, 13, 0.50
2, 5, 8, 68, 14, 0.50
2, 6, 9, 68, 7, 0.50
2, 8, 9, 68, 19, 0.50
2, 2, 3, 69, 14, 0.50
2, 3, 6, 69, 18, 0.50
2, 4, 5, 69, 20, 0.50
2, 5, 8, 69, 9, 0.50
2, 6, 9, 69, 3, 0.50
2, 7, 8, 69, 17, 0.50
2, 1, 4, 70, 18, 0.50
2, 2, 3, 70, 5, 0.50
2, 3, 6, 70, 12, 0.50
2, 5, 6, 70, 5, 0.50
2, 6, 9, 70, 8, 0.50
2, 8, 9, 70, 3, 0.50
2, 1, 2, 71, 12, 0.50
2, 2, 3, 71, 7, 0.50
2, 3, 6, 71, 14, 0.50
2, 4, 5, 71, 16, 0.50
2, 6, 9, 71, 2, 0.50
2, 7, 8, 71, 1, 0.50
2, 1, 2, 72, 7, 0.50
2, 1, 4, 72, 11, 0.50
2, 4, 5, 72, 2, 0.50
2, 4, 7, 72, 2, 0.50
2, 1, 2, 73, 11, 0.50
2, 2, 3, 73, 10, 0.50
2, 3, 6, 73, 9, 0.50
2, 4, 5, 73, 4, 0.50
2, 5, 6, 73, 7, 0.50
2, 6, 9, 73, 10, 0.50
2, 5, 6, 74, 4, 0.50
2, 5, 8, 74, 14, 0.50
2, 1, 4, 75, 14, 0.50
2, 2, 3, 75, 14, 0.50
2, 2, 5, 75, 10, 0.50
2, 5, 8, 75, 5, 0.50
2, 6, 9, 75, 13, 0.50
2, 3, 6, 76, 8, 0.50
2, 4, 5, 76, 5, 0.50
2, 7, 8, 76, 8, 0.50
2, 8, 9, 76, 7, 0.50
2, 1, 4, 77, 6, 0.50
2, 4, 5, 77, 10, 0.50
2, 4, 7, 77, 3, 0.50
2, 6, 9, 77, 4, 0.50
2, 3, 6, 78, 6, 0.50
2, 4, 7, 78, 3, 0.50
2, 8, 9, 78, 6, 0.50
2, 2, 5, 79, 3, 0.50
2, 5, 8, 79, 8, 0.50
2, 6, 9, 79, 9, 0.50
2, 2, 3, 80, 6, 0.50
2, 1, 4, 81, 8, 0.50
2, 7, 8, 81, 2, 0.50
2, 1, 2, 83, 6, 0.50
2, 4, 5, 85, 3, 0.50
2, 2, 5, 86, 3, 0.50
