k, i, j, t, w, pr
1, 1, 2, 0, 20, 0.25
1, 1, 4, 0, 16, 0.25
1, 2, 3, 0, 13, 0.25
1, 2, 5, 0, 15, 0.25
1, 3, 6, 0, 32, 0.25
1, 4, 5, 0, 34, 0.25
1, 4, 7, 0, 24, 0.25
1, 5, 6, 0, 40, 0.25
1, 5, 8, 0, 21, 0.25
1, 6, 9, 0, 9, 0.25
1, 7, 8, 0, 34, 0.25
1, 8, 9, 0, 24, 0.25
1, 1, 2, 1, 40, 0.25
1, 1, 4, 1, 29, 0.25
1, 2, 3, 1, 29, 0.25
1, 2, 5, 1, 27, 0.25
1, 3, 6, 1, 40, 0.25
1, 4, 5, 1, 6, 0.25
1, 4, 7, 1, 21, 0.25
1, 5, 6, 1, 29, 0.25
1, 5, 8, 1, 43, 0.25
1, 6, 9, 1, 39, 0.25
1, 7, 8, 1, 17, 0.25
1, 8, 9, 1, 36, 0.25
1, 1, 2, 2, 30, 0.25
1, 1, 4, 2, 21, 0.25
1, 2, 3, 2, 14, 0.25
1, 2, 5, 2, 34, 0.25
1, 3, 6, 2, 10, 0.25
1, 4, 5, 2, 20, 0.25
1, 4, 7, 2, 19, 0.25
1, 5, 6, 2, 28, 0.25
1, 5, 8, 2, 39, 0.25
1, 6, 9, 2, 35, 0.25
1, 7, 8, 2, 25, 0.25
1, 8, 9, 2, 14, 0.25
1, 1, 2, 3, 15, 0.25
1, 1, 4, 3, 31, 0.25
1, 2, 3, 3, 5, 0.25
1, 2, 5, 3, 21, 0.25
1, 3, 6, 3, 38, 0.25
1, 4, 5, 3, 33, 0.25
1, 4, 7, 3, 15, 0.25
1, 5, 6, 3, 42, 0.25
1, 5, 8, 3, 34, 0.25
1, 6, 9, 3, 44, 0.25
1, 7, 8, 3, 31, 0.25
1, 8, 9, 3, 35, 0.25
1, 1, 2, 4, 29, 0.25
1, 1, 4, 4, 27, 0.25
1, 2, 3, 4, 12, 0.25
1, 2, 5, 4, 13, 0.25
1, 3, 6, 4, 37, 0.25
1, 4, 5, 4, 37, 0.25
1, 4, 7, 4, 30, 0.25
1, 5, 6, 4, 30, 0.25
1, 5, 8, 4, 4, 0.25
1, 6, 9, 4, 30, 0.25
1, 7, 8, 4, 13, 0.25
1, 8, 9, 4, 12, 0.25
1, 1, 2, 5, 26, 0.25
1, 1, 4, 5, 6, 0.25
1, 2, 3, 5, 30, 0.25
1, 2, 5, 5, 41, 0.25
1, 3, 6, 5, 31, 0.25
1, 4, 5, 5, 23, 0.25
1, 4, 7, 5, 5, 0.25
1, 5, 6, 5, 24, 0.25
1, 5, 8, 5, 8, 0.25
1, 6, 9, 5, 16, 0.25
1, 7, 8, 5, 34, 0.25
1, 8, 9, 5, 44, 0.25
1, 1, 2, 6, 12, 0.25
1, 1, 4, 6, 11, 0.25
1, 2, 3, 6, 9, 0.25
1, 2, 5, 6, 35, 0.25
1, 3, 6, 6, 42, 0.25
1, 4, 5, 6, 37, 0.25
1, 4, 7, 6, 36, 0.25
1, 5, 6, 6, 4, 0.25
1, 5, 8, 6, 41, 0.25
1, 6, 9, 6, 12, 0.25
1, 7, 8, 6, 26, 0.25
1, 8, 9, 6, 15, 0.25
1, 1, 2, 7, 25, 0.25
1, 1, 4, 7, 6, 0.25
1, 2, 3, 7, 26, 0.25
1, 2, 5, 7, 40, 0.25
1, 3, 6, 7, 19, 0.25
1, 4, 5, 7, 36, 0.25
1, 4, 7, 7, 23, 0.25
1, 5, 6, 7, 32, 0.25
1, 5, 8, 7, 13, 0.25
1, 6, 9, 7, 8, 0.25
1, 7, 8, 7, 3, 0.25
1, 8, 9, 7, 26, 0.25
1, 1, 2, 8, 27, 0.25
1, 1, 4, 8, 13, 0.25
1, 2, 3, 8, 24, 0.25
1, 2, 5, 8, 15, 0.25
1, 3, 6, 8, 16, 0.25
1, 4, 5, 8, 18, 0.25
1, 4, 7, 8, 41, 0.25
1, 5, 6, 8, 34, 0.25
1, 5, 8, 8, 23, 0.25
1, 6, 9, 8, 34, 0.25
1, 7, 8, 8, 3, 0.25
1, 8, 9, 8, 5, 0.25
1, 1, 2, 9, 42, 0.25
1, 1, 4, 9, 6, 0.25
1, 2, 3, 9, 7, 0.25
1, 2, 5, 9, 19, 0.25
1, 3, 6, 9, 33, 0.25
1, 4, 5, 9, 1, 0.25
1, 4, 7, 9, 23, 0.25
1, 5, 6, 9, 38, 0.25
1, 5, 8, 9, 18, 0.25
1, 6, 9, 9, 29, 0.25
1, 7, 8, 9, 28, 0.25
1, 8, 9, 9, 20, 0.25
1, 1, 2, 10, 8, 0.25
1, 1, 4, 10, 25, 0.25
1, 2, 3, 10, 14, 0.25
1, 2, 5, 10, 17, 0.25
1, 3, 6, 10, 28, 0.25
1, 4, 5, 10, 1, 0.25
1, 4, 7, 10, 27, 0.25
1, 5, 6, 10, 23, 0.25
1, 5, 8, 10, 39, 0.25
1, 6, 9, 10, 13, 0.25
1, 7, 8, 10, 11, 0.25
1, 8, 9, 10, 37, 0.25
1, 1, 2, 11, 27, 0.25
1, 1, 4, 11, 44, 0.25
1, 2, 3, 11, 28, 0.25
1, 2, 5, 11, 23, 0.25
1, 3, 6, 11, 12, 0.25
1, 4, 5, 11, 40, 0.25
1, 4, 7, 11, 22, 0.25
1, 5, 6, 11, 6, 0.25
1, 5, 8, 11, 10, 0.25
1, 6, 9, 11, 26, 0.25
1, 7, 8, 11, 22, 0.25
1, 8, 9, 11, 21, 0.25
1, 1, 2, 12, 36, 0.25
1, 1, 4, 12, 4, 0.25
1, 2, 3, 12, 7, 0.25
1, 2, 5, 12, 8, 0.25
1, 3, 6, 12, 38, 0.25
1, 4, 5, 12, 34, 0.25
1, 4, 7, 12, 19, 0.25
1, 5, 6, 12, 6, 0.25
1, 5, 8, 12, 26, 0.25
1, 6, 9, 12, 43, 0.25
1, 7, 8, 12, 42, 0.25
1, 8, 9, 12, 5, 0.25
1, 1, 2, 13, 43, 0.25
1, 1, 4, 13, 2, 0.25
1, 2, 3, 13, 22, 0.25
1, 2, 5, 13, 24, 0.25
1, 3, 6, 13, 11, 0.25
1, 4, 5, 13, 23, 0.25
1, 4, 7, 13, 16, 0.25
1, 5, 6, 13, 30, 0.25
1, 5, 8, 13, 23, 0.25
1, 6, 9, 13, 30, 0.25
1, 7, 8, 13, 6, 0.25
1, 8, 9, 13, 23, 0.25
1, 1, 2, 14, 9, 0.25
1, 1, 4, 14, 41, 0.25
1, 2, 3, 14, 27, 0.25
1, 2, 5, 14, 40, 0.25
1, 3, 6, 14, 34, 0.25
1, 4, 5, 14, 29, 0.25
1, 4, 7, 14, 13, 0.25
1, 5, 6, 14, 12, 0.25
1, 5, 8, 14, 4, 0.25
1, 6, 9, 14, 3, 0.25
1, 7, 8, 14, 5, 0.25
1, 8, 9, 14, 43, 0.25
1, 1, 2, 15, 31, 0.25
1, 1, 4, 15, 40, 0.25
1, 2, 3, 15, 27, 0.25
1, 2, 5, 15, 19, 0.25
1, 3, 6, 15, 30, 0.25
1, 4, 5, 15, 24, 0.25
1, 4, 7, 15, 43, 0.25
1, 5, 6, 15, 12, 0.25
1, 5, 8, 15, 10, 0.25
1, 6, 9, 15, 21, 0.25
1, 7, 8, 15, 12, 0.25
1, 8, 9, 15, 37, 0.25
1, 1, 2, 16, 28, 0.25
1, 1, 4, 16, 5, 0.25
1, 2, 3, 16, 5, 0.25
1, 2, 5, 16, 15, 0.25
1, 3, 6, 16, 14, 0.25
1, 4, 5, 16, 29, 0.25
1, 4, 7, 16, 10, 0.25
1, 5, 6, 16, 43, 0.25
1, 5, 8, 16, 12, 0.25
1, 6, 9, 16, 5, 0.25
1, 7, 8, 16, 22, 0.25
1, 8, 9, 16, 41, 0.25
1, 1, 2, 17, 28, 0.25
1, 1, 4, 17, 36, 0.25
1, 2, 3, 17, 35, 0.25
1, 2, 5, 17, 4, 0.25
1, 3, 6, 17, 6, 0.25
1, 4, 5, 17, 25, 0.25
1, 4, 7, 17, 42, 0.25
1, 5, 6, 17, 24, 0.25
1, 5, 8, 17, 5, 0.25
1, 6, 9, 17, 39, 0.25
1, 7, 8, 17, 5, 0.25
1, 8, 9, 17, 22, 0.25
1, 1, 2, 18, 26, 0.25
1, 1, 4, 18, 15, 0.25
1, 2, 3, 18, 13, 0.25
1, 2, 5, 18, 31, 0.25
1, 3, 6, 18, 6, 0.25
1, 4, 5, 18, 36, 0.25
1, 4, 7, 18, 35, 0.25
1, 5, 6, 18, 42, 0.25
1, 5, 8, 18, 43, 0.25
1, 6, 9, 18, 38, 0.25
1, 7, 8, 18, 31, 0.25
1, 8, 9, 18, 4, 0.25
1, 1, 2, 19, 10, 0.25
1, 1, 4, 19, 2, 0.25
1, 2, 3, 19, 41, 0.25
1, 2, 5, 19, 43, 0.25
1, 3, 6, 19, 8, 0.25
1, 4, 5, 19, 9, 0.25
1, 4, 7, 19, 20, 0.25
1, 5, 6, 19, 20, 0.25
1, 5, 8, 19, 31, 0.25
1, 6, 9, 19, 38, 0.25
1, 7, 8, 19, 8, 0.25
1, 8, 9, 19, 43, 0.25
1, 1, 2, 20, 16, 0.25
1, 1, 4, 20, 25, 0.25
1, 2, 3, 20, 5, 0.25
1, 2, 5, 20, 44, 0.25
1, 3, 6, 20, 14, 0.25
1, 4, 5, 20, 19, 0.25
1, 4, 7, 20, 41, 0.25
1, 5, 6, 20, 11, 0.25
1, 5, 8, 20, 11, 0.25
1, 6, 9, 20, 12, 0.25
1, 7, 8, 20, 14, 0.25
1, 8, 9, 20, 18, 0.25
1, 1, 2, 21, 37, 0.25
1, 1, 4, 21, 19, 0.25
1, 2, 3, 21, 35, 0.25
1, 2, 5, 21, 23, 0.25
1, 3, 6, 21, 35, 0.25
1, 4, 5, 21, 12, 0.25
1, 4, 7, 21, 35, 0.25
1, 5, 6, 21, 31, 0.25
1, 5, 8, 21, 39, 0.25
1, 6, 9, 21, 24, 0.25
1, 7, 8, 21, 27, 0.25
1, 8, 9, 21, 2, 0.25
1, 1, 2, 22, 18, 0.25
1, 1, 4, 22, 30, 0.25
1, 2, 3, 22, 14, 0.25
1, 2, 5, 22, 38, 0.25
1, 3, 6, 22, 7, 0.25
1, 4, 5, 22, 39, 0.25
1, 4, 7, 22, 6, 0.25
1, 5, 6, 22, 43, 0.25
1, 5, 8, 22, 6, 0.25
1, 6, 9, 22, 35, 0.25
1, 7, 8, 22, 16, 0.25
1, 8, 9, 22, 39, 0.25
1, 1, 2, 23, 24, 0.25
1, 1, 4, 23, 33, 0.25
1, 2, 3, 23, 37, 0.25
1, 2, 5, 23, 38, 0.25
1, 3, 6, 23, 36, 0.25
1, 4, 5, 23, 31, 0.25
1, 4, 7, 23, 5, 0.25
1, 5, 6, 23, 23, 0.25
1, 5, 8, 23, 20, 0.25
1, 6, 9, 23, 14, 0.25
1, 7, 8, 23, 21, 0.25
1, 8, 9, 23, 2, 0.25
1, 1, 2, 24, 23, 0.25
1, 1, 4, 24, 30, 0.25
1, 2, 3, 24, 36, 0.25
1, 2, 5, 24, 27, 0.25
1, 3, 6, 24, 40, 0.25
1, 4, 5, 24, 1, 0.25
1, 4, 7, 24, 13, 0.25
1, 5, 6, 24, 25, 0.25
1, 5, 8, 24, 15, 0.25
1, 6, 9, 24, 25, 0.25
1, 7, 8, 24, 38, 0.25
1, 8, 9, 24, 18, 0.25
1, 1, 2, 25, 8, 0.25
1, 1, 4, 25, 35, 0.25
1, 2, 3, 25, 3, 0.25
1, 2, 5, 25, 25, 0.25
1, 3, 6, 25, 34, 0.25
1, 4, 5, 25, 5, 0.25
1, 4, 7, 25, 3, 0.25
1, 5, 6, 25, 4, 0.25
1, 5, 8, 25, 10, 0.25
1, 6, 9, 25, 37, 0.25
1, 7, 8, 25, 25, 0.25
1, 8, 9, 25, 25, 0.25
1, 1, 2, 26, 26, 0.25
1, 1, 4, 26, 38, 0.25
1, 2, 3, 26, 8, 0.25
1, 2, 5, 26, 20, 0.25
1, 3, 6, 26, 22, 0.25
1, 4, 5, 26, 25, 0.25
1, 4, 7, 26, 25, 0.25
1, 5, 6, 26, 19, 0.25
1, 5, 8, 26, 10, 0.25
1, 6, 9, 26, 3, 0.25
1, 7, 8, 26, 34, 0.25
1, 8, 9, 26, 3, 0.25
1, 1, 2, 27, 30, 0.25
1, 1, 4, 27, 1, 0.25
1, 2, 3, 27, 27, 0.25
1, 2, 5, 27, 31, 0.25
1, 3, 6, 27, 7, 0.25
1, 4, 5, 27, 28, 0.25
1, 4, 7, 27, 33, 0.25
1, 5, 6, 27, 32, 0.25
1, 5, 8, 27, 8, 0.25
1, 6, 9, 27, 19, 0.25
1, 7, 8, 27, 20, 0.25
1, 8, 9, 27, 37, 0.25
1, 1, 2, 28, 24, 0.25
1, 1, 4, 28, 3, 0.25
1, 2, 3, 28, 30, 0.25
1, 2, 5, 28, 2, 0.25
1, 3, 6, 28, 17, 0.25
1, 4, 5, 28, 33, 0.25
1, 4, 7, 28, 14, 0.25
1, 5, 6, 28, 12, 0.25
1, 5, 8, 28, 32, 0.25
1, 6, 9, 28, 20, 0.25
1, 7, 8, 28, 12, 0.25
1, 8, 9, 28, 17, 0.25
1, 1, 2, 29, 34, 0.25
1, 1, 4, 29, 43, 0.25
1, 2, 3, 29, 34, 0.25
1, 2, 5, 29, 27, 0.25
1, 3, 6, 29, 16, 0.25
1, 4, 5, 29, 28, 0.25
1, 4, 7, 29, 7, 0.25
1, 5, 6, 29, 32, 0.25
1, 5, 8, 29, 25, 0.25
1, 6, 9, 29, 43, 0.25
1, 7, 8, 29, 32, 0.25
1, 8, 9, 29, 22, 0.25
1, 1, 2, 30, 9, 0.25
1, 1, 4, 30, 40, 0.25
1, 2, 3, 30, 15, 0.25
1, 2, 5, 30, 15, 0.25
1, 3, 6, 30, 25, 0.25
1, 4, 5, 30, 34, 0.25
1, 4, 7, 30, 41, 0.25
1, 5, 6, 30, 43, 0.25
1, 5, 8, 30, 5, 0.25
1, 6, 9, 30, 7, 0.25
1, 7, 8, 30, 8, 0.25
1, 8, 9, 30, 41, 0.25
1, 1, 2, 31, 31, 0.25
1, 1, 4, 31, 15, 0.25
1, 2, 3, 31, 9, 0.25
1, 2, 5, 31, 21, 0.25
1, 3, 6, 31, 7, 0.25
1, 4, 5, 31, 38, 0.25
1, 4, 7, 31, 29, 0.25
1, 5, 6, 31, 11, 0.25
1, 5, 8, 31, 12, 0.25
1, 6, 9, 31, 21, 0.25
1, 7, 8, 31, 28, 0.25
1, 8, 9, 31, 1, 0.25
1, 1, 2, 32, 19, 0.25
1, 1, 4, 32, 41, 0.25
1, 2, 3, 32, 3, 0.25
1, 2, 5, 32, 15, 0.25
1, 3, 6, 32, 39, 0.25
1, 4, 5, 32, 12, 0.25
1, 4, 7, 32, 5, 0.25
1, 5, 6, 32, 29, 0.25
1, 5, 8, 32, 10, 0.25
1, 6, 9, 32, 33, 0.25
1, 7, 8, 32, 20, 0.25
1, 8, 9, 32, 40, 0.25
1, 1, 2, 33, 17, 0.25
1, 1, 4, 33, 8, 0.25
1, 2, 3, 33, 32, 0.25
1, 2, 5, 33, 32, 0.25
1, 3, 6, 33, 17, 0.25
1, 4, 5, 33, 20, 0.25
1, 4, 7, 33, 42, 0.25
1, 5, 6, 33, 11, 0.25
1, 5, 8, 33, 4, 0.25
1, 6, 9, 33, 13, 0.25
1, 7, 8, 33, 42, 0.25
1, 8, 9, 33, 4, 0.25
1, 1, 2, 34, 2, 0.25
1, 1, 4, 34, 33, 0.25
1, 2, 3, 34, 31, 0.25
1, 2, 5, 34, 42, 0.25
1, 3, 6, 34, 9, 0.25
1, 4, 5, 34, 31, 0.25
1, 4, 7, 34, 2, 0.25
1, 5, 6, 34, 25, 0.25
1, 5, 8, 34, 12, 0.25
1, 6, 9, 34, 23, 0.25
1, 7, 8, 34, 35, 0.25
1, 8, 9, 34, 21, 0.25
1, 1, 2, 35, 19, 0.25
1, 1, 4, 35, 30, 0.25
1, 2, 3, 35, 41, 0.25
1, 2, 5, 35, 15, 0.25
1, 3, 6, 35, 26, 0.25
1, 4, 5, 35, 8, 0.25
1, 4, 7, 35, 19, 0.25
1, 5, 6, 35, 40, 0.25
1, 5, 8, 35, 7, 0.25
1, 6, 9, 35, 9, 0.25
1, 7, 8, 35, 31, 0.25
1, 8, 9, 35, 26, 0.25
1, 1, 2, 36, 31, 0.25
1, 1, 4, 36, 17, 0.25
1, 2, 3, 36, 40, 0.25
1, 2, 5, 36, 10, 0.25
1, 3, 6, 36, 34, 0.25
1, 4, 5, 36, 28, 0.25
1, 4, 7, 36, 12, 0.25
1, 5, 6, 36, 17, 0.25
1, 5, 8, 36, 31, 0.25
1, 6, 9, 36, 20, 0.25
1, 7, 8, 36, 42, 0.25
1, 8, 9, 36, 35, 0.25
1, 1, 2, 37, 2, 0.25
1, 1, 4, 37, 14, 0.25
1, 2, 3, 37, 6, 0.25
1, 2, 5, 37, 11, 0.25
1, 3, 6, 37, 6, 0.25
1, 4, 5, 37, 20, 0.25
1, 4, 7, 37, 27, 0.25
1, 5, 6, 37, 27, 0.25
1, 5, 8, 37, 26, 0.25
1, 6, 9, 37, 15, 0.25
1, 7, 8, 37, 36, 0.25
1, 8, 9, 37, 15, 0.25
1, 1, 2, 38, 26, 0.25
1, 1, 4, 38, 42, 0.25
1, 2, 3, 38, 40, 0.25
1, 2, 5, 38, 41, 0.25
1, 3, 6, 38, 23, 0.25
1, 4, 5, 38, 38, 0.25
1, 4, 7, 38, 27, 0.25
1, 5, 6, 38, 6, 0.25
1, 5, 8, 38, 33, 0.25
1, 6, 9, 38, 39, 0.25
1, 7, 8, 38, 41, 0.25
1, 8, 9, 38, 19, 0.25
1, 1, 2, 39, 34, 0.25
1, 1, 4, 39, 14, 0.25
1, 2, 3, 39, 31, 0.25
1, 2, 5, 39, 17, 0.25
1, 3, 6, 39, 29, 0.25
1, 4, 5, 39, 44, 0.25
1, 4, 7, 39, 6, 0.25
1, 5, 6, 39, 24, 0.25
1, 5, 8, 39, 20, 0.25
1, 6, 9, 39, 39, 0.25
1, 7, 8, 39, 38, 0.25
1, 8, 9, 39, 18, 0.25
1, 1, 2, 40, 39, 0.25
1, 1, 4, 40, 35, 0.25
1, 2, 3, 40, 28, 0.25
1, 2, 5, 40, 15, 0.25
1, 3, 6, 40, 20, 0.25
1, 4, 5, 40, 37, 0.25
1, 4, 7, 40, 25, 0.25
1, 5, 6, 40, 13, 0.25
1, 5, 8, 40, 25, 0.25
1, 6, 9, 40, 27, 0.25
1, 7, 8, 40, 8, 0.25
1, 8, 9, 40, 7, 0.25
1, 1, 2, 41, 19, 0.25
1, 1, 4, 41, 9, 0.25
1, 2, 3, 41, 28, 0.25
1, 2, 5, 41, 41, 0.25
1, 3, 6, 41, 12, 0.25
1, 4, 5, 41, 41, 0.25
1, 4, 7, 41, 40, 0.25
1, 5, 6, 41, 38, 0.25
1, 5, 8, 41, 26, 0.25
1, 6, 9, 41, 19, 0.25
1, 7, 8, 41, 18, 0.25
1, 8, 9, 41, 24, 0.25
1, 1, 2, 42, 30, 0.25
1, 1, 4, 42, 35, 0.25
1, 2, 3, 42, 36, 0.25
1, 2, 5, 42, 37, 0.25
1, 3, 6, 42, 3, 0.25
1, 4, 5, 42, 13, 0.25
1, 4, 7, 42, 42, 0.25
1, 5, 6, 42, 25, 0.25
1, 5, 8, 42, 19, 0.25
1, 6, 9, 42, 28, 0.25
1, 7, 8, 42, 25, 0.25
1, 8, 9, 42, 42, 0.25
1, 1, 2, 43, 22, 0.25
1, 1, 4, 43, 35, 0.25
1, 2, 3, 43, 35, 0.25
1, 2, 5, 43, 37, 0.25
1, 3, 6, 43, 6, 0.25
1, 4, 5, 43, 26, 0.25
1, 4, 7, 43, 11, 0.25
1, 5, 6, 43, 29, 0.25
1, 5, 8, 43, 15, 0.25
1, 6, 9, 43, 18, 0.25
1, 7, 8, 43, 4, 0.25
1, 8, 9, 43, 12, 0.25
1, 1, 2, 44, 37, 0.25
1, 1, 4, 44, 28, 0.25
1, 2, 3, 44, 26, 0.25
1, 2, 5, 44, 26, 0.25
1, 3, 6, 44, 31, 0.25
1, 4, 5, 44, 8, 0.25
1, 4, 7, 44, 25, 0.25
1, 5, 6, 44, 34, 0.25
1, 5, 8, 44, 5, 0.25
1, 6, 9, 44, 7, 0.25
1, 7, 8, 44, 32, 0.25
1, 8, 9, 44, 39, 0.25
1, 1, 2, 45, 33, 0.25
1, 1, 4, 45, 4, 0.25
1, 2, 3, 45, 31, 0.25
1, 2, 5, 45, 4, 0.25
1, 3, 6, 45, 8, 0.25
1, 4, 5, 45, 10, 0.25
1, 4, 7, 45, 43, 0.25
1, 5, 6, 45, 4, 0.25
1, 5, 8, 45, 6, 0.25
1, 6, 9, 45, 30, 0.25
1, 7, 8, 45, 10, 0.25
1, 8, 9, 45, 34, 0.25
1, 1, 2, 46, 28, 0.25
1, 1, 4, 46, 11, 0.25
1, 2, 3, 46, 17, 0.25
1, 2, 5, 46, 23, 0.25
1, 3, 6, 46, 27, 0.25
1, 4, 5, 46, 37, 0.25
1, 4, 7, 46, 32, 0.25
1, 5, 6, 46, 42, 0.25
1, 5, 8, 46, 39, 0.25
1, 6, 9, 46, 31, 0.25
1, 7, 8, 46, 31, 0.25
1, 8, 9, 46, 43, 0.25
1, 1, 2, 47, 33, 0.25
1, 1, 4, 47, 15, 0.25
1, 2, 3, 47, 15, 0.25
1, 2, 5, 47, 8, 0.25
1, 3, 6, 47, 39, 0.25
1, 4, 5, 47, 7, 0.25
1, 4, 7, 47, 30, 0.25
1, 5, 6, 47, 40, 0.25
1, 5, 8, 47, 4, 0.25
1, 6, 9, 47, 32, 0.25
1, 7, 8, 47, 38, 0.25
1, 8, 9, 47, 32, 0.25
1, 1, 2, 48, 2, 0.25
1, 1, 4, 48, 4, 0.25
1, 2, 3, 48, 5, 0.25
1, 2, 5, 48, 22, 0.25
1, 3, 6, 48, 6, 0.25
1, 4, 5, 48, 4, 0.25
1, 4, 7, 48, 20, 0.25
1, 5, 6, 48, 21, 0.25
1, 5, 8, 48, 35, 0.25
1, 6, 9, 48, 22, 0.25
1, 7, 8, 48, 9, 0.25
1, 8, 9, 48, 25, 0.25
1, 1, 2, 49, 26, 0.25
1, 1, 4, 49, 37, 0.25
1, 2, 3, 49, 30, 0.25
1, 2, 5, 49, 19, 0.25
1, 3, 6, 49, 40, 0.25
1, 4, 5, 49, 7, 0.25
1, 4, 7, 49, 6, 0.25
1, 5, 6, 49, 37, 0.25
1, 5, 8, 49, 2, 0.25
1, 7, 8, 49, 35, 0.25
1, 8, 9, 49, 33, 0.25
1, 1, 2, 50, 7, 0.25
1, 1, 4, 50, 20, 0.25
1, 2, 3, 50, 6, 0.25
1, 2, 5, 50, 31, 0.25
1, 3, 6, 50, 15, 0.25
1, 4, 7, 50, 37, 0.25
1, 5, 6, 50, 35, 0.25
1, 5, 8, 50, 31, 0.25
1, 6, 9, 50, 30, 0.25
1, 8, 9, 50, 34, 0.25
1, 1, 2, 51, 21, 0.25
1, 1, 4, 51, 5, 0.25
1, 2, 3, 51, 29, 0.25
1, 2, 5, 51, 38, 0.25
1, 3, 6, 51, 2, 0.25
1, 4, 5, 51, 29, 0.25
1, 4, 7, 51, 35, 0.25
1, 5, 6, 51, 38, 0.25
1, 6, 9, 51, 31, 0.25
1, 7, 8, 51, 16, 0.25
1, 8, 9, 51, 23, 0.25
1, 1, 2, 52, 8, 0.25
1, 1, 4, 52, 25, 0.25
1, 2, 3, 52, 36, 0.25
1, 2, 5, 52, 22, 0.25
1, 3, 6, 52, 15, 0.25
1, 4, 5, 52, 33, 0.25
1, 4, 7, 52, 36, 0.25
1, 5, 6, 52, 31, 0.25
1, 5, 8, 52, 37, 0.25
1, 6, 9, 52, 13, 0.25
1, 7, 8, 52, 2, 0.25
1, 8, 9, 52, 8, 0.25
1, 1, 4, 53, 11, 0.25
1, 2, 3, 53, 22, 0.25
1, 2, 5, 53, 29, 0.25
1, 4, 5, 53, 36, 0.25
1, 4, 7, 53, 16, 0.25
1, 5, 6, 53, 17, 0.25
1, 7, 8, 53, 12, 0.25
1, 8, 9, 53, 3, 0.25
1, 1, 2, 54, 8, 0.25
1, 1, 4, 54, 11, 0.25
1, 2, 3, 54, 5, 0.25
1, 2, 5, 54, 10, 0.25
1, 3, 6, 54, 29, 0.25
1, 4, 5, 54, 33, 0.25
1, 4, 7, 54, 14, 0.25
1, 5, 6, 54, 18, 0.25
1, 5, 8, 54, 29, 0.25
1, 6, 9, 54, 14, 0.25
1, 7, 8, 54, 30, 0.25
1, 1, 2, 55, 22, 0.25
1, 1, 4, 55, 5, 0.25
1, 2, 3, 55, 31, 0.25
1, 2, 5, 55, 4, 0.25
1, 3, 6, 55, 8, 0.25
1, 4, 7, 55, 25, 0.25
1, 5, 6, 55, 20, 0.25
1, 5, 8, 55, 4, 0.25
1, 6, 9, 55, 18, 0.25
1, 7, 8, 55, 26, 0.25
1, 8, 9, 55, 7, 0.25
1, 1, 2, 56, 15, 0.25
1, 1, 4, 56, 10, 0.25
1, 2, 3, 56, 13, 0.25
1, 2, 5, 56, 18, 0.25
1, 3, 6, 56, 30, 0.25
1, 4, 5, 56, 8, 0.25
1, 4, 7, 56, 4, 0.25
1, 5, 8, 56, 2, 0.25
1, 6, 9, 56, 17, 0.25
1, 8, 9, 56, 24, 0.25
1, 1, 2, 57, 12, 0.25
1, 1, 4, 57, 28, 0.25
1, 2, 3, 57, 3, 0.25
1, 3, 6, 57, 25, 0.25
1, 5, 6, 57, 6, 0.25
1, 5, 8, 57, 25, 0.25
1, 6, 9, 57, 19, 0.25
1, 7, 8, 57, 3, 0.25
1, 1, 2, 58, 30, 0.25
1, 1, 4, 58, 29, 0.25
1, 2, 5, 58, 1, 0.25
1, 3, 6, 58, 17, 0.25
1, 4, 5, 58, 26, 0.25
1, 4, 7, 58, 9, 0.25
1, 5, 6, 58, 17, 0.25
1, 5, 8, 58, 16, 0.25
1, 7, 8, 58, 27, 0.25
1, 1, 4, 59, 5, 0.25
1, 2, 3, 59, 14, 0.25
1, 2, 5, 59, 3, 0.25
1, 4, 5, 59, 21, 0.25
1, 4, 7, 59, 27, 0.25
1, 5, 6, 59, 7, 0.25
1, 5, 8, 59, 24, 0.25
1, 6, 9, 59, 5, 0.25
1, 1, 2, 60, 19, 0.25
1, 1, 4, 60, 11, 0.25
1, 2, 3, 60, 25, 0.25
1, 4, 5, 60, 29, 0.25
1, 4, 7, 60, 23, 0.25
1, 5, 6, 60, 19, 0.25
1, 5, 8, 60, 11, 0.25
1, 6, 9, 60, 3, 0.25
1, 8, 9, 60, 18, 0.25
1, 1, 2, 61, 11, 0.25
1, 1, 4, 61, 6, 0.25
1, 2, 3, 61, 7, 0.25
1, 2, 5, 61, 25, 0.25
1, 3, 6, 61, 17, 0.25
1, 4, 5, 61, 20, 0.25
1, 4, 7, 61, 28, 0.25
1, 5, 6, 61, 21, 0.25
1, 5, 8, 61, 3, 0.25
1, 7, 8, 61, 18, 0.25
1, 8, 9, 61, 11, 0.25
1, 1, 2, 62, 6, 0.25
1, 1, 4, 62, 5, 0.25
1, 2, 3, 62, 19, 0.25
1, 5, 6, 62, 3, 0.25
1, 5, 8, 62, 14, 0.25
1, 8, 9, 62, 10, 0.25
1, 1, 4, 63, 11, 0.25
1, 2, 3, 63, 17, 0.25
1, 2, 5, 63, 5, 0.25
1, 4, 5, 63, 22, 0.25
1, 4, 7, 63, 12, 0.25
1, 5, 6, 63, 16, 0.25
1, 5, 8, 63, 14, 0.25
1, 6, 9, 63, 11, 0.25
1, 7, 8, 63, 3, 0.25
1, 8, 9, 63, 3, 0.25
1, 3, 6, 64, 6, 0.25
1, 4, 7, 64, 23, 0.25
1, 5, 6, 64, 12, 0.25
1, 6, 9, 64, 3, 0.25
1, 7, 8, 64, 18, 0.25
1, 8, 9, 64, 12, 0.25
1, 1, 2, 65, 4, 0.25
1, 1, 4, 65, 16, 0.25
1, 3, 6, 65, 13, 0.25
1, 4, 5, 65, 3, 0.25
1, 4, 7, 65, 16, 0.25
1, 5, 8, 65, 13, 0.25
1, 6, 9, 65, 17, 0.25
1, 7, 8, 65, 7, 0.25
1, 8, 9, 65, 20, 0.25
1, 1, 2, 66, 16, 0.25
1, 3, 6, 66, 13, 0.25
1, 5, 6, 66, 11, 0.25
1, 5, 8, 66, 13, 0.25
1, 7, 8, 66, 20, 0.25
1, 1, 4, 67, 2, 0.25
1, 3, 6, 67, 15, 0.25
1, 4, 7, 67, 9, 0.25
1, 5, 8, 67, 20, 0.25
1, 6, 9, 67, 6, 0.25
1, 7, 8, 67, 13, 0.25
1, 1, 4, 68, 11, 0.25
1, 2, 3, 68, 19, 0.25
1, 2, 5, 68, 7, 0.25
1, 3, 6, 68, 13, 0.25
1, 4, 7, 68, 4, 0.25
1, 1, 2, 69, 8, 0.25
1, 1, 4, 69, 8, 0.25
1, 2, 3, 69, 5, 0.25
1, 5, 8, 69, 13, 0.25
1, 6, 9, 69, 17, 0.25
1, 7, 8, 69, 13, 0.25
1, 8, 9, 69, 20, 0.25
1, 1, 4, 70, 19, 0.25
1, 5, 6, 70, 8, 0.25
1, 5, 8, 70, 3, 0.25
1, 6, 9, 70, 4, 0.25
1, 2, 3, 71, 17, 0.25
1, 8, 9, 71, 4, 0.25
1, 1, 2, 72, 8, 0.25
1, 2, 3, 72, 11, 0.25
1, 4, 5, 72, 7, 0.25
1, 6, 9, 72, 13, 0.25
1, 7, 8, 72, 12, 0.25
1, 1, 4, 73, 8, 0.25
1, 2, 3, 73, 2, 0.25
1, 5, 8, 73, 15, 0.25
1, 1, 2, 74, 12, 0.25
1, 2, 3, 74, 15, 0.25
1, 5, 6, 74, 7, 0.25
1, 8, 9, 74, 6, 0.25
1, 4, 5, 75, 4, 0.25
1, 5, 6, 75, 3, 0.25
1, 1, 2, 76, 10, 0.25
1, 5, 8, 76, 11, 0.25
1, 1, 2, 77, 10, 0.25
1, 1, 4, 77, 6, 0.25
1, 2, 5, 77, 4, 0.25
1, 3, 6, 77, 10, 0.25
1, 6, 9, 77, 2, 0.25
1, 2, 3, 78, 4, 0.25
1, 4, 7, 78, 4, 0.25
1, 7, 8, 78, 8, 0.25
1, 1, 2, 79, 9, 0.25
1, 2, 3, 79, 1, 0.25
1, 4, 5, 79, 6, 0.25
1, 1, 4, 80, 8, 0.25
1, 2, 3, 80, 6, 0.25
1, 2, 5, 80, 6, 0.25
1, 5, 8, 80, 5, 0.25
1, 6, 9, 80, 4, 0.25
1, 8, 9, 80, 7, 0.25
1, 1, 4, 81, 6, 0.25
1, 2, 3, 81, 2, 0.25
1, 7, 8, 81, 7, 0.25
1, 1, 4, 82, 7, 0.25
1, 2, 3, 83, 6, 0.25
1, 2, 5, 83, 5, 0.25
1, 4, 7, 84, 3, 0.25
1, 1, 2, 85, 3, 0.25
1, 3, 6, 85, 3, 0.25
1, 4, 7, 86, 1, 0.25
1, 2, 5, 88, 1, 0.25
2, 1, 2, 0, 32, 0.25
2, 1, 4, 0, 9, 0.25
2, 2, 3, 0, 7, 0.25
2, 2, 5, 0, 13, 0.25
2, 3, 6, 0, 28, 0.25
2, 4, 5, 0, 15, 0.25
2, 4, 7, 0, 21, 0.25
2, 5, 6, 0, 35, 0.25
2, 5, 8, 0, 24, 0.25
2, 6, 9, 0, 26, 0.25
2, 7, 8, 0, 43, 0.25
2, 8, 9, 0, 25, 0.25
2, 1, 2, 1, 12, 0.25
2, 1, 4, 1, 8, 0.25
2, 2, 3, 1, 22, 0.25
2, 2, 5, 1, 29, 0.25
2, 3, 6, 1, 13, 0.25
2, 4, 5, 1, 35, 0.25
2, 4, 7, 1, 1, 0.25
2, 5, 6, 1, 5, 0.25
2, 5, 8, 1, 13, 0.25
2, 6, 9, 1, 40, 0.25
2, 7, 8, 1, 5, 0.25
2, 8, 9, 1, 31, 0.25
2, 1, 2, 2, 40, 0.25
2, 1, 4, 2, 26, 0.25
2, 2, 3, 2, 11, 0.25
2, 2, 5, 2, 35, 0.25
2, 3, 6, 2, 41, 0.25
2, 4, 5, 2, 28, 0.25
2, 4, 7, 2, 29, 0.25
2, 5, 6, 2, 42, 0.25
2, 5, 8, 2, 38, 0.25
2, 6, 9, 2, 11, 0.25
2, 7, 8, 2, 6, 0.25
2, 8, 9, 2, 41, 0.25
2, 1, 2, 3, 25, 0.25
2, 1, 4, 3, 42, 0.25
2, 2, 3, 3, 40, 0.25
2, 2, 5, 3, 21, 0.25
2, 3, 6, 3, 24, 0.25
2, 4, 5, 3, 16, 0.25
2, 4, 7, 3, 27, 0.25
2, 5, 6, 3, 8, 0.25
2, 5, 8, 3, 29, 0.25
2, 6, 9, 3, 20, 0.25
2, 7, 8, 3, 39, 0.25
2, 8, 9, 3, 27, 0.25
2, 1, 2, 4, 16, 0.25
2, 1, 4, 4, 1, 0.25
2, 2, 3, 4, 12, 0.25
2, 2, 5, 4, 38, 0.25
2, 3, 6, 4, 35, 0.25
2, 4, 5, 4, 22, 0.25
2, 4, 7, 4, 23, 0.25
2, 5, 6, 4, 24, 0.25
2, 5, 8, 4, 36, 0.25
2, 6, 9, 4, 12, 0.25
2, 7, 8, 4, 7, 0.25
2, 8, 9, 4, 6, 0.25
2, 1, 2, 5, 41, 0.25
2, 1, 4, 5, 3, 0.25
2, 2, 3, 5, 15, 0.25
2, 2, 5, 5, 8, 0.25
2, 3, 6, 5, 22, 0.25
2, 4, 5, 5, 6, 0.25
2, 4, 7, 5, 44, 0.25
2, 5, 6, 5, 22, 0.25
2, 5, 8, 5, 32, 0.25
2, 6, 9, 5, 16, 0.25
2, 7, 8, 5, 3, 0.25
2, 8, 9, 5, 9, 0.25
2, 1, 2, 6, 27, 0.25
2, 1, 4, 6, 21, 0.25
2, 2, 3, 6, 16, 0.25
2, 2, 5, 6, 38, 0.25
2, 3, 6, 6, 1, 0.25
2, 4, 5, 6, 25, 0.25
2, 4, 7, 6, 42, 0.25
2, 5, 6, 6, 22, 0.25
2, 5, 8, 6, 35, 0.25
2, 6, 9, 6, 16, 0.25
2, 7, 8, 6, 11, 0.25
2, 8, 9, 6, 3, 0.25
2, 1, 2, 7, 7, 0.25
2, 1, 4, 7, 28, 0.25
2, 2, 3, 7, 5, 0.25
2, 2, 5, 7, 36, 0.25
2, 3, 6, 7, 3, 0.25
2, 4, 5, 7, 16, 0.25
2, 4, 7, 7, 15, 0.25
2, 5, 6, 7, 23, 0.25
2, 5, 8, 7, 9, 0.25
2, 6, 9, 7, 9, 0.25
2, 7, 8, 7, 19, 0.25
2, 8, 9, 7, 18, 0.25
2, 1, 2, 8, 21, 0.25
2, 1, 4, 8, 39, 0.25
2, 2, 3, 8, 42, 0.25
2, 2, 5, 8, 35, 0.25
2, 3, 6, 8, 2, 0.25
2, 4, 5, 8, 16, 0.25
2, 4, 7, 8, 37, 0.25
2, 5, 6, 8, 4, 0.25
2, 5, 8, 8, 29, 0.25
2, 6, 9, 8, 32, 0.25
2, 7, 8, 8, 13, 0.25
2, 8, 9, 8, 38, 0.25
2, 1, 2, 9, 37, 0.25
2, 1, 4, 9, 43, 0.25
2, 2, 3, 9, 40, 0.25
2, 2, 5, 9, 38, 0.25
2, 3, 6, 9, 38, 0.25
2, 4, 5, 9, 24, 0.25
2, 4, 7, 9, 15, 0.25
2, 5, 6, 9, 12, 0.25
2, 5, 8, 9, 13, 0.25
2, 6, 9, 9, 32, 0.25
2, 7, 8, 9, 32, 0.25
2, 8, 9, 9, 6, 0.25
2, 1, 2, 10, 27, 0.25
2, 1, 4, 10, 9, 0.25
2, 2, 3, 10, 8, 0.25
2, 2, 5, 10, 18, 0.25
2, 3, 6, 10, 30, 0.25
2, 4, 5, 10, 37, 0.25
2, 4, 7, 10, 20, 0.25
2, 5, 6, 10, 36, 0.25
2, 5, 8, 10, 24, 0.25
2, 6, 9, 10, 10, 0.25
2, 7, 8, 10, 5, 0.25
2, 8, 9, 10, 13, 0.25
2, 1, 2, 11, 36, 0.25
2, 1, 4, 11, 39, 0.25
2, 2, 3, 11, 29, 0.25
2, 2, 5, 11, 10, 0.25
2, 3, 6, 11, 41, 0.25
2, 4, 5, 11, 3, 0.25
2, 4, 7, 11, 32, 0.25
2, 5, 6, 11, 32, 0.25
2, 5, 8, 11, 1, 0.25
2, 6, 9, 11, 20, 0.25
2, 7, 8, 11, 12, 0.25
2, 8, 9, 11, 30, 0.25
2, 1, 2, 12, 8, 0.25
2, 1, 4, 12, 7, 0.25
2, 2, 3, 12, 6, 0.25
2, 2, 5, 12, 29, 0.25
2, 3, 6, 12, 36, 0.25
2, 4, 5, 12, 10, 0.25
2, 4, 7, 12, 12, 0.25
2, 5, 6, 12, 37, 0.25
2, 5, 8, 12, 5, 0.25
2, 6, 9, 12, 4, 0.25
2, 7, 8, 12, 9, 0.25
2, 8, 9, 12, 39, 0.25
2, 1, 2, 13, 21, 0.25
2, 1, 4, 13, 43, 0.25
2, 2, 3, 13, 40, 0.25
2, 2, 5, 13, 11, 0.25
2, 3, 6, 13, 20, 0.25
2, 4, 5, 13, 26, 0.25
2, 4, 7, 13, 13, 0.25
2, 5, 6, 13, 33, 0.25
2, 5, 8, 13, 6, 0.25
2, 6, 9, 13, 32, 0.25
2, 7, 8, 13, 1, 0.25
2, 8, 9, 13, 17, 0.25
2, 1, 2, 14, 32, 0.25
2, 1, 4, 14, 2, 0.25
2, 2, 3, 14, 18, 0.25
2, 2, 5, 14, 24, 0.25
2, 3, 6, 14, 34, 0.25
2, 4, 5, 14, 1, 0.25
2, 4, 7, 14, 15, 0.25
2, 5, 6, 14, 41, 0.25
2, 5, 8, 14, 44, 0.25
2, 6, 9, 14, 2, 0.25
2, 7, 8, 14, 23, 0.25
2, 8, 9, 14, 7, 0.25
2, 1, 2, 15, 1, 0.25
2, 1, 4, 15, 42, 0.25
2, 2, 3, 15, 18, 0.25
2, 2, 5, 15, 1, 0.25
2, 3, 6, 15, 25, 0.25
2, 4, 5, 15, 11, 0.25
2, 4, 7, 15, 8, 0.25
2, 5, 6, 15, 4, 0.25
2, 5, 8, 15, 15, 0.25
2, 6, 9, 15, 29, 0.25
2, 7, 8, 15, 11, 0.25
2, 8, 9, 15, 42, 0.25
2, 1, 2, 16, 2, 0.25
2, 1, 4, 16, 1, 0.25
2, 2, 3, 16, 5, 0.25
2, 2, 5, 16, 5, 0.25
2, 3, 6, 16, 12, 0.25
2, 4, 5, 16, 18, 0.25
2, 4, 7, 16, 31, 0.25
2, 5, 6, 16, 39, 0.25
2, 5, 8, 16, 41, 0.25
2, 6, 9, 16, 34, 0.25
2, 7, 8, 16, 32, 0.25
2, 8, 9, 16, 24, 0.25
2, 1, 2, 17, 15, 0.25
2, 1, 4, 17, 2, 0.25
2, 2, 3, 17, 21, 0.25
2, 2, 5, 17, 13, 0.25
2, 3, 6, 17, 25, 0.25
2, 4, 5, 17, 3, 0.25
2, 4, 7, 17, 40, 0.25
2, 5, 6, 17, 41, 0.25
2, 5, 8, 17, 5, 0.25
2, 6, 9, 17, 19, 0.25
2, 7, 8, 17, 7, 0.25
2, 8, 9, 17, 13, 0.25
2, 1, 2, 18, 43, 0.25
2, 1, 4, 18, 28, 0.25
2, 2, 3, 18, 28, 0.25
2, 2, 5, 18, 43, 0.25
2, 3, 6, 18, 35, 0.25
2, 4, 5, 18, 8, 0.25
2, 4, 7, 18, 31, 0.25
2, 5, 6, 18, 15, 0.25
2, 5, 8, 18, 40, 0.25
2, 6, 9, 18, 5, 0.25
2, 7, 8, 18, 28, 0.25
2, 8, 9, 18, 21, 0.25
2, 1, 2, 19, 18, 0.25
2, 1, 4, 19, 42, 0.25
2, 2, 3, 19, 44, 0.25
2, 2, 5, 19, 16, 0.25
2, 3, 6, 19, 23, 0.25
2, 4, 5, 19, 19, 0.25
2, 4, 7, 19, 15, 0.25
2, 5, 6, 19, 24, 0.25
2, 5, 8, 19, 35, 0.25
2, 6, 9, 19, 10, 0.25
2, 7, 8, 19, 43, 0.25
2, 8, 9, 19, 31, 0.25
2, 1, 2, 20, 30, 0.25
2, 1, 4, 20, 13, 0.25
2, 2, 3, 20, 12, 0.25
2, 2, 5, 20, 18, 0.25
2, 3, 6, 20, 26, 0.25
2, 4, 5, 20, 41, 0.25
2, 4, 7, 20, 21, 0.25
2, 5, 6, 20, 27, 0.25
2, 5, 8, 20, 15, 0.25
2, 6, 9, 20, 2, 0.25
2, 7, 8, 20, 23, 0.25
2, 8, 9, 20, 16, 0.25
2, 1, 2, 21, 17, 0.25
2, 1, 4, 21, 28, 0.25
2, 2, 3, 21, 38, 0.25
2, 2, 5, 21, 17, 0.25
2, 3, 6, 21, 24, 0.25
2, 4, 5, 21, 43, 0.25
2, 4, 7, 21, 17, 0.25
2, 5, 6, 21, 43, 0.25
2, 5, 8, 21, 26, 0.25
2, 6, 9, 21, 18, 0.25
2, 7, 8, 21, 29, 0.25
2, 8, 9, 21, 16, 0.25
2, 1, 2, 22, 42, 0.25
2, 1, 4, 22, 24, 0.25
2, 2, 3, 22, 30, 0.25
2, 2, 5, 22, 32, 0.25
2, 3, 6, 22, 4, 0.25
2, 4, 5, 22, 31, 0.25
2, 4, 7, 22, 21, 0.25
2, 5, 6, 22, 8, 0.25
2, 5, 8, 22, 14, 0.25
2, 6, 9, 22, 12, 0.25
2, 7, 8, 22, 37, 0.25
2, 8, 9, 22, 43, 0.25
2, 1, 2, 23, 26, 0.25
2, 1, 4, 23, 25, 0.25
2, 2, 3, 23, 18, 0.25
2, 2, 5, 23, 6, 0.25
2, 3, 6, 23, 26, 0.25
2, 4, 5, 23, 3, 0.25
2, 4, 7, 23, 7, 0.25
2, 5, 6, 23, 7, 0.25
2, 5, 8, 23, 22, 0.25
2, 6, 9, 23, 26, 0.25
2, 7, 8, 23, 6, 0.25
2, 8, 9, 23, 2, 0.25
2, 1, 2, 24, 42, 0.25
2, 1, 4, 24, 27, 0.25
2, 2, 3, 24, 11, 0.25
2, 2, 5, 24, 17, 0.25
2, 3, 6, 24, 23, 0.25
2, 4, 5, 24, 6, 0.25
2, 4, 7, 24, 16, 0.25
2, 5, 6, 24, 35, 0.25
2, 5, 8, 24, 15, 0.25
2, 6, 9, 24, 9, 0.25
2, 7, 8, 24, 37, 0.25
2, 8, 9, 24, 5, 0.25
2, 1, 2, 25, 19, 0.25
2, 1, 4, 25, 30, 0.25
2, 2, 3, 25, 41, 0.25
2, 2, 5, 25, 28, 0.25
2, 3, 6, 25, 36, 0.25
2, 4, 5, 25, 37, 0.25
2, 4, 7, 25, 9, 0.25
2, 5, 6, 25, 35, 0.25
2, 5, 8, 25, 27, 0.25
2, 6, 9, 25, 8, 0.25
2, 7, 8, 25, 1, 0.25
2, 8, 9, 25, 13, 0.25
2, 1, 2, 26, 32, 0.25
2, 1, 4, 26, 16, 0.25
2, 2, 3, 26, 8, 0.25
2, 2, 5, 26, 41, 0.25
2, 3, 6, 26, 23, 0.25
2, 4, 5, 26, 31, 0.25
2, 4, 7, 26, 17, 0.25
2, 5, 6, 26, 16, 0.25
2, 5, 8, 26, 32, 0.25
2, 6, 9, 26, 36, 0.25
2, 7, 8, 26, 28, 0.25
2, 8, 9, 26, 33, 0.25
2, 1, 2, 27, 3, 0.25
2, 1, 4, 27, 28, 0.25
2, 2, 3, 27, 8, 0.25
2, 2, 5, 27, 32, 0.25
2, 3, 6, 27, 9, 0.25
2, 4, 5, 27, 33, 0.25
2, 4, 7, 27, 5, 0.25
2, 5, 6, 27, 32, 0.25
2, 5, 8, 27, 31, 0.25
2, 6, 9, 27, 34, 0.25
2, 7, 8, 27, 38, 0.25
2, 8, 9, 27, 11, 0.25
2, 1, 2, 28, 32, 0.25
2, 1, 4, 28, 41, 0.25
2, 2, 3, 28, 37, 0.25
2, 2, 5, 28, 40, 0.25
2, 3, 6, 28, 17, 0.25
2, 4, 5, 28, 28, 0.25
2, 4, 7, 28, 13, 0.25
2, 5, 6, 28, 28, 0.25
2, 5, 8, 28, 35, 0.25
2, 6, 9, 28, 28, 0.25
2, 7, 8, 28, 2, 0.25
2, 8, 9, 28, 25, 0.25
2, 1, 2, 29, 34, 0.25
2, 1, 4, 29, 4, 0.25
2, 2, 3, 29, 43, 0.25
2, 2, 5, 29, 23, 0.25
2, 3, 6, 29, 13, 0.25
2, 4, 5, 29, 27, 0.25
2, 4, 7, 29, 8, 0.25
2, 5, 6, 29, 11, 0.25
2, 5, 8, 29, 35, 0.25
2, 6, 9, 29, 7, 0.25
2, 7, 8, 29, 33, 0.25
2, 8, 9, 29, 27, 0.25
2, 1, 2, 30, 32, 0.25
2, 1, 4, 30, 19, 0.25
2, 2, 3, 30, 32, 0.25
2, 2, 5, 30, 29, 0.25
2, 3, 6, 30, 35, 0.25
2, 4, 5, 30, 20, 0.25
2, 4, 7, 30, 2, 0.25
2, 5, 6, 30, 37, 0.25
2, 5, 8, 30, 24, 0.25
2, 6, 9, 30, 6, 0.25
2, 7, 8, 30, 39, 0.25
2, 8, 9, 30, 2, 0.25
2, 1, 2, 31, 12, 0.25
2, 1, 4, 31, 44, 0.25
2, 2, 3, 31, 5, 0.25
2, 2, 5, 31, 39, 0.25
2, 3, 6, 31, 13, 0.25
2, 4, 5, 31, 12, 0.25
2, 4, 7, 31, 42, 0.25
2, 5, 6, 31, 3, 0.25
2, 5, 8, 31, 27, 0.25
2, 6, 9, 31, 41, 0.25
2, 7, 8, 31, 40, 0.25
2, 8, 9, 31, 32, 0.25
2, 1, 2, 32, 39, 0.25
2, 1, 4, 32, 35, 0.25
2, 2, 3, 32, 12, 0.25
2, 2, 5, 32, 27, 0.25
2, 3, 6, 32, 38, 0.25
2, 4, 5, 32, 35, 0.25
2, 4, 7, 32, 17, 0.25
2, 5, 6, 32, 34, 0.25
2, 5, 8, 32, 37, 0.25
2, 6, 9, 32, 26, 0.25
2, 7, 8, 32, 17, 0.25
2, 8, 9, 32, 39, 0.25
2, 1, 2, 33, 38, 0.25
2, 1, 4, 33, 2, 0.25
2, 2, 3, 33, 38, 0.25
2, 2, 5, 33, 15, 0.25
2, 3, 6, 33, 6, 0.25
2, 4, 5, 33, 13, 0.25
2, 4, 7, 33, 36, 0.25
2, 5, 6, 33, 39, 0.25
2, 5, 8, 33, 34, 0.25
2, 6, 9, 33, 21, 0.25
2, 7, 8, 33, 43, 0.25
2, 8, 9, 33, 44, 0.25
2, 1, 2, 34, 14, 0.25
2, 1, 4, 34, 14, 0.25
2, 2, 3, 34, 7, 0.25
2, 2, 5, 34, 43, 0.25
2, 3, 6, 34, 24, 0.25
2, 4, 5, 34, 38, 0.25
2, 4, 7, 34, 35, 0.25
2, 5, 6, 34, 8, 0.25
2, 5, 8, 34, 20, 0.25
2, 6, 9, 34, 13, 0.25
2, 7, 8, 34, 8, 0.25
2, 8, 9, 34, 17, 0.25
2, 1, 2, 35, 17, 0.25
2, 1, 4, 35, 2, 0.25
2, 2, 3, 35, 12, 0.25
2, 2, 5, 35, 40, 0.25
2, 3, 6, 35, 26, 0.25
2, 4, 5, 35, 29, 0.25
2, 4, 7, 35, 36, 0.25
2, 5, 6, 35, 40, 0.25
2, 5, 8, 35, 40, 0.25
2, 6, 9, 35, 32, 0.25
2, 7, 8, 35, 28, 0.25
2, 8, 9, 35, 10, 0.25
2, 1, 2, 36, 14, 0.25
2, 1, 4, 36, 39, 0.25
2, 2, 3, 36, 16, 0.25
2, 2, 5, 36, 39, 0.25
2, 3, 6, 36, 12, 0.25
2, 4, 5, 36, 5, 0.25
2, 4, 7, 36, 26, 0.25
2, 5, 6, 36, 31, 0.25
2, 5, 8, 36, 35, 0.25
2, 6, 9, 36, 35, 0.25
2, 7, 8, 36, 2, 0.25
2, 8, 9, 36, 25, 0.25
2, 1, 2, 37, 27, 0.25
2, 1, 4, 37, 39, 0.25
2, 2, 3, 37, 33, 0.25
2, 2, 5, 37, 8, 0.25
2, 3, 6, 37, 32, 0.25
2, 4, 5, 37, 34, 0.25
2, 4, 7, 37, 12, 0.25
2, 5, 6, 37, 10, 0.25
2, 5, 8, 37, 37, 0.25
2, 6, 9, 37, 33, 0.25
2, 7, 8, 37, 29, 0.25
2, 8, 9, 37, 28, 0.25
2, 1, 2, 38, 33, 0.25
2, 1, 4, 38, 29, 0.25
2, 2, 3, 38, 31, 0.25
2, 2, 5, 38, 5, 0.25
2, 3, 6, 38, 16, 0.25
2, 4, 5, 38, 16, 0.25
2, 4, 7, 38, 12, 0.25
2, 5, 6, 38, 2, 0.25
2, 5, 8, 38, 24, 0.25
2, 6, 9, 38, 33, 0.25
2, 7, 8, 38, 31, 0.25
2, 8, 9, 38, 36, 0.25
2, 1, 2, 39, 11, 0.25
2, 1, 4, 39, 25, 0.25
2, 2, 3, 39, 36, 0.25
2, 2, 5, 39, 41, 0.25
2, 3, 6, 39, 43, 0.25
2, 4, 5, 39, 10, 0.25
2, 4, 7, 39, 30, 0.25
2, 5, 6, 39, 28, 0.25
2, 5, 8, 39, 36, 0.25
2, 6, 9, 39, 39, 0.25
2, 7, 8, 39, 4, 0.25
2, 8, 9, 39, 41, 0.25
2, 1, 2, 40, 12, 0.25
2, 1, 4, 40, 15, 0.25
2, 2, 3, 40, 7, 0.25
2, 2, 5, 40, 2, 0.25
2, 3, 6, 40, 17, 0.25
2, 4, 5, 40, 19, 0.25
2, 4, 7, 40, 16, 0.25
2, 5, 6, 40, 35, 0.25
2, 5, 8, 40, 40, 0.25
2, 6, 9, 40, 23, 0.25
2, 7, 8, 40, 4, 0.25
2, 8, 9, 40, 31, 0.25
2, 1, 2, 41, 37, 0.25
2, 1, 4, 41, 27, 0.25
2, 2, 3, 41, 14, 0.25
2, 2, 5, 41, 43, 0.25
2, 3, 6, 41, 21, 0.25
2, 4, 5, 41, 12, 0.25
2, 4, 7, 41, 2, 0.25
2, 5, 6, 41, 32, 0.25
2, 5, 8, 41, 27, 0.25
2, 6, 9, 41, 10, 0.25
2, 7, 8, 41, 29, 0.25
2, 8, 9, 41, 28, 0.25
2, 1, 2, 42, 26, 0.25
2, 1, 4, 42, 21, 0.25
2, 2, 3, 42, 6, 0.25
2, 2, 5, 42, 14, 0.25
2, 3, 6, 42, 23, 0.25
2, 4, 5, 42, 30, 0.25
2, 4, 7, 42, 6, 0.25
2, 5, 6, 42, 27, 0.25
2, 5, 8, 42, 40, 0.25
2, 6, 9, 42, 44, 0.25
2, 7, 8, 42, 5, 0.25
2, 8, 9, 42, 6, 0.25
2, 1, 2, 43, 1, 0.25
2, 1, 4, 43, 24, 0.25
2, 2, 3, 43, 41, 0.25
2, 2, 5, 43, 36, 0.25
2, 3, 6, 43, 34, 0.25
2, 4, 5, 43, 29, 0.25
2, 4, 7, 43, 33, 0.25
2, 5, 6, 43, 39, 0.25
2, 5, 8, 43, 41, 0.25
2, 6, 9, 43, 36, 0.25
2, 7, 8, 43, 23, 0.25
2, 8, 9, 43, 38, 0.25
2, 1, 2, 44, 24, 0.25
2, 1, 4, 44, 9, 0.25
2, 2, 3, 44, 33, 0.25
2, 2, 5, 44, 39, 0.25
2, 3, 6, 44, 3, 0.25
2, 4, 5, 44, 10, 0.25
2, 4, 7, 44, 28, 0.25
2, 5, 6, 44, 21, 0.25
2, 5, 8, 44, 5, 0.25
2, 6, 9, 44, 24, 0.25
2, 7, 8, 44, 34, 0.25
2, 8, 9, 44, 2, 0.25
2, 1, 2, 45, 7, 0.25
2, 1, 4, 45, 22, 0.25
2, 2, 3, 45, 31, 0.25
2, 2, 5, 45, 36, 0.25
2, 3, 6, 45, 44, 0.25
2, 4, 5, 45, 1, 0.25
2, 4, 7, 45, 28, 0.25
2, 5, 6, 45, 20, 0.25
2, 5, 8, 45, 31, 0.25
2, 6, 9, 45, 33, 0.25
2, 7, 8, 45, 35, 0.25
2, 8, 9, 45, 7, 0.25
2, 1, 2, 46, 42, 0.25
2, 1, 4, 46, 20, 0.25
2, 2, 3, 46, 23, 0.25
2, 2, 5, 46, 8, 0.25
2, 3, 6, 46, 32, 0.25
2, 4, 5, 46, 22, 0.25
2, 4, 7, 46, 11, 0.25
2, 5, 6, 46, 7, 0.25
2, 5, 8, 46, 10, 0.25
2, 6, 9, 46, 8, 0.25
2, 7, 8, 46, 5, 0.25
2, 8, 9, 46, 34, 0.25
2, 1, 2, 47, 17, 0.25
2, 1, 4, 47, 20, 0.25
2, 2, 3, 47, 42, 0.25
2, 2, 5, 47, 40, 0.25
2, 3, 6, 47, 15, 0.25
2, 4, 5, 47, 24, 0.25
2, 4, 7, 47, 9, 0.25
2, 5, 6, 47, 31, 0.25
2, 5, 8, 47, 27, 0.25
2, 6, 9, 47, 35, 0.25
2, 7, 8, 47, 29, 0.25
2, 8, 9, 47, 32, 0.25
2, 1, 2, 48, 36, 0.25
2, 1, 4, 48, 22, 0.25
2, 2, 3, 48, 11, 0.25
2, 2, 5, 48, 33, 0.25
2, 3, 6, 48, 27, 0.25
2, 4, 5, 48, 40, 0.25
2, 4, 7, 48, 38, 0.25
2, 5, 6, 48, 13, 0.25
2, 5, 8, 48, 10, 0.25
2, 6, 9, 48, 6, 0.25
2, 7, 8, 48, 4, 0.25
2, 8, 9, 48, 16, 0.25
2, 1, 2, 49, 4, 0.25
2, 2, 3, 49, 26, 0.25
2, 2, 5, 49, 29, 0.25
2, 3, 6, 49, 15, 0.25
2, 4, 5, 49, 23, 0.25
2, 4, 7, 49, 10, 0.25
2, 5, 6, 49, 12, 0.25
2, 5, 8, 49, 29, 0.25
2, 6, 9, 49, 17, 0.25
2, 7, 8, 49, 19, 0.25
2, 8, 9, 49, 28, 0.25
2, 1, 2, 50, 16, 0.25
2, 1, 4, 50, 26, 0.25
2, 2, 3, 50, 31, 0.25
2, 2, 5, 50, 32, 0.25
2, 3, 6, 50, 38, 0.25
2, 4, 5, 50, 3, 0.25
2, 4, 7, 50, 10, 0.25
2, 5, 6, 50, 25, 0.25
2, 5, 8, 50, 10, 0.25
2, 6, 9, 50, 8, 0.25
2, 7, 8, 50, 12, 0.25
2, 8, 9, 50, 29, 0.25
2, 1, 2, 51, 37, 0.25
2, 1, 4, 51, 31, 0.25
2, 2, 5, 51, 11, 0.25
2, 3, 6, 51, 4, 0.25
2, 4, 5, 51, 29, 0.25
2, 4, 7, 51, 13, 0.25
2, 5, 6, 51, 6, 0.25
2, 5, 8, 51, 34, 0.25
2, 6, 9, 51, 1, 0.25
2, 7, 8, 51, 28, 0.25
2, 8, 9, 51, 9, 0.25
2, 1, 2, 52, 18, 0.25
2, 1, 4, 52, 25, 0.25
2, 2, 3, 52, 2, 0.25
2, 2, 5, 52, 37, 0.25
2, 3, 6, 52, 26, 0.25
2, 4, 7, 52, 31, 0.25
2, 5, 6, 52, 10, 0.25
2, 5, 8, 52, 10, 0.25
2, 6, 9, 52, 36, 0.25
2, 7, 8, 52, 34, 0.25
2, 8, 9, 52, 19, 0.25
2, 1, 4, 53, 23, 0.25
2, 2, 3, 53, 32, 0.25
2, 2, 5, 53, 17, 0.25
2, 3, 6, 53, 18, 0.25
2, 4, 5, 53, 17, 0.25
2, 4, 7, 53, 11, 0.25
2, 5, 6, 53, 14, 0.25
2, 5, 8, 53, 23, 0.25
2, 6, 9, 53, 11, 0.25
2, 7, 8, 53, 11, 0.25
2, 8, 9, 53, 31, 0.25
2, 1, 2, 54, 35, 0.25
2, 1, 4, 54, 25, 0.25
2, 2, 3, 54, 30, 0.25
2, 3, 6, 54, 3, 0.25
2, 4, 7, 54, 2, 0.25
2, 6, 9, 54, 31, 0.25
2, 7, 8, 54, 16, 0.25
2, 8, 9, 54, 34, 0.25
2, 1, 4, 55, 12, 0.25
2, 2, 3, 55, 14, 0.25
2, 3, 6, 55, 10, 0.25
2, 4, 5, 55, 21, 0.25
2, 5, 6, 55, 32, 0.25
2, 5, 8, 55, 26, 0.25
2, 6, 9, 55, 2, 0.25
2, 7, 8, 55, 1, 0.25
2, 1, 2, 56, 7, 0.25
2, 2, 3, 56, 17, 0.25
2, 2, 5, 56, 32, 0.25
2, 3, 6, 56, 11, 0.25
2, 4, 5, 56, 3, 0.25
2, 5, 8, 56, 7, 0.25
2, 6, 9, 56, 14, 0.25
2, 7, 8, 56, 11, 0.25
2, 8, 9, 56, 8, 0.25
2, 1, 2, 57, 29, 0.25
2, 1, 4, 57, 15, 0.25
2, 2, 3, 57, 2, 0.25
2, 3, 6, 57, 22, 0.25
2, 4, 5, 57, 7, 0.25
2, 4, 7, 57, 15, 0.25
2, 5, 6, 57, 10, 0.25
2, 5, 8, 57, 14, 0.25
2, 8, 9, 57, 19, 0.25
2, 1, 2, 58, 24, 0.25
2, 1, 4, 58, 19, 0.25
2, 2, 3, 58, 3, 0.25
2, 2, 5, 58, 10, 0.25
2, 4, 7, 58, 25, 0.25
2, 5, 6, 58, 18, 0.25
2, 5, 8, 58, 13, 0.25
2, 6, 9, 58, 15, 0.25
2, 7, 8, 58, 18, 0.25
2, 8, 9, 58, 30, 0.25
2, 1, 4, 59, 27, 0.25
2, 2, 3, 59, 13, 0.25
2, 4, 5, 59, 27, 0.25
2, 4, 7, 59, 5, 0.25
2, 5, 6, 59, 16, 0.25
2, 5, 8, 59, 1, 0.25
2, 6, 9, 59, 29, 0.25
2, 8, 9, 59, 5, 0.25
2, 1, 2, 60, 10, 0.25
2, 1, 4, 60, 12, 0.25
2, 3, 6, 60, 28, 0.25
2, 4, 5, 60, 21, 0.25
2, 4, 7, 60, 22, 0.25
2, 5, 6, 60, 10, 0.25
2, 6, 9, 60, 15, 0.25
2, 7, 8, 60, 2, 0.25
2, 1, 2, 61, 8, 0.25
2, 2, 3, 61, 22, 0.25
2, 2, 5, 61, 12, 0.25
2, 4, 5, 61, 24, 0.25
2, 4, 7, 61, 28, 0.25
2, 5, 8, 61, 5, 0.25
2, 6, 9, 61, 15, 0.25
2, 7, 8, 61, 5, 0.25
2, 8, 9, 61, 20, 0.25
2, 1, 4, 62, 4, 0.25
2, 2, 3, 62, 8, 0.25
2, 3, 6, 62, 27, 0.25
2, 4, 5, 62, 3, 0.25
2, 5, 6, 62, 6, 0.25
2, 5, 8, 62, 2, 0.25
2, 7, 8, 62, 27, 0.25
2, 8, 9, 62, 24, 0.25
2, 1, 4, 63, 6, 0.25
2, 2, 3, 63, 21, 0.25
2, 4, 5, 63, 18, 0.25
2, 4, 7, 63, 25, 0.25
2, 7, 8, 63, 6, 0.25
2, 1, 2, 64, 12, 0.25
2, 2, 3, 64, 17, 0.25
2, 3, 6, 64, 13, 0.25
2, 4, 5, 64, 19, 0.25
2, 5, 6, 64, 11, 0.25
2, 7, 8, 64, 9, 0.25
2, 8, 9, 64, 7, 0.25
2, 1, 2, 65, 8, 0.25
2, 1, 4, 65, 3, 0.25
2, 2, 3, 65, 9, 0.25
2, 5, 6, 65, 16, 0.25
2, 6, 9, 65, 14, 0.25
2, 7, 8, 65, 2, 0.25
2, 8, 9, 65, 24, 0.25
2, 2, 3, 66, 17, 0.25
2, 2, 5, 66, 4, 0.25
2, 3, 6, 66, 10, 0.25
2, 4, 5, 66, 22, 0.25
2, 5, 8, 66, 6, 0.25
2, 6, 9, 66, 13, 0.25
2, 7, 8, 66, 18, 0.25
2, 1, 2, 67, 9, 0.25
2, 3, 6, 67, 7, 0.25
2, 4, 5, 67, 22, 0.25
2, 4, 7, 67, 18, 0.25
2, 5, 6, 67, 11, 0.25
2, 5, 8, 67, 14, 0.25
2, 6, 9, 67, 15, 0.25
2, 8, 9, 67, 21, 0.25
2, 1, 2, 68, 11, 0.25
2, 2, 3, 68, 2, 0.25
2, 2, 5, 68, 16, 0.25
2, 4, 7, 68, 18, 0.25
2, 5, 6, 68, 8, 0.25
2, 6, 9, 68, 1, 0.25
2, 7, 8, 68, 14, 0.25
2, 8, 9, 68, 14, 0.25
2, 1, 2, 69, 9, 0.25
2, 3, 6, 69, 10, 0.25
2, 4, 5, 69, 11, 0.25
2, 5, 6, 69, 13, 0.25
2, 5, 8, 69, 3, 0.25
2, 6, 9, 69, 9, 0.25
2, 7, 8, 69, 3, 0.25
2, 2, 5, 70, 12, 0.25
2, 3, 6, 70, 2, 0.25
2, 4, 7, 70, 16, 0.25
2, 2, 5, 71, 16, 0.25
2, 4, 5, 71, 6, 0.25
2, 6, 9, 71, 3, 0.25
2, 1, 2, 72, 8, 0.25
2, 2, 5, 72, 15, 0.25
2, 3, 6, 72, 13, 0.25
2, 4, 5, 72, 16, 0.25
2, 6, 9, 72, 3, 0.25
2, 7, 8, 72, 10, 0.25
2, 1, 4, 73, 3, 0.25
2, 2, 3, 73, 6, 0.25
2, 2, 5, 73, 3, 0.25
2, 3, 6, 73, 16, 0.25
2, 5, 8, 73, 15, 0.25
2, 7, 8, 73, 15, 0.25
2, 8, 9, 73, 11, 0.25
2, 2, 3, 74, 5, 0.25
2, 2, 5, 74, 6, 0.25
2, 5, 6, 74, 11, 0.25
2, 6, 9, 74, 5, 0.25
2, 7, 8, 74, 6, 0.25
2, 8, 9, 74, 10, 0.25
2, 1, 4, 75, 9, 0.25
2, 2, 5, 75, 14, 0.25
2, 4, 5, 75, 2, 0.25
2, 1, 2, 76, 10, 0.25
2, 1, 4, 76, 9, 0.25
2, 2, 5, 76, 6, 0.25
2, 4, 7, 77, 7, 0.25
2, 6, 9, 77, 10, 0.25
2, 1, 2, 78, 10, 0.25
2, 3, 6, 78, 1, 0.25
2, 5, 8, 78, 3, 0.25
2, 6, 9, 78, 6, 0.25
2, 8, 9, 78, 5, 0.25
2, 5, 8, 79, 6, 0.25
2, 2, 3, 80, 4, 0.25
2, 1, 4, 81, 6, 0.25
2, 2, 5, 81, 5, 0.25
2, 2, 3, 82, 6, 0.25
2, 8, 9, 82, 2, 0.25
2, 2, 3, 83, 4, 0.25
2, 4, 7, 84, 5, 0.25
2, 4, 5, 85, 2, 0.25
2, 8, 9, 85, 2, 0.25
2, 3, 6, 86, 2, 0.25
2, 5, 6, 88, 1, 0.25
3, 1, 2, 0, 42, 0.25
3, 1, 4, 0, 25, 0.25
3, 2, 3, 0, 6, 0.25
3, 2, 5, 0, 8, 0.25
3, 3, 6, 0, 15, 0.25
3, 4, 5, 0, 39, 0.25
3, 4, 7, 0, 6, 0.25
3, 5, 6, 0, 6, 0.25
3, 5, 8, 0, 16, 0.25
3, 6, 9, 0, 19, 0.25
3, 7, 8, 0, 4, 0.25
3, 8, 9, 0, 40, 0.25
3, 1, 2, 1, 22, 0.25
3, 1, 4, 1, 32, 0.25
3, 2, 3, 1, 14, 0.25
3, 2, 5, 1, 9, 0.25
3, 3, 6, 1, 5, 0.25
3, 4, 5, 1, 5, 0.25
3, 4, 7, 1, 23, 0.25
3, 5, 6, 1, 42, 0.25
3, 5, 8, 1, 12, 0.25
3, 6, 9, 1, 41, 0.25
3, 7, 8, 1, 23, 0.25
3, 8, 9, 1, 16, 0.25
3, 1, 2, 2, 31, 0.25
3, 1, 4, 2, 9, 0.25
3, 2, 3, 2, 42, 0.25
3, 2, 5, 2, 30, 0.25
3, 3, 6, 2, 12, 0.25
3, 4, 5, 2, 8, 0.25
3, 4, 7, 2, 17, 0.25
3, 5, 6, 2, 2, 0.25
3, 5, 8, 2, 20, 0.25
3, 6, 9, 2, 15, 0.25
3, 7, 8, 2, 4, 0.25
3, 8, 9, 2, 24, 0.25
3, 1, 2, 3, 40, 0.25
3, 1, 4, 3, 18, 0.25
3, 2, 3, 3, 40, 0.25
3, 2, 5, 3, 3, 0.25
3, 3, 6, 3, 20, 0.25
3, 4, 5, 3, 30, 0.25
3, 4, 7, 3, 3, 0.25
3, 5, 6, 3, 6, 0.25
3, 5, 8, 3, 26, 0.25
3, 6, 9, 3, 32, 0.25
3, 7, 8, 3, 26, 0.25
3, 8, 9, 3, 33, 0.25
3, 1, 2, 4, 39, 0.25
3, 1, 4, 4, 42, 0.25
3, 2, 3, 4, 29, 0.25
3, 2, 5, 4, 7, 0.25
3, 3, 6, 4, 31, 0.25
3, 4, 5, 4, 32, 0.25
3, 4, 7, 4, 15, 0.25
3, 5, 6, 4, 6, 0.25
3, 5, 8, 4, 2, 0.25
3, 6, 9, 4, 10, 0.25
3, 7, 8, 4, 24, 0.25
3, 8, 9, 4, 9, 0.25
3, 1, 2, 5, 25, 0.25
3, 1, 4, 5, 37, 0.25
3, 2, 3, 5, 42, 0.25
3, 2, 5, 5, 1, 0.25
3, 3, 6, 5, 18, 0.25
3, 4, 5, 5, 17, 0.25
3, 4, 7, 5, 16, 0.25
3, 5, 6, 5, 35, 0.25
3, 5, 8, 5, 40, 0.25
3, 6, 9, 5, 29, 0.25
3, 7, 8, 5, 17, 0.25
3, 8, 9, 5, 16, 0.25
3, 1, 2, 6, 21, 0.25
3, 1, 4, 6, 28, 0.25
3, 2, 3, 6, 42, 0.25
3, 2, 5, 6, 13, 0.25
3, 3, 6, 6, 29, 0.25
3, 4, 5, 6, 34, 0.25
3, 4, 7, 6, 32, 0.25
3, 5, 6, 6, 18, 0.25
3, 5, 8, 6, 9, 0.25
3, 6, 9, 6, 8, 0.25
3, 7, 8, 6, 21, 0.25
3, 8, 9, 6, 38, 0.25
3, 1, 2, 7, 31, 0.25
3, 1, 4, 7, 10, 0.25
3, 2, 3, 7, 26, 0.25
3, 2, 5, 7, 2, 0.25
3, 3, 6, 7, 32, 0.25
3, 4, 5, 7, 25, 0.25
3, 4, 7, 7, 16, 0.25
3, 5, 6, 7, 33, 0.25
3, 5, 8, 7, 23, 0.25
3, 6, 9, 7, 18, 0.25
3, 7, 8, 7, 2, 0.25
3, 8, 9, 7, 32, 0.25
3, 1, 2, 8, 19, 0.25
3, 1, 4, 8, 5, 0.25
3, 2, 3, 8, 7, 0.25
3, 2, 5, 8, 40, 0.25
3, 3, 6, 8, 25, 0.25
3, 4, 5, 8, 19, 0.25
3, 4, 7, 8, 12, 0.25
3, 5, 6, 8, 3, 0.25
3, 5, 8, 8, 24, 0.25
3, 6, 9, 8, 13, 0.25
3, 7, 8, 8, 20, 0.25
3, 8, 9, 8, 14, 0.25
3, 1, 2, 9, 39, 0.25
3, 1, 4, 9, 7, 0.25
3, 2, 3, 9, 20, 0.25
3, 2, 5, 9, 29, 0.25
3, 3, 6, 9, 18, 0.25
3, 4, 5, 9, 38, 0.25
3, 4, 7, 9, 10, 0.25
3, 5, 6, 9, 33, 0.25
3, 5, 8, 9, 15, 0.25
3, 6, 9, 9, 6, 0.25
3, 7, 8, 9, 38, 0.25
3, 8, 9, 9, 23, 0.25
3, 1, 2, 10, 16, 0.25
3, 1, 4, 10, 15, 0.25
3, 2, 3, 10, 14, 0.25
3, 2, 5, 10, 18, 0.25
3, 3, 6, 10, 22, 0.25
3, 4, 5, 10, 27, 0.25
3, 4, 7, 10, 39, 0.25
3, 5, 6, 10, 35, 0.25
3, 5, 8, 10, 8, 0.25
3, 6, 9, 10, 19, 0.25
3, 7, 8, 10, 39, 0.25
3, 8, 9, 10, 12, 0.25
3, 1, 2, 11, 10, 0.25
3, 1, 4, 11, 43, 0.25
3, 2, 3, 11, 18, 0.25
3, 2, 5, 11, 14, 0.25
3, 3, 6, 11, 29, 0.25
3, 4, 5, 11, 6, 0.25
3, 4, 7, 11, 6, 0.25
3, 5, 6, 11, 16, 0.25
3, 5, 8, 11, 35, 0.25
3, 6, 9, 11, 16, 0.25
3, 7, 8, 11, 7, 0.25
3, 8, 9, 11, 30, 0.25
3, 1, 2, 12, 29, 0.25
3, 1, 4, 12, 39, 0.25
3, 2, 3, 12, 34, 0.25
3, 2, 5, 12, 29, 0.25
3, 3, 6, 12, 44, 0.25
3, 4, 5, 12, 39, 0.25
3, 4, 7, 12, 43, 0.25
3, 5, 6, 12, 26, 0.25
3, 5, 8, 12, 36, 0.25
3, 6, 9, 12, 16, 0.25
3, 7, 8, 12, 27, 0.25
3, 8, 9, 12, 27, 0.25
3, 1, 2, 13, 34, 0.25
3, 1, 4, 13, 43, 0.25
3, 2, 3, 13, 29, 0.25
3, 2, 5, 13, 33, 0.25
3, 3, 6, 13, 18, 0.25
3, 4, 5, 13, 12, 0.25
3, 4, 7, 13, 38, 0.25
3, 5, 6, 13, 37, 0.25
3, 5, 8, 13, 29, 0.25
3, 6, 9, 13, 12, 0.25
3, 7, 8, 13, 37, 0.25
3, 8, 9, 13, 16, 0.25
3, 1, 2, 14, 38, 0.25
3, 1, 4, 14, 18, 0.25
3, 2, 3, 14, 41, 0.25
3, 2, 5, 14, 35, 0.25
3, 3, 6, 14, 38, 0.25
3, 4, 5, 14, 39, 0.25
3, 4, 7, 14, 41, 0.25
3, 5, 6, 14, 20, 0.25
3, 5, 8, 14, 2, 0.25
3, 6, 9, 14, 38, 0.25
3, 7, 8, 14, 25, 0.25
3, 8, 9, 14, 29, 0.25
3, 1, 2, 15, 28, 0.25
3, 1, 4, 15, 8, 0.25
3, 2, 3, 15, 30, 0.25
3, 2, 5, 15, 4, 0.25
3, 3, 6, 15, 6, 0.25
3, 4, 5, 15, 44, 0.25
3, 4, 7, 15, 30, 0.25
3, 5, 6, 15, 18, 0.25
3, 5, 8, 15, 2, 0.25
3, 6, 9, 15, 4, 0.25
3, 7, 8, 15, 37, 0.25
3, 8, 9, 15, 38, 0.25
3, 1, 2, 16, 28, 0.25
3, 1, 4, 16, 18, 0.25
3, 2, 3, 16, 11, 0.25
3, 2, 5, 16, 21, 0.25
3, 3, 6, 16, 6, 0.25
3, 4, 5, 16, 33, 0.25
3, 4, 7, 16, 4, 0.25
3, 5, 6, 16, 2, 0.25
3, 5, 8, 16, 2, 0.25
3, 6, 9, 16, 14, 0.25
3, 7, 8, 16, 34, 0.25
3, 8, 9, 16, 22, 0.25
3, 1, 2, 17, 36, 0.25
3, 1, 4, 17, 9, 0.25
3, 2, 3, 17, 26, 0.25
3, 2, 5, 17, 13, 0.25
3, 3, 6, 17, 41, 0.25
3, 4, 5, 17, 34, 0.25
3, 4, 7, 17, 13, 0.25
3, 5, 6, 17, 34, 0.25
3, 5, 8, 17, 5, 0.25
3, 6, 9, 17, 24, 0.25
3, 7, 8, 17, 29, 0.25
3, 8, 9, 17, 22, 0.25
3, 1, 2, 18, 12, 0.25
3, 1, 4, 18, 11, 0.25
3, 2, 3, 18, 16, 0.25
3, 2, 5, 18, 6, 0.25
3, 3, 6, 18, 24, 0.25
3, 4, 5, 18, 5, 0.25
3, 4, 7, 18, 5, 0.25
3, 5, 6, 18, 12, 0.25
3, 5, 8, 18, 32, 0.25
3, 6, 9, 18, 32, 0.25
3, 7, 8, 18, 11, 0.25
3, 8, 9, 18, 2, 0.25
3, 1, 2, 19, 7, 0.25
3, 1, 4, 19, 13, 0.25
3, 2, 3, 19, 13, 0.25
3, 2, 5, 19, 44, 0.25
3, 3, 6, 19, 4, 0.25
3, 4, 5, 19, 11, 0.25
3, 4, 7, 19, 23, 0.25
3, 5, 6, 19, 9, 0.25
3, 5, 8, 19, 11, 0.25
3, 6, 9, 19, 17, 0.25
3, 7, 8, 19, 43, 0.25
3, 8, 9, 19, 27, 0.25
3, 1, 2, 20, 29, 0.25
3, 1, 4, 20, 27, 0.25
3, 2, 3, 20, 37, 0.25
3, 2, 5, 20, 19, 0.25
3, 3, 6, 20, 4, 0.25
3, 4, 5, 20, 6, 0.25
3, 4, 7, 20, 18, 0.25
3, 5, 6, 20, 28, 0.25
3, 5, 8, 20, 20, 0.25
3, 6, 9, 20, 22, 0.25
3, 7, 8, 20, 43, 0.25
3, 8, 9, 20, 13, 0.25
3, 1, 2, 21, 27, 0.25
3, 1, 4, 21, 5, 0.25
3, 2, 3, 21, 6, 0.25
3, 2, 5, 21, 14, 0.25
3, 3, 6, 21, 24, 0.25
3, 4, 5, 21, 1, 0.25
3, 4, 7, 21, 17, 0.25
3, 5, 6, 21, 23, 0.25
3, 5, 8, 21, 23, 0.25
3, 6, 9, 21, 36, 0.25
3, 7, 8, 21, 25, 0.25
3, 8, 9, 21, 33, 0.25
3, 1, 2, 22, 21, 0.25
3, 1, 4, 22, 14, 0.25
3, 2, 3, 22, 15, 0.25
3, 2, 5, 22, 6, 0.25
3, 3, 6, 22, 21, 0.25
3, 4, 5, 22, 18, 0.25
3, 4, 7, 22, 27, 0.25
3, 5, 6, 22, 22, 0.25
3, 5, 8, 22, 23, 0.25
3, 6, 9, 22, 5, 0.25
3, 7, 8, 22, 29, 0.25
3, 8, 9, 22, 38, 0.25
3, 1, 2, 23, 38, 0.25
3, 1, 4, 23, 8, 0.25
3, 2, 3, 23, 12, 0.25
3, 2, 5, 23, 17, 0.25
3, 3, 6, 23, 4, 0.25
3, 4, 5, 23, 35, 0.25
3, 4, 7, 23, 21, 0.25
3, 5, 6, 23, 2, 0.25
3, 5, 8, 23, 22, 0.25
3, 6, 9, 23, 3, 0.25
3, 7, 8, 23, 31, 0.25
3, 8, 9, 23, 31, 0.25
3, 1, 2, 24, 14, 0.25
3, 1, 4, 24, 30, 0.25
3, 2, 3, 24, 38, 0.25
3, 2, 5, 24, 9, 0.25
3, 3, 6, 24, 10, 0.25
3, 4, 5, 24, 41, 0.25
3, 4, 7, 24, 17, 0.25
3, 5, 6, 24, 23, 0.25
3, 5, 8, 24, 18, 0.25
3, 6, 9, 24, 34, 0.25
3, 7, 8, 24, 21, 0.25
3, 8, 9, 24, 39, 0.25
3, 1, 2, 25, 19, 0.25
3, 1, 4, 25, 16, 0.25
3, 2, 3, 25, 1, 0.25
3, 2, 5, 25, 19, 0.25
3, 3, 6, 25, 40, 0.25
3, 4, 5, 25, 26, 0.25
3, 4, 7, 25, 22, 0.25
3, 5, 6, 25, 21, 0.25
3, 5, 8, 25, 40, 0.25
3, 6, 9, 25, 19, 0.25
3, 7, 8, 25, 8, 0.25
3, 8, 9, 25, 7, 0.25
3, 1, 2, 26, 18, 0.25
3, 1, 4, 26, 20, 0.25
3, 2, 3, 26, 30, 0.25
3, 2, 5, 26, 39, 0.25
3, 3, 6, 26, 24, 0.25
3, 4, 5, 26, 35, 0.25
3, 4, 7, 26, 35, 0.25
3, 5, 6, 26, 44, 0.25
3, 5, 8, 26, 5, 0.25
3, 6, 9, 26, 38, 0.25
3, 7, 8, 26, 38, 0.25
3, 8, 9, 26, 3, 0.25
3, 1, 2, 27, 19, 0.25
3, 1, 4, 27, 35, 0.25
3, 2, 3, 27, 13, 0.25
3, 2, 5, 27, 9, 0.25
3, 3, 6, 27, 1, 0.25
3, 4, 5, 27, 34, 0.25
3, 4, 7, 27, 12, 0.25
3, 5, 6, 27, 25, 0.25
3, 5, 8, 27, 8, 0.25
3, 6, 9, 27, 43, 0.25
3, 7, 8, 27, 31, 0.25
3, 8, 9, 27, 23, 0.25
3, 1, 2, 28, 41, 0.25
3, 1, 4, 28, 1, 0.25
3, 2, 3, 28, 2, 0.25
3, 2, 5, 28, 2, 0.25
3, 3, 6, 28, 33, 0.25
3, 4, 5, 28, 14, 0.25
3, 4, 7, 28, 24, 0.25
3, 5, 6, 28, 39, 0.25
3, 5, 8, 28, 33, 0.25
3, 6, 9, 28, 3, 0.25
3, 7, 8, 28, 44, 0.25
3, 8, 9, 28, 32, 0.25
3, 1, 2, 29, 25, 0.25
3, 1, 4, 29, 30, 0.25
3, 2, 3, 29, 6, 0.25
3, 2, 5, 29, 18, 0.25
3, 3, 6, 29, 32, 0.25
3, 4, 5, 29, 12, 0.25
3, 4, 7, 29, 15, 0.25
3, 5, 6, 29, 2, 0.25
3, 5, 8, 29, 7, 0.25
3, 6, 9, 29, 21, 0.25
3, 7, 8, 29, 12, 0.25
3, 8, 9, 29, 39, 0.25
3, 1, 2, 30, 7, 0.25
3, 1, 4, 30, 38, 0.25
3, 2, 3, 30, 2, 0.25
3, 2, 5, 30, 31, 0.25
3, 3, 6, 30, 7, 0.25
3, 4, 5, 30, 40, 0.25
3, 4, 7, 30, 16, 0.25
3, 5, 6, 30, 22, 0.25
3, 5, 8, 30, 40, 0.25
3, 6, 9, 30, 43, 0.25
3, 7, 8, 30, 35, 0.25
3, 8, 9, 30, 27, 0.25
3, 1, 2, 31, 12, 0.25
3, 1, 4, 31, 14, 0.25
3, 2, 3, 31, 6, 0.25
3, 2, 5, 31, 39, 0.25
3, 3, 6, 31, 28, 0.25
3, 4, 5, 31, 41, 0.25
3, 4, 7, 31, 8, 0.25
3, 5, 6, 31, 28, 0.25
3, 5, 8, 31, 23, 0.25
3, 6, 9, 31, 4, 0.25
3, 7, 8, 31, 8, 0.25
3, 8, 9, 31, 18, 0.25
3, 1, 2, 32, 6, 0.25
3, 1, 4, 32, 29, 0.25
3, 2, 3, 32, 4, 0.25
3, 2, 5, 32, 8, 0.25
3, 3, 6, 32, 12, 0.25
3, 4, 5, 32, 34, 0.25
3, 4, 7, 32, 4, 0.25
3, 5, 6, 32, 31, 0.25
3, 5, 8, 32, 44, 0.25
3, 6, 9, 32, 41, 0.25
3, 7, 8, 32, 26, 0.25
3, 8, 9, 32, 17, 0.25
3, 1, 2, 33, 27, 0.25
3, 1, 4, 33, 31, 0.25
3, 2, 3, 33, 34, 0.25
3, 2, 5, 33, 36, 0.25
3, 3, 6, 33, 38, 0.25
3, 4, 5, 33, 40, 0.25
3, 4, 7, 33, 15, 0.25
3, 5, 6, 33, 41, 0.25
3, 5, 8, 33, 17, 0.25
3, 6, 9, 33, 18, 0.25
3, 7, 8, 33, 12, 0.25
3, 8, 9, 33, 10, 0.25
3, 1, 2, 34, 26, 0.25
3, 1, 4, 34, 31, 0.25
3, 2, 3, 34, 25, 0.25
3, 2, 5, 34, 16, 0.25
3, 3, 6, 34, 29, 0.25
3, 4, 5, 34, 10, 0.25
3, 4, 7, 34, 14, 0.25
3, 5, 6, 34, 42, 0.25
3, 5, 8, 34, 20, 0.25
3, 6, 9, 34, 42, 0.25
3, 7, 8, 34, 22, 0.25
3, 8, 9, 34, 8, 0.25
3, 1, 2, 35, 35, 0.25
3, 1, 4, 35, 6, 0.25
3, 2, 3, 35, 32, 0.25
3, 2, 5, 35, 15, 0.25
3, 3, 6, 35, 5, 0.25
3, 4, 5, 35, 5, 0.25
3, 4, 7, 35, 18, 0.25
3, 5, 6, 35, 24, 0.25
3, 5, 8, 35, 39, 0.25
3, 6, 9, 35, 14, 0.25
3, 7, 8, 35, 9, 0.25
3, 8, 9, 35, 29, 0.25
3, 1, 2, 36, 6, 0.25
3, 1, 4, 36, 41, 0.25
3, 2, 3, 36, 43, 0.25
3, 2, 5, 36, 18, 0.25
3, 3, 6, 36, 35, 0.25
3, 4, 5, 36, 16, 0.25
3, 4, 7, 36, 18, 0.25
3, 5, 6, 36, 31, 0.25
3, 5, 8, 36, 38, 0.25
3, 6, 9, 36, 16, 0.25
3, 7, 8, 36, 2, 0.25
3, 8, 9, 36, 9, 0.25
3, 1, 2, 37, 22, 0.25
3, 1, 4, 37, 33, 0.25
3, 2, 3, 37, 34, 0.25
3, 2, 5, 37, 30, 0.25
3, 3, 6, 37, 25, 0.25
3, 4, 5, 37, 22, 0.25
3, 4, 7, 37, 34, 0.25
3, 5, 6, 37, 12, 0.25
3, 5, 8, 37, 40, 0.25
3, 6, 9, 37, 28, 0.25
3, 7, 8, 37, 35, 0.25
3, 8, 9, 37, 20, 0.25
3, 1, 2, 38, 28, 0.25
3, 1, 4, 38, 14, 0.25
3, 2, 3, 38, 11, 0.25
3, 2, 5, 38, 16, 0.25
3, 3, 6, 38, 17, 0.25
3, 4, 5, 38, 22, 0.25
3, 4, 7, 38, 30, 0.25
3, 5, 6, 38, 11, 0.25
3, 5, 8, 38, 11, 0.25
3, 6, 9, 38, 34, 0.25
3, 7, 8, 38, 6, 0.25
3, 8, 9, 38, 21, 0.25
3, 1, 2, 39, 42, 0.25
3, 1, 4, 39, 16, 0.25
3, 2, 3, 39, 7, 0.25
3, 2, 5, 39, 27, 0.25
3, 3, 6, 39, 3, 0.25
3, 4, 5, 39, 31, 0.25
3, 4, 7, 39, 34, 0.25
3, 5, 6, 39, 32, 0.25
3, 5, 8, 39, 18, 0.25
3, 6, 9, 39, 38, 0.25
3, 7, 8, 39, 11, 0.25
3, 8, 9, 39, 37, 0.25
3, 1, 2, 40, 30, 0.25
3, 1, 4, 40, 41, 0.25
3, 2, 3, 40, 16, 0.25
3, 2, 5, 40, 40, 0.25
3, 3, 6, 40, 24, 0.25
3, 4, 5, 40, 23, 0.25
3, 4, 7, 40, 35, 0.25
3, 5, 6, 40, 19, 0.25
3, 5, 8, 40, 21, 0.25
3, 6, 9, 40, 22, 0.25
3, 7, 8, 40, 9, 0.25
3, 8, 9, 40, 30, 0.25
3, 1, 2, 41, 21, 0.25
3, 1, 4, 41, 41, 0.25
3, 2, 3, 41, 43, 0.25
3, 2, 5, 41, 26, 0.25
3, 3, 6, 41, 43, 0.25
3, 4, 5, 41, 43, 0.25
3, 4, 7, 41, 21, 0.25
3, 5, 6, 41, 7, 0.25
3, 5, 8, 41, 32, 0.25
3, 6, 9, 41, 40, 0.25
3, 7, 8, 41, 17, 0.25
3, 8, 9, 41, 17, 0.25
3, 1, 2, 42, 13, 0.25
3, 1, 4, 42, 16, 0.25
3, 2, 3, 42, 36, 0.25
3, 2, 5, 42, 31, 0.25
3, 3, 6, 42, 6, 0.25
3, 4, 5, 42, 34, 0.25
3, 4, 7, 42, 42, 0.25
3, 5, 6, 42, 35, 0.25
3, 5, 8, 42, 18, 0.25
3, 6, 9, 42, 6, 0.25
3, 7, 8, 42, 4, 0.25
3, 8, 9, 42, 29, 0.25
3, 1, 2, 43, 2, 0.25
3, 1, 4, 43, 10, 0.25
3, 2, 3, 43, 20, 0.25
3, 2, 5, 43, 15, 0.25
3, 3, 6, 43, 28, 0.25
3, 4, 5, 43, 7, 0.25
3, 4, 7, 43, 37, 0.25
3, 5, 6, 43, 38, 0.25
3, 5, 8, 43, 37, 0.25
3, 6, 9, 43, 23, 0.25
3, 7, 8, 43, 16, 0.25
3, 8, 9, 43, 7, 0.25
3, 1, 2, 44, 36, 0.25
3, 1, 4, 44, 33, 0.25
3, 2, 3, 44, 16, 0.25
3, 2, 5, 44, 23, 0.25
3, 3, 6, 44, 30, 0.25
3, 4, 5, 44, 3, 0.25
3, 4, 7, 44, 30, 0.25
3, 5, 6, 44, 22, 0.25
3, 5, 8, 44, 9, 0.25
3, 6, 9, 44, 32, 0.25
3, 7, 8, 44, 18, 0.25
3, 8, 9, 44, 10, 0.25
3, 1, 2, 45, 31, 0.25
3, 1, 4, 45, 16, 0.25
3, 2, 3, 45, 17, 0.25
3, 2, 5, 45, 5, 0.25
3, 3, 6, 45, 28, 0.25
3, 4, 5, 45, 15, 0.25
3, 4, 7, 45, 19, 0.25
3, 5, 6, 45, 14, 0.25
3, 5, 8, 45, 12, 0.25
3, 6, 9, 45, 38, 0.25
3, 7, 8, 45, 22, 0.25
3, 8, 9, 45, 28, 0.25
3, 1, 2, 46, 14, 0.25
3, 1, 4, 46, 24, 0.25
3, 2, 3, 46, 27, 0.25
3, 2, 5, 46, 14, 0.25
3, 3, 6, 46, 17, 0.25
3, 4, 5, 46, 9, 0.25
3, 4, 7, 46, 33, 0.25
3, 5, 6, 46, 2, 0.25
3, 5, 8, 46, 22, 0.25
3, 6, 9, 46, 37, 0.25
3, 7, 8, 46, 20, 0.25
3, 8, 9, 46, 18, 0.25
3, 1, 2, 47, 36, 0.25
3, 1, 4, 47, 15, 0.25
3, 2, 3, 47, 31, 0.25
3, 2, 5, 47, 31, 0.25
3, 3, 6, 47, 20, 0.25
3, 4, 5, 47, 28, 0.25
3, 4, 7, 47, 25, 0.25
3, 5, 6, 47, 22, 0.25
3, 5, 8, 47, 42, 0.25
3, 6, 9, 47, 35, 0.25
3, 7, 8, 47, 36, 0.25
3, 8, 9, 47, 16, 0.25
3, 1, 2, 48, 5, 0.25
3, 1, 4, 48, 13, 0.25
3, 2, 3, 48, 36, 0.25
3, 2, 5, 48, 36, 0.25
3, 4, 5, 48, 32, 0.25
3, 4, 7, 48, 8, 0.25
3, 5, 6, 48, 11, 0.25
3, 5, 8, 48, 27, 0.25
3, 6, 9, 48, 33, 0.25
3, 7, 8, 48, 40, 0.25
3, 1, 2, 49, 23, 0.25
3, 1, 4, 49, 36, 0.25
3, 2, 3, 49, 32, 0.25
3, 2, 5, 49, 3, 0.25
3, 3, 6, 49, 6, 0.25
3, 4, 5, 49, 10, 0.25
3, 4, 7, 49, 35, 0.25
3, 5, 8, 49, 19, 0.25
3, 6, 9, 49, 10, 0.25
3, 7, 8, 49, 21, 0.25
3, 8, 9, 49, 13, 0.25
3, 1, 2, 50, 36, 0.25
3, 1, 4, 50, 12, 0.25
3, 2, 3, 50, 6, 0.25
3, 2, 5, 50, 19, 0.25
3, 3, 6, 50, 35, 0.25
3, 4, 7, 50, 21, 0.25
3, 5, 6, 50, 27, 0.25
3, 5, 8, 50, 13, 0.25
3, 6, 9, 50, 36, 0.25
3, 7, 8, 50, 10, 0.25
3, 8, 9, 50, 37, 0.25
3, 1, 2, 51, 7, 0.25
3, 1, 4, 51, 4, 0.25
3, 2, 3, 51, 37, 0.25
3, 3, 6, 51, 24, 0.25
3, 4, 5, 51, 17, 0.25
3, 4, 7, 51, 5, 0.25
3, 5, 6, 51, 16, 0.25
3, 5, 8, 51, 7, 0.25
3, 6, 9, 51, 23, 0.25
3, 7, 8, 51, 35, 0.25
3, 8, 9, 51, 33, 0.25
3, 1, 2, 52, 12, 0.25
3, 1, 4, 52, 17, 0.25
3, 2, 5, 52, 21, 0.25
3, 3, 6, 52, 3, 0.25
3, 4, 5, 52, 6, 0.25
3, 4, 7, 52, 1, 0.25
3, 5, 6, 52, 22, 0.25
3, 5, 8, 52, 2, 0.25
3, 6, 9, 52, 25, 0.25
3, 8, 9, 52, 15, 0.25
3, 1, 2, 53, 10, 0.25
3, 1, 4, 53, 11, 0.25
3, 3, 6, 53, 26, 0.25
3, 4, 5, 53, 34, 0.25
3, 4, 7, 53, 23, 0.25
3, 5, 6, 53, 9, 0.25
3, 5, 8, 53, 10, 0.25
3, 6, 9, 53, 7, 0.25
3, 7, 8, 53, 30, 0.25
3, 8, 9, 53, 13, 0.25
3, 1, 2, 54, 15, 0.25
3, 1, 4, 54, 18, 0.25
3, 3, 6, 54, 19, 0.25
3, 4, 5, 54, 22, 0.25
3, 5, 6, 54, 26, 0.25
3, 5, 8, 54, 5, 0.25
3, 6, 9, 54, 21, 0.25
3, 7, 8, 54, 17, 0.25
3, 8, 9, 54, 24, 0.25
3, 1, 2, 55, 10, 0.25
3, 1, 4, 55, 29, 0.25
3, 3, 6, 55, 8, 0.25
3, 4, 5, 55, 33, 0.25
3, 4, 7, 55, 22, 0.25
3, 5, 6, 55, 21, 0.25
3, 5, 8, 55, 22, 0.25
3, 6, 9, 55, 14, 0.25
3, 7, 8, 55, 34, 0.25
3, 1, 4, 56, 29, 0.25
3, 2, 3, 56, 22, 0.25
3, 4, 5, 56, 31, 0.25
3, 4, 7, 56, 8, 0.25
3, 5, 6, 56, 32, 0.25
3, 5, 8, 56, 12, 0.25
3, 6, 9, 56, 32, 0.25
3, 7, 8, 56, 12, 0.25
3, 1, 2, 57, 23, 0.25
3, 1, 4, 57, 9, 0.25
3, 2, 3, 57, 32, 0.25
3, 2, 5, 57, 20, 0.25
3, 4, 5, 57, 24, 0.25
3, 4, 7, 57, 26, 0.25
3, 5, 6, 57, 24, 0.25
3, 5, 8, 57, 5, 0.25
3, 8, 9, 57, 1, 0.25
3, 1, 2, 58, 15, 0.25
3, 1, 4, 58, 28, 0.25
3, 2, 3, 58, 31, 0.25
3, 2, 5, 58, 16, 0.25
3, 3, 6, 58, 6, 0.25
3, 4, 5, 58, 19, 0.25
3, 4, 7, 58, 5, 0.25
3, 6, 9, 58, 4, 0.25
3, 8, 9, 58, 16, 0.25
3, 1, 4, 59, 27, 0.25
3, 2, 5, 59, 27, 0.25
3, 4, 5, 59, 4, 0.25
3, 4, 7, 59, 15, 0.25
3, 6, 9, 59, 29, 0.25
3, 7, 8, 59, 24, 0.25
3, 8, 9, 59, 3, 0.25
3, 1, 4, 60, 29, 0.25
3, 2, 3, 60, 16, 0.25
3, 6, 9, 60, 20, 0.25
3, 1, 4, 61, 8, 0.25
3, 2, 3, 61, 3, 0.25
3, 3, 6, 61, 1, 0.25
3, 5, 8, 61, 15, 0.25
3, 6, 9, 61, 18, 0.25
3, 1, 2, 62, 5, 0.25
3, 1, 4, 62, 24, 0.25
3, 2, 3, 62, 14, 0.25
3, 3, 6, 62, 3, 0.25
3, 4, 5, 62, 19, 0.25
3, 6, 9, 62, 14, 0.25
3, 7, 8, 62, 2, 0.25
3, 1, 2, 63, 15, 0.25
3, 1, 4, 63, 5, 0.25
3, 2, 5, 63, 26, 0.25
3, 3, 6, 63, 13, 0.25
3, 4, 7, 63, 4, 0.25
3, 5, 6, 63, 18, 0.25
3, 5, 8, 63, 25, 0.25
3, 1, 2, 64, 3, 0.25
3, 1, 4, 64, 13, 0.25
3, 2, 3, 64, 8, 0.25
3, 3, 6, 64, 6, 0.25
3, 4, 5, 64, 17, 0.25
3, 4, 7, 64, 3, 0.25
3, 5, 6, 64, 8, 0.25
3, 5, 8, 64, 16, 0.25
3, 1, 2, 65, 21, 0.25
3, 1, 4, 65, 12, 0.25
3, 2, 3, 65, 24, 0.25
3, 2, 5, 65, 13, 0.25
3, 4, 5, 65, 11, 0.25
3, 4, 7, 65, 16, 0.25
3, 5, 6, 65, 20, 0.25
3, 5, 8, 65, 23, 0.25
3, 8, 9, 65, 18, 0.25
3, 1, 2, 66, 8, 0.25
3, 2, 5, 66, 11, 0.25
3, 4, 5, 66, 12, 0.25
3, 5, 6, 66, 2, 0.25
3, 5, 8, 66, 18, 0.25
3, 6, 9, 66, 7, 0.25
3, 1, 2, 67, 18, 0.25
3, 2, 3, 67, 11, 0.25
3, 3, 6, 67, 1, 0.25
3, 5, 6, 67, 20, 0.25
3, 6, 9, 67, 22, 0.25
3, 7, 8, 67, 16, 0.25
3, 1, 2, 68, 6, 0.25
3, 2, 3, 68, 3, 0.25
3, 3, 6, 68, 5, 0.25
3, 5, 6, 68, 9, 0.25
3, 1, 2, 69, 7, 0.25
3, 2, 3, 69, 16, 0.25
3, 2, 5, 69, 3, 0.25
3, 3, 6, 69, 20, 0.25
3, 4, 5, 69, 5, 0.25
3, 5, 6, 69, 4, 0.25
3, 7, 8, 69, 13, 0.25
3, 8, 9, 69, 6, 0.25
3, 2, 3, 70, 3, 0.25
3, 4, 7, 70, 4, 0.25
3, 6, 9, 70, 12, 0.25
3, 1, 2, 72, 13, 0.25
3, 6, 9, 72, 5, 0.25
3, 7, 8, 72, 15, 0.25
3, 3, 6, 73, 16, 0.25
3, 5, 6, 73, 8, 0.25
3, 6, 9, 73, 6, 0.25
3, 7, 8, 73, 7, 0.25
3, 8, 9, 73, 16, 0.25
3, 2, 3, 74, 11, 0.25
3, 5, 6, 74, 5, 0.25
3, 5, 6, 75, 10, 0.25
3, 6, 9, 75, 13, 0.25
3, 8, 9, 75, 6, 0.25
3, 5, 6, 76, 11, 0.25
3, 8, 9, 76, 11, 0.25
3, 1, 4, 77, 2, 0.25
3, 2, 3, 77, 5, 0.25
3, 3, 6, 77, 10, 0.25
3, 4, 5, 77, 4, 0.25
3, 6, 9, 77, 2, 0.25
3, 7, 8, 77, 5, 0.25
3, 1, 4, 78, 4, 0.25
3, 2, 5, 78, 8, 0.25
3, 4, 5, 78, 3, 0.25
3, 7, 8, 78, 7, 0.25
3, 8, 9, 78, 4, 0.25
3, 3, 6, 79, 8, 0.25
3, 1, 2, 80, 4, 0.25
3, 1, 4, 80, 4, 0.25
3, 2, 3, 80, 3, 0.25
3, 5, 6, 80, 2, 0.25
3, 1, 4, 81, 3, 0.25
3, 4, 7, 81, 5, 0.25
3, 5, 6, 81, 6, 0.25
3, 3, 6, 82, 2, 0.25
3, 6, 9, 82, 4, 0.25
3, 4, 5, 84, 4, 0.25
3, 5, 6, 84, 4, 0.25
3, 5, 8, 84, 3, 0.25
3, 6, 9, 84, 2, 0.25
3, 7, 8, 84, 5, 0.25
3, 4, 7, 85, 3, 0.25
3, 3, 6, 86, 1, 0.25
3, 5, 8, 86, 1, 0.25
3, 4, 5, 87, 2, 0.25
4, 1, 2, 0, 36, 0.25
4, 1, 4, 0, 28, 0.25
4, 2, 3, 0, 12, 0.25
4, 2, 5, 0, 11, 0.25
4, 3, 6, 0, 38, 0.25
4, 4, 5, 0, 35, 0.25
4, 4, 7, 0, 8, 0.25
4, 5, 6, 0, 29, 0.25
4, 5, 8, 0, 6, 0.25
4, 6, 9, 0, 15, 0.25
4, 7, 8, 0, 22, 0.25
4, 8, 9, 0, 30, 0.25
4, 1, 2, 1, 17, 0.25
4, 1, 4, 1, 35, 0.25
4, 2, 3, 1, 33, 0.25
4, 2, 5, 1, 38, 0.25
4, 3, 6, 1, 32, 0.25
4, 4, 5, 1, 29, 0.25
4, 4, 7, 1, 17, 0.25
4, 5, 6, 1, 19, 0.25
4, 5, 8, 1, 17, 0.25
4, 6, 9, 1, 15, 0.25
4, 7, 8, 1, 40, 0.25
4, 8, 9, 1, 41, 0.25
4, 1, 2, 2, 35, 0.25
4, 1, 4, 2, 29, 0.25
4, 2, 3, 2, 4, 0.25
4, 2, 5, 2, 26, 0.25
4, 3, 6, 2, 28, 0.25
4, 4, 5, 2, 19, 0.25
4, 4, 7, 2, 28, 0.25
4, 5, 6, 2, 27, 0.25
4, 5, 8, 2, 7, 0.25
4, 6, 9, 2, 16, 0.25
4, 7, 8, 2, 4, 0.25
4, 8, 9, 2, 32, 0.25
4, 1, 2, 3, 21, 0.25
4, 1, 4, 3, 23, 0.25
4, 2, 3, 3, 15, 0.25
4, 2, 5, 3, 17, 0.25
4, 3, 6, 3, 37, 0.25
4, 4, 5, 3, 7, 0.25
4, 4, 7, 3, 7, 0.25
4, 5, 6, 3, 18, 0.25
4, 5, 8, 3, 32, 0.25
4, 6, 9, 3, 37, 0.25
4, 7, 8, 3, 37, 0.25
4, 8, 9, 3, 34, 0.25
4, 1, 2, 4, 36, 0.25
4, 1, 4, 4, 26, 0.25
4, 2, 3, 4, 41, 0.25
4, 2, 5, 4, 29, 0.25
4, 3, 6, 4, 20, 0.25
4, 4, 5, 4, 5, 0.25
4, 4, 7, 4, 1, 0.25
4, 5, 6, 4, 12, 0.25
4, 5, 8, 4, 16, 0.25
4, 6, 9, 4, 38, 0.25
4, 7, 8, 4, 18, 0.25
4, 8, 9, 4, 10, 0.25
4, 1, 2, 5, 13, 0.25
4, 1, 4, 5, 26, 0.25
4, 2, 3, 5, 23, 0.25
4, 2, 5, 5, 33, 0.25
4, 3, 6, 5, 33, 0.25
4, 4, 5, 5, 7, 0.25
4, 4, 7, 5, 10, 0.25
4, 5, 6, 5, 1, 0.25
4, 5, 8, 5, 8, 0.25
4, 6, 9, 5, 34, 0.25
4, 7, 8, 5, 6, 0.25
4, 8, 9, 5, 13, 0.25
4, 1, 2, 6, 40, 0.25
4, 1, 4, 6, 3, 0.25
4, 2, 3, 6, 10, 0.25
4, 2, 5, 6, 22, 0.25
4, 3, 6, 6, 39, 0.25
4, 4, 5, 6, 23, 0.25
4, 4, 7, 6, 31, 0.25
4, 5, 6, 6, 29, 0.25
4, 5, 8, 6, 24, 0.25
4, 6, 9, 6, 42, 0.25
4, 7, 8, 6, 27, 0.25
4, 8, 9, 6, 23, 0.25
4, 1, 2, 7, 16, 0.25
4, 1, 4, 7, 6, 0.25
4, 2, 3, 7, 5, 0.25
4, 2, 5, 7, 38, 0.25
4, 3, 6, 7, 28, 0.25
4, 4, 5, 7, 40, 0.25
4, 4, 7, 7, 34, 0.25
4, 5, 6, 7, 12, 0.25
4, 5, 8, 7, 7, 0.25
4, 6, 9, 7, 3, 0.25
4, 7, 8, 7, 34, 0.25
4, 8, 9, 7, 18, 0.25
4, 1, 2, 8, 21, 0.25
4, 1, 4, 8, 15, 0.25
4, 2, 3, 8, 7, 0.25
4, 2, 5, 8, 34, 0.25
4, 3, 6, 8, 33, 0.25
4, 4, 5, 8, 6, 0.25
4, 4, 7, 8, 30, 0.25
4, 5, 6, 8, 40, 0.25
4, 5, 8, 8, 29, 0.25
4, 6, 9, 8, 24, 0.25
4, 7, 8, 8, 2, 0.25
4, 8, 9, 8, 27, 0.25
4, 1, 2, 9, 33, 0.25
4, 1, 4, 9, 7, 0.25
4, 2, 3, 9, 35, 0.25
4, 2, 5, 9, 36, 0.25
4, 3, 6, 9, 3, 0.25
4, 4, 5, 9, 15, 0.25
4, 4, 7, 9, 17, 0.25
4, 5, 6, 9, 31, 0.25
4, 5, 8, 9, 18, 0.25
4, 6, 9, 9, 28, 0.25
4, 7, 8, 9, 34, 0.25
4, 8, 9, 9, 43, 0.25
4, 1, 2, 10, 40, 0.25
4, 1, 4, 10, 8, 0.25
4, 2, 3, 10, 35, 0.25
4, 2, 5, 10, 31, 0.25
4, 3, 6, 10, 44, 0.25
4, 4, 5, 10, 25, 0.25
4, 4, 7, 10, 3, 0.25
4, 5, 6, 10, 38, 0.25
4, 5, 8, 10, 40, 0.25
4, 6, 9, 10, 12, 0.25
4, 7, 8, 10, 10, 0.25
4, 8, 9, 10, 10, 0.25
4, 1, 2, 11, 30, 0.25
4, 1, 4, 11, 2, 0.25
4, 2, 3, 11, 3, 0.25
4, 2, 5, 11, 30, 0.25
4, 3, 6, 11, 9, 0.25
4, 4, 5, 11, 12, 0.25
4, 4, 7, 11, 12, 0.25
4, 5, 6, 11, 2, 0.25
4, 5, 8, 11, 3, 0.25
4, 6, 9, 11, 23, 0.25
4, 7, 8, 11, 31, 0.25
4, 8, 9, 11, 7, 0.25
4, 1, 2, 12, 30, 0.25
4, 1, 4, 12, 22, 0.25
4, 2, 3, 12, 34, 0.25
4, 2, 5, 12, 41, 0.25
4, 3, 6, 12, 32, 0.25
4, 4, 5, 12, 30, 0.25
4, 4, 7, 12, 37, 0.25
4, 5, 6, 12, 23, 0.25
4, 5, 8, 12, 38, 0.25
4, 6, 9, 12, 26, 0.25
4, 7, 8, 12, 17, 0.25
4, 8, 9, 12, 41, 0.25
4, 1, 2, 13, 1, 0.25
4, 1, 4, 13, 10, 0.25
4, 2, 3, 13, 3, 0.25
4, 2, 5, 13, 10, 0.25
4, 3, 6, 13, 30, 0.25
4, 4, 5, 13, 33, 0.25
4, 4, 7, 13, 16, 0.25
4, 5, 6, 13, 14, 0.25
4, 5, 8, 13, 10, 0.25
4, 6, 9, 13, 26, 0.25
4, 7, 8, 13, 18, 0.25
4, 8, 9, 13, 36, 0.25
4, 1, 2, 14, 20, 0.25
4, 1, 4, 14, 33, 0.25
4, 2, 3, 14, 4, 0.25
4, 2, 5, 14, 18, 0.25
4, 3, 6, 14, 37, 0.25
4, 4, 5, 14, 16, 0.25
4, 4, 7, 14, 36, 0.25
4, 5, 6, 14, 35, 0.25
4, 5, 8, 14, 16, 0.25
4, 6, 9, 14, 42, 0.25
4, 7, 8, 14, 40, 0.25
4, 8, 9, 14, 12, 0.25
4, 1, 2, 15, 19, 0.25
4, 1, 4, 15, 28, 0.25
4, 2, 3, 15, 6, 0.25
4, 2, 5, 15, 7, 0.25
4, 3, 6, 15, 43, 0.25
4, 4, 5, 15, 12, 0.25
4, 4, 7, 15, 37, 0.25
4, 5, 6, 15, 7, 0.25
4, 5, 8, 15, 9, 0.25
4, 6, 9, 15, 39, 0.25
4, 7, 8, 15, 21, 0.25
4, 8, 9, 15, 26, 0.25
4, 1, 2, 16, 18, 0.25
4, 1, 4, 16, 28, 0.25
4, 2, 3, 16, 33, 0.25
4, 2, 5, 16, 18, 0.25
4, 3, 6, 16, 38, 0.25
4, 4, 5, 16, 32, 0.25
4, 4, 7, 16, 30, 0.25
4, 5, 6, 16, 44, 0.25
4, 5, 8, 16, 32, 0.25
4, 6, 9, 16, 3, 0.25
4, 7, 8, 16, 1, 0.25
4, 8, 9, 16, 5, 0.25
4, 1, 2, 17, 13, 0.25
4, 1, 4, 17, 4, 0.25
4, 2, 3, 17, 13, 0.25
4, 2, 5, 17, 14, 0.25
4, 3, 6, 17, 25, 0.25
4, 4, 5, 17, 22, 0.25
4, 4, 7, 17, 1, 0.25
4, 5, 6, 17, 8, 0.25
4, 5, 8, 17, 22, 0.25
4, 6, 9, 17, 30, 0.25
4, 7, 8, 17, 39, 0.25
4, 8, 9, 17, 41, 0.25
4, 1, 2, 18, 12, 0.25
4, 1, 4, 18, 6, 0.25
4, 2, 3, 18, 31, 0.25
4, 2, 5, 18, 19, 0.25
4, 3, 6, 18, 25, 0.25
4, 4, 5, 18, 39, 0.25
4, 4, 7, 18, 21, 0.25
4, 5, 6, 18, 15, 0.25
4, 5, 8, 18, 2, 0.25
4, 6, 9, 18, 39, 0.25
4, 7, 8, 18, 37, 0.25
4, 8, 9, 18, 24, 0.25
4, 1, 2, 19, 33, 0.25
4, 1, 4, 19, 40, 0.25
4, 2, 3, 19, 36, 0.25
4, 2, 5, 19, 10, 0.25
4, 3, 6, 19, 32, 0.25
4, 4, 5, 19, 25, 0.25
4, 4, 7, 19, 36, 0.25
4, 5, 6, 19, 14, 0.25
4, 5, 8, 19, 31, 0.25
4, 6, 9, 19, 3, 0.25
4, 7, 8, 19, 13, 0.25
4, 8, 9, 19, 44, 0.25
4, 1, 2, 20, 29, 0.25
4, 1, 4, 20, 1, 0.25
4, 2, 3, 20, 10, 0.25
4, 2, 5, 20, 3, 0.25
4, 3, 6, 20, 37, 0.25
4, 4, 5, 20, 19, 0.25
4, 4, 7, 20, 25, 0.25
4, 5, 6, 20, 31, 0.25
4, 5, 8, 20, 40, 0.25
4, 6, 9, 20, 41, 0.25
4, 7, 8, 20, 16, 0.25
4, 8, 9, 20, 39, 0.25
4, 1, 2, 21, 20, 0.25
4, 1, 4, 21, 17, 0.25
4, 2, 3, 21, 41, 0.25
4, 2, 5, 21, 2, 0.25
4, 3, 6, 21, 20, 0.25
4, 4, 5, 21, 25, 0.25
4, 4, 7, 21, 13, 0.25
4, 5, 6, 21, 19, 0.25
4, 5, 8, 21, 21, 0.25
4, 6, 9, 21, 17, 0.25
4, 7, 8, 21, 40, 0.25
4, 8, 9, 21, 34, 0.25
4, 1, 2, 22, 19, 0.25
4, 1, 4, 22, 2, 0.25
4, 2, 3, 22, 22, 0.25
4, 2, 5, 22, 26, 0.25
4, 3, 6, 22, 37, 0.25
4, 4, 5, 22, 36, 0.25
4, 4, 7, 22, 18, 0.25
4, 5, 6, 22, 36, 0.25
4, 5, 8, 22, 15, 0.25
4, 6, 9, 22, 5, 0.25
4, 7, 8, 22, 41, 0.25
4, 8, 9, 22, 8, 0.25
4, 1, 2, 23, 26, 0.25
4, 1, 4, 23, 27, 0.25
4, 2, 3, 23, 36, 0.25
4, 2, 5, 23, 7, 0.25
4, 3, 6, 23, 38, 0.25
4, 4, 5, 23, 25, 0.25
4, 4, 7, 23, 42, 0.25
4, 5, 6, 23, 27, 0.25
4, 5, 8, 23, 43, 0.25
4, 6, 9, 23, 39, 0.25
4, 7, 8, 23, 4, 0.25
4, 8, 9, 23, 12, 0.25
4, 1, 2, 24, 43, 0.25
4, 1, 4, 24, 30, 0.25
4, 2, 3, 24, 39, 0.25
4, 2, 5, 24, 17, 0.25
4, 3, 6, 24, 43, 0.25
4, 4, 5, 24, 19, 0.25
4, 4, 7, 24, 11, 0.25
4, 5, 6, 24, 24, 0.25
4, 5, 8, 24, 28, 0.25
4, 6, 9, 24, 35, 0.25
4, 7, 8, 24, 42, 0.25
4, 8, 9, 24, 30, 0.25
4, 1, 2, 25, 28, 0.25
4, 1, 4, 25, 10, 0.25
4, 2, 3, 25, 43, 0.25
4, 2, 5, 25, 11, 0.25
4, 3, 6, 25, 10, 0.25
4, 4, 5, 25, 39, 0.25
4, 4, 7, 25, 30, 0.25
4, 5, 6, 25, 34, 0.25
4, 5, 8, 25, 39, 0.25
4, 6, 9, 25, 22, 0.25
4, 7, 8, 25, 41, 0.25
4, 8, 9, 25, 41, 0.25
4, 1, 2, 26, 11, 0.25
4, 1, 4, 26, 22, 0.25
4, 2, 3, 26, 41, 0.25
4, 2, 5, 26, 5, 0.25
4, 3, 6, 26, 30, 0.25
4, 4, 5, 26, 34, 0.25
4, 4, 7, 26, 13, 0.25
4, 5, 6, 26, 17, 0.25
4, 5, 8, 26, 19, 0.25
4, 6, 9, 26, 39, 0.25
4, 7, 8, 26, 14, 0.25
4, 8, 9, 26, 15, 0.25
4, 1, 2, 27, 8, 0.25
4, 1, 4, 27, 11, 0.25
4, 2, 3, 27, 28, 0.25
4, 2, 5, 27, 12, 0.25
4, 3, 6, 27, 24, 0.25
4, 4, 5, 27, 27, 0.25
4, 4, 7, 27, 9, 0.25
4, 5, 6, 27, 2, 0.25
4, 5, 8, 27, 37, 0.25
4, 6, 9, 27, 23, 0.25
4, 7, 8, 27, 36, 0.25
4, 8, 9, 27, 38, 0.25
4, 1, 2, 28, 2, 0.25
4, 1, 4, 28, 38, 0.25
4, 2, 3, 28, 14, 0.25
4, 2, 5, 28, 36, 0.25
4, 3, 6, 28, 39, 0.25
4, 4, 5, 28, 41, 0.25
4, 4, 7, 28, 36, 0.25
4, 5, 6, 28, 42, 0.25
4, 5, 8, 28, 1, 0.25
4, 6, 9, 28, 28, 0.25
4, 7, 8, 28, 6, 0.25
4, 8, 9, 28, 28, 0.25
4, 1, 2, 29, 1, 0.25
4, 1, 4, 29, 8, 0.25
4, 2, 3, 29, 31, 0.25
4, 2, 5, 29, 4, 0.25
4, 3, 6, 29, 23, 0.25
4, 4, 5, 29, 14, 0.25
4, 4, 7, 29, 26, 0.25
4, 5, 6, 29, 14, 0.25
4, 5, 8, 29, 20, 0.25
4, 6, 9, 29, 18, 0.25
4, 7, 8, 29, 18, 0.25
4, 8, 9, 29, 16, 0.25
4, 1, 2, 30, 8, 0.25
4, 1, 4, 30, 31, 0.25
4, 2, 3, 30, 29, 0.25
4, 2, 5, 30, 2, 0.25
4, 3, 6, 30, 7, 0.25
4, 4, 5, 30, 23, 0.25
4, 4, 7, 30, 35, 0.25
4, 5, 6, 30, 4, 0.25
4, 5, 8, 30, 1, 0.25
4, 6, 9, 30, 11, 0.25
4, 7, 8, 30, 23, 0.25
4, 8, 9, 30, 22, 0.25
4, 1, 2, 31, 35, 0.25
4, 1, 4, 31, 23, 0.25
4, 2, 3, 31, 3, 0.25
4, 2, 5, 31, 37, 0.25
4, 3, 6, 31, 21, 0.25
4, 4, 5, 31, 27, 0.25
4, 4, 7, 31, 10, 0.25
4, 5, 6, 31, 14, 0.25
4, 5, 8, 31, 8, 0.25
4, 6, 9, 31, 3, 0.25
4, 7, 8, 31, 25, 0.25
4, 8, 9, 31, 8, 0.25
4, 1, 2, 32, 16, 0.25
4, 1, 4, 32, 12, 0.25
4, 2, 3, 32, 10, 0.25
4, 2, 5, 32, 39, 0.25
4, 3, 6, 32, 41, 0.25
4, 4, 5, 32, 21, 0.25
4, 4, 7, 32, 44, 0.25
4, 5, 6, 32, 10, 0.25
4, 5, 8, 32, 32, 0.25
4, 6, 9, 32, 16, 0.25
4, 7, 8, 32, 39, 0.25
4, 8, 9, 32, 8, 0.25
4, 1, 2, 33, 29, 0.25
4, 1, 4, 33, 44, 0.25
4, 2, 3, 33, 20, 0.25
4, 2, 5, 33, 10, 0.25
4, 3, 6, 33, 2, 0.25
4, 4, 5, 33, 16, 0.25
4, 4, 7, 33, 1, 0.25
4, 5, 6, 33, 12, 0.25
4, 5, 8, 33, 13, 0.25
4, 6, 9, 33, 26, 0.25
4, 7, 8, 33, 25, 0.25
4, 8, 9, 33, 21, 0.25
4, 1, 2, 34, 38, 0.25
4, 1, 4, 34, 33, 0.25
4, 2, 3, 34, 41, 0.25
4, 2, 5, 34, 30, 0.25
4, 3, 6, 34, 35, 0.25
4, 4, 5, 34, 17, 0.25
4, 4, 7, 34, 44, 0.25
4, 5, 6, 34, 7, 0.25
4, 5, 8, 34, 3, 0.25
4, 6, 9, 34, 18, 0.25
4, 7, 8, 34, 8, 0.25
4, 8, 9, 34, 2, 0.25
4, 1, 2, 35, 9, 0.25
4, 1, 4, 35, 31, 0.25
4, 2, 3, 35, 29, 0.25
4, 2, 5, 35, 23, 0.25
4, 3, 6, 35, 41, 0.25
4, 4, 5, 35, 43, 0.25
4, 4, 7, 35, 9, 0.25
4, 5, 6, 35, 14, 0.25
4, 5, 8, 35, 18, 0.25
4, 6, 9, 35, 37, 0.25
4, 7, 8, 35, 7, 0.25
4, 8, 9, 35, 27, 0.25
4, 1, 2, 36, 5, 0.25
4, 1, 4, 36, 42, 0.25
4, 2, 3, 36, 14, 0.25
4, 2, 5, 36, 5, 0.25
4, 3, 6, 36, 37, 0.25
4, 4, 5, 36, 26, 0.25
4, 4, 7, 36, 1, 0.25
4, 5, 6, 36, 20, 0.25
4, 5, 8, 36, 11, 0.25
4, 6, 9, 36, 17, 0.25
4, 7, 8, 36, 42, 0.25
4, 8, 9, 36, 43, 0.25
4, 1, 2, 37, 40, 0.25
4, 1, 4, 37, 28, 0.25
4, 2, 3, 37, 19, 0.25
4, 2, 5, 37, 40, 0.25
4, 3, 6, 37, 5, 0.25
4, 4, 5, 37, 7, 0.25
4, 4, 7, 37, 27, 0.25
4, 5, 6, 37, 26, 0.25
4, 5, 8, 37, 11, 0.25
4, 6, 9, 37, 7, 0.25
4, 7, 8, 37, 5, 0.25
4, 8, 9, 37, 12, 0.25
4, 1, 2, 38, 2, 0.25
4, 1, 4, 38, 4, 0.25
4, 2, 3, 38, 4, 0.25
4, 2, 5, 38, 20, 0.25
4, 3, 6, 38, 41, 0.25
4, 4, 5, 38, 26, 0.25
4, 4, 7, 38, 11, 0.25
4, 5, 6, 38, 32, 0.25
4, 5, 8, 38, 40, 0.25
4, 6, 9, 38, 42, 0.25
4, 7, 8, 38, 30, 0.25
4, 8, 9, 38, 6, 0.25
4, 1, 2, 39, 12, 0.25
4, 1, 4, 39, 10, 0.25
4, 2, 3, 39, 6, 0.25
4, 2, 5, 39, 22, 0.25
4, 3, 6, 39, 10, 0.25
4, 4, 5, 39, 37, 0.25
4, 4, 7, 39, 39, 0.25
4, 5, 6, 39, 36, 0.25
4, 5, 8, 39, 20, 0.25
4, 6, 9, 39, 22, 0.25
4, 7, 8, 39, 19, 0.25
4, 8, 9, 39, 26, 0.25
4, 1, 2, 40, 20, 0.25
4, 1, 4, 40, 30, 0.25
4, 2, 3, 40, 13, 0.25
4, 2, 5, 40, 44, 0.25
4, 3, 6, 40, 11, 0.25
4, 4, 5, 40, 41, 0.25
4, 4, 7, 40, 20, 0.25
4, 5, 6, 40, 35, 0.25
4, 5, 8, 40, 36, 0.25
4, 6, 9, 40, 3, 0.25
4, 7, 8, 40, 8, 0.25
4, 8, 9, 40, 36, 0.25
4, 1, 2, 41, 9, 0.25
4, 1, 4, 41, 29, 0.25
4, 2, 3, 41, 17, 0.25
4, 2, 5, 41, 30, 0.25
4, 3, 6, 41, 4, 0.25
4, 4, 5, 41, 25, 0.25
4, 4, 7, 41, 15, 0.25
4, 5, 6, 41, 37, 0.25
4, 5, 8, 41, 28, 0.25
4, 6, 9, 41, 28, 0.25
4, 7, 8, 41, 15, 0.25
4, 8, 9, 41, 16, 0.25
4, 1, 2, 42, 40, 0.25
4, 1, 4, 42, 37, 0.25
4, 2, 3, 42, 30, 0.25
4, 2, 5, 42, 32, 0.25
4, 3, 6, 42, 7, 0.25
4, 4, 5, 42, 17, 0.25
4, 4, 7, 42, 12, 0.25
4, 5, 6, 42, 8, 0.25
4, 5, 8, 42, 26, 0.25
4, 6, 9, 42, 24, 0.25
4, 7, 8, 42, 36, 0.25
4, 8, 9, 42, 16, 0.25
4, 1, 2, 43, 3, 0.25
4, 1, 4, 43, 2, 0.25
4, 2, 3, 43, 35, 0.25
4, 2, 5, 43, 30, 0.25
4, 3, 6, 43, 21, 0.25
4, 4, 5, 43, 17, 0.25
4, 4, 7, 43, 38, 0.25
4, 5, 6, 43, 6, 0.25
4, 5, 8, 43, 23, 0.25
4, 6, 9, 43, 3, 0.25
4, 7, 8, 43, 5, 0.25
4, 8, 9, 43, 19, 0.25
4, 1, 2, 44, 28, 0.25
4, 1, 4, 44, 10, 0.25
4, 2, 3, 44, 29, 0.25
4, 2, 5, 44, 10, 0.25
4, 3, 6, 44, 21, 0.25
4, 4, 5, 44, 3, 0.25
4, 4, 7, 44, 38, 0.25
4, 5, 6, 44, 39, 0.25
4, 5, 8, 44, 21, 0.25
4, 6, 9, 44, 43, 0.25
4, 7, 8, 44, 4, 0.25
4, 8, 9, 44, 31, 0.25
4, 1, 2, 45, 32, 0.25
4, 1, 4, 45, 25, 0.25
4, 2, 3, 45, 40, 0.25
4, 2, 5, 45, 8, 0.25
4, 3, 6, 45, 26, 0.25
4, 4, 5, 45, 13, 0.25
4, 4, 7, 45, 19, 0.25
4, 5, 6, 45, 21, 0.25
4, 5, 8, 45, 20, 0.25
4, 6, 9, 45, 14, 0.25
4, 7, 8, 45, 42, 0.25
4, 8, 9, 45, 33, 0.25
4, 1, 2, 46, 35, 0.25
4, 1, 4, 46, 18, 0.25
4, 2, 3, 46, 24, 0.25
4, 2, 5, 46, 14, 0.25
4, 3, 6, 46, 25, 0.25
4, 4, 5, 46, 31, 0.25
4, 4, 7, 46, 30, 0.25
4, 5, 6, 46, 15, 0.25
4, 5, 8, 46, 29, 0.25
4, 6, 9, 46, 33, 0.25
4, 7, 8, 46, 17, 0.25
4, 8, 9, 46, 19, 0.25
4, 1, 2, 47, 41, 0.25
4, 1, 4, 47, 38, 0.25
4, 2, 3, 47, 20, 0.25
4, 2, 5, 47, 39, 0.25
4, 3, 6, 47, 16, 0.25
4, 4, 5, 47, 20, 0.25
4, 4, 7, 47, 30, 0.25
4, 5, 6, 47, 23, 0.25
4, 6, 9, 47, 15, 0.25
4, 7, 8, 47, 35, 0.25
4, 8, 9, 47, 4, 0.25
4, 1, 2, 48, 10, 0.25
4, 1, 4, 48, 39, 0.25
4, 2, 3, 48, 41, 0.25
4, 2, 5, 48, 7, 0.25
4, 3, 6, 48, 31, 0.25
4, 4, 5, 48, 31, 0.25
4, 4, 7, 48, 3, 0.25
4, 5, 8, 48, 2, 0.25
4, 6, 9, 48, 32, 0.25
4, 7, 8, 48, 7, 0.25
4, 8, 9, 48, 28, 0.25
4, 1, 2, 49, 11, 0.25
4, 1, 4, 49, 39, 0.25
4, 2, 3, 49, 13, 0.25
4, 2, 5, 49, 17, 0.25
4, 3, 6, 49, 20, 0.25
4, 4, 5, 49, 36, 0.25
4, 4, 7, 49, 38, 0.25
4, 5, 6, 49, 24, 0.25
4, 5, 8, 49, 25, 0.25
4, 6, 9, 49, 13, 0.25
4, 7, 8, 49, 7, 0.25
4, 8, 9, 49, 14, 0.25
4, 1, 4, 50, 10, 0.25
4, 2, 3, 50, 7, 0.25
4, 2, 5, 50, 11, 0.25
4, 3, 6, 50, 8, 0.25
4, 4, 5, 50, 5, 0.25
4, 4, 7, 50, 19, 0.25
4, 5, 6, 50, 22, 0.25
4, 5, 8, 50, 36, 0.25
4, 6, 9, 50, 35, 0.25
4, 7, 8, 50, 31, 0.25
4, 8, 9, 50, 37, 0.25
4, 1, 2, 51, 4, 0.25
4, 1, 4, 51, 23, 0.25
4, 2, 3, 51, 25, 0.25
4, 2, 5, 51, 3, 0.25
4, 3, 6, 51, 37, 0.25
4, 4, 5, 51, 15, 0.25
4, 4, 7, 51, 17, 0.25
4, 5, 6, 51, 24, 0.25
4, 5, 8, 51, 31, 0.25
4, 8, 9, 51, 11, 0.25
4, 1, 2, 52, 30, 0.25
4, 2, 3, 52, 35, 0.25
4, 2, 5, 52, 7, 0.25
4, 3, 6, 52, 6, 0.25
4, 4, 5, 52, 8, 0.25
4, 4, 7, 52, 4, 0.25
4, 5, 8, 52, 18, 0.25
4, 6, 9, 52, 34, 0.25
4, 7, 8, 52, 2, 0.25
4, 8, 9, 52, 34, 0.25
4, 1, 2, 53, 12, 0.25
4, 1, 4, 53, 14, 0.25
4, 2, 3, 53, 21, 0.25
4, 2, 5, 53, 32, 0.25
4, 3, 6, 53, 17, 0.25
4, 4, 5, 53, 31, 0.25
4, 4, 7, 53, 4, 0.25
4, 5, 6, 53, 28, 0.25
4, 5, 8, 53, 18, 0.25
4, 6, 9, 53, 30, 0.25
4, 7, 8, 53, 5, 0.25
4, 8, 9, 53, 25, 0.25
4, 1, 2, 54, 1, 0.25
4, 2, 3, 54, 18, 0.25
4, 2, 5, 54, 22, 0.25
4, 3, 6, 54, 33, 0.25
4, 4, 5, 54, 11, 0.25
4, 5, 6, 54, 34, 0.25
4, 5, 8, 54, 3, 0.25
4, 6, 9, 54, 34, 0.25
4, 7, 8, 54, 27, 0.25
4, 1, 2, 55, 12, 0.25
4, 1, 4, 55, 20, 0.25
4, 2, 3, 55, 20, 0.25
4, 2, 5, 55, 14, 0.25
4, 3, 6, 55, 12, 0.25
4, 4, 5, 55, 24, 0.25
4, 4, 7, 55, 2, 0.25
4, 5, 6, 55, 14, 0.25
4, 5, 8, 55, 23, 0.25
4, 7, 8, 55, 9, 0.25
4, 1, 4, 56, 14, 0.25
4, 2, 3, 56, 30, 0.25
4, 3, 6, 56, 5, 0.25
4, 4, 5, 56, 22, 0.25
4, 4, 7, 56, 25, 0.25
4, 6, 9, 56, 14, 0.25
4, 7, 8, 56, 28, 0.25
4, 1, 2, 57, 28, 0.25
4, 1, 4, 57, 24, 0.25
4, 2, 5, 57, 15, 0.25
4, 3, 6, 57, 7, 0.25
4, 4, 5, 57, 16, 0.25
4, 4, 7, 57, 3, 0.25
4, 5, 6, 57, 28, 0.25
4, 6, 9, 57, 20, 0.25
4, 7, 8, 57, 10, 0.25
4, 8, 9, 57, 22, 0.25
4, 1, 4, 58, 21, 0.25
4, 2, 3, 58, 5, 0.25
4, 2, 5, 58, 30, 0.25
4, 4, 5, 58, 7, 0.25
4, 4, 7, 58, 14, 0.25
4, 5, 6, 58, 23, 0.25
4, 5, 8, 58, 10, 0.25
4, 6, 9, 58, 28, 0.25
4, 7, 8, 58, 26, 0.25
4, 8, 9, 58, 22, 0.25
4, 3, 6, 59, 16, 0.25
4, 4, 5, 59, 9, 0.25
4, 4, 7, 59, 18, 0.25
4, 5, 6, 59, 8, 0.25
4, 5, 8, 59, 14, 0.25
4, 6, 9, 59, 20, 0.25
4, 7, 8, 59, 5, 0.25
4, 1, 2, 60, 27, 0.25
4, 1, 4, 60, 24, 0.25
4, 4, 5, 60, 28, 0.25
4, 4, 7, 60, 21, 0.25
4, 7, 8, 60, 26, 0.25
4, 8, 9, 60, 8, 0.25
4, 1, 4, 61, 8, 0.25
4, 2, 3, 61, 2, 0.25
4, 2, 5, 61, 5, 0.25
4, 4, 5, 61, 4, 0.25
4, 4, 7, 61, 24, 0.25
4, 5, 8, 61, 16, 0.25
4, 6, 9, 61, 24, 0.25
4, 2, 3, 62, 12, 0.25
4, 3, 6, 62, 21, 0.25
4, 4, 5, 62, 6, 0.25
4, 4, 7, 62, 17, 0.25
4, 5, 6, 62, 19, 0.25
4, 5, 8, 62, 5, 0.25
4, 6, 9, 62, 10, 0.25
4, 7, 8, 62, 15, 0.25
4, 1, 2, 63, 22, 0.25
4, 2, 3, 63, 21, 0.25
4, 2, 5, 63, 25, 0.25
4, 3, 6, 63, 3, 0.25
4, 4, 7, 63, 7, 0.25
4, 5, 8, 63, 16, 0.25
4, 6, 9, 63, 2, 0.25
4, 8, 9, 63, 20, 0.25
4, 1, 4, 64, 8, 0.25
4, 3, 6, 64, 16, 0.25
4, 4, 7, 64, 23, 0.25
4, 5, 6, 64, 2, 0.25
4, 5, 8, 64, 14, 0.25
4, 6, 9, 64, 6, 0.25
4, 8, 9, 64, 25, 0.25
4, 1, 2, 65, 18, 0.25
4, 1, 4, 65, 23, 0.25
4, 2, 5, 65, 17, 0.25
4, 3, 6, 65, 5, 0.25
4, 4, 5, 65, 16, 0.25
4, 5, 8, 65, 6, 0.25
4, 6, 9, 65, 1, 0.25
4, 7, 8, 65, 3, 0.25
4, 8, 9, 65, 11, 0.25
4, 1, 4, 66, 23, 0.25
4, 4, 7, 66, 16, 0.25
4, 5, 6, 66, 16, 0.25
4, 6, 9, 66, 12, 0.25
4, 7, 8, 66, 22, 0.25
4, 1, 4, 67, 7, 0.25
4, 2, 5, 67, 5, 0.25
4, 3, 6, 67, 17, 0.25
4, 4, 5, 67, 12, 0.25
4, 5, 6, 67, 8, 0.25
4, 5, 8, 67, 19, 0.25
4, 6, 9, 67, 12, 0.25
4, 8, 9, 67, 7, 0.25
4, 1, 2, 68, 15, 0.25
4, 2, 5, 68, 16, 0.25
4, 4, 7, 68, 9, 0.25
4, 7, 8, 68, 6, 0.25
4, 1, 4, 69, 14, 0.25
4, 2, 5, 69, 5, 0.25
4, 4, 5, 69, 19, 0.25
4, 5, 8, 69, 5, 0.25
4, 6, 9, 69, 20, 0.25
4, 2, 3, 70, 5, 0.25
4, 2, 5, 70, 10, 0.25
4, 4, 7, 70, 14, 0.25
4, 5, 6, 70, 6, 0.25
4, 8, 9, 70, 19, 0.25
4, 1, 2, 71, 6, 0.25
4, 1, 4, 71, 3, 0.25
4, 2, 3, 71, 5, 0.25
4, 3, 6, 71, 5, 0.25
4, 4, 7, 71, 11, 0.25
4, 5, 8, 71, 2, 0.25
4, 6, 9, 71, 16, 0.25
4, 7, 8, 71, 9, 0.25
4, 1, 2, 72, 12, 0.25
4, 1, 4, 72, 11, 0.25
4, 3, 6, 72, 4, 0.25
4, 4, 7, 72, 4, 0.25
4, 5, 6, 72, 16, 0.25
4, 6, 9, 72, 17, 0.25
4, 2, 3, 73, 15, 0.25
4, 2, 5, 73, 12, 0.25
4, 3, 6, 73, 9, 0.25
4, 4, 5, 73, 7, 0.25
4, 5, 6, 73, 14, 0.25
4, 6, 9, 73, 4, 0.25
4, 8, 9, 73, 9, 0.25
4, 2, 3, 74, 14, 0.25
4, 2, 5, 74, 8, 0.25
4, 6, 9, 74, 10, 0.25
4, 2, 3, 75, 12, 0.25
4, 3, 6, 75, 1, 0.25
4, 4, 5, 75, 8, 0.25
4, 5, 6, 75, 13, 0.25
4, 5, 8, 75, 3, 0.25
4, 7, 8, 75, 11, 0.25
4, 8, 9, 75, 1, 0.25
4, 2, 5, 76, 3, 0.25
4, 6, 9, 76, 7, 0.25
4, 7, 8, 76, 5, 0.25
4, 3, 6, 77, 9, 0.25
4, 4, 5, 77, 11, 0.25
4, 5, 8, 77, 11, 0.25
4, 4, 7, 78, 3, 0.25
4, 2, 5, 79, 2, 0.25
4, 3, 6, 80, 5, 0.25
4, 4, 5, 80, 1, 0.25
4, 5, 8, 80, 8, 0.25
4, 8, 9, 80, 6, 0.25
4, 1, 2, 81, 7, 0.25
4, 5, 6, 81, 2, 0.25
4, 5, 8, 81, 4, 0.25
4, 2, 3, 83, 3, 0.25
4, 6, 9, 83, 6, 0.25
4, 3, 6, 86, 3, 0.25
4, 7, 8, 87, 1, 0.25
