k, i, j, t, w, pr
1, 1, 2, 0, 13, 0.25
1, 1, 4, 0, 10, 0.25
1, 2, 3, 0, 16, 0.25
1, 2, 5, 0, 13, 0.25
1, 3, 6, 0, 22, 0.25
1, 4, 5, 0, 21, 0.25
1, 4, 7, 0, 32, 0.25
1, 5, 6, 0, 20, 0.25
1, 5, 8, 0, 7, 0.25
1, 6, 9, 0, 15, 0.25
1, 7, 8, 0, 11, 0.25
1, 8, 9, 0, 40, 0.25
1, 1, 2, 1, 21, 0.25
1, 1, 4, 1, 26, 0.25
1, 2, 3, 1, 14, 0.25
1, 2, 5, 1, 32, 0.25
1, 3, 6, 1, 42, 0.25
1, 4, 5, 1, 32, 0.25
1, 4, 7, 1, 11, 0.25
1, 5, 6, 1, 5, 0.25
1, 5, 8, 1, 28, 0.25
1, 6, 9, 1, 23, 0.25
1, 7, 8, 1, 18, 0.25
1, 8, 9, 1, 28, 0.25
1, 1, 2, 2, 14, 0.25
1, 1, 4, 2, 43, 0.25
1, 2, 3, 2, 12, 0.25
1, 2, 5, 2, 5, 0.25
1, 3, 6, 2, 24, 0.25
1, 4, 5, 2, 8, 0.25
1, 4, 7, 2, 32, 0.25
1, 5, 6, 2, 29, 0.25
1, 5, 8, 2, 14, 0.25
1, 6, 9, 2, 43, 0.25
1, 7, 8, 2, 24, 0.25
1, 8, 9, 2, 34, 0.25
1, 1, 2, 3, 33, 0.25
1, 1, 4, 3, 26, 0.25
1, 2, 3, 3, 35, 0.25
1, 2, 5, 3, 20, 0.25
1, 3, 6, 3, 13, 0.25
1, 4, 5, 3, 41, 0.25
1, 4, 7, 3, 39, 0.25
1, 5, 6, 3, 32, 0.25
1, 5, 8, 3, 17, 0.25
1, 6, 9, 3, 5, 0.25
1, 7, 8, 3, 37, 0.25
1, 8, 9, 3, 40, 0.25
1, 1, 2, 4, 37, 0.25
1, 1, 4, 4, 16, 0.25
1, 2, 3, 4, 15, 0.25
1, 2, 5, 4, 9, 0.25
1, 3, 6, 4, 39, 0.25
1, 4, 5, 4, 8, 0.25
1, 4, 7, 4, 42, 0.25
1, 5, 6, 4, 3, 0.25
1, 5, 8, 4, 19, 0.25
1, 6, 9, 4, 23, 0.25
1, 7, 8, 4, 9, 0.25
1, 8, 9, 4, 30, 0.25
1, 1, 2, 5, 37, 0.25
1, 1, 4, 5, 18, 0.25
1, 2, 3, 5, 16, 0.25
1, 2, 5, 5, 41, 0.25
1, 3, 6, 5, 31, 0.25
1, 4, 5, 5, 6, 0.25
1, 4, 7, 5, 17, 0.25
1, 5, 6, 5, 20, 0.25
1, 5, 8, 5, 16, 0.25
1, 6, 9, 5, 27, 0.25
1, 7, 8, 5, 2, 0.25
1, 8, 9, 5, 32, 0.25
1, 1, 2, 6, 40, 0.25
1, 1, 4, 6, 6, 0.25
1, 2, 3, 6, 17, 0.25
1, 2, 5, 6, 22, 0.25
1, 3, 6, 6, 29, 0.25
1, 4, 5, 6, 39, 0.25
1, 4, 7, 6, 31, 0.25
1, 5, 6, 6, 31, 0.25
1, 5, 8, 6, 8, 0.25
1, 6, 9, 6, 32, 0.25
1, 7, 8, 6, 4, 0.25
1, 8, 9, 6, 11, 0.25
1, 1, 2, 7, 34, 0.25
1, 1, 4, 7, 31, 0.25
1, 2, 3, 7, 15, 0.25
1, 2, 5, 7, 16, 0.25
1, 3, 6, 7, 26, 0.25
1, 4, 5, 7, 25, 0.25
1, 4, 7, 7, 12, 0.25
1, 5, 6, 7, 23, 0.25
1, 5, 8, 7, 15, 0.25
1, 6, 9, 7, 26, 0.25
1, 7, 8, 7, 1, 0.25
1, 8, 9, 7, 30, 0.25
1, 1, 2, 8, 5, 0.25
1, 1, 4, 8, 19, 0.25
1, 2, 3, 8, 16, 0.25
1, 2, 5, 8, 27, 0.25
1, 3, 6, 8, 19, 0.25
1, 4, 5, 8, 12, 0.25
1, 4, 7, 8, 38, 0.25
1, 5, 6, 8, 23, 0.25
1, 5, 8, 8, 18, 0.25
1, 6, 9, 8, 4, 0.25
1, 7, 8, 8, 15, 0.25
1, 8, 9, 8, 24, 0.25
1, 1, 2, 9, 28, 0.25
1, 1, 4, 9, 32, 0.25
1, 2, 3, 9, 31, 0.25
1, 2, 5, 9, 8, 0.25
1, 3, 6, 9, 35, 0.25
1, 4, 5, 9, 21, 0.25
1, 4, 7, 9, 21, 0.25
1, 5, 6, 9, 21, 0.25
1, 5, 8, 9, 38, 0.25
1, 6, 9, 9, 21, 0.25
1, 7, 8, 9, 16, 0.25
1, 8, 9, 9, 38, 0.25
1, 1, 2, 10, 41, 0.25
1, 1, 4, 10, 22, 0.25
1, 2, 3, 10, 17, 0.25
1, 2, 5, 10, 29, 0.25
1, 3, 6, 10, 25, 0.25
1, 4, 5, 10, 13, 0.25
1, 4, 7, 10, 7, 0.25
1, 5, 6, 10, 37, 0.25
1, 5, 8, 10, 32, 0.25
1, 6, 9, 10, 2, 0.25
1, 7, 8, 10, 12, 0.25
1, 8, 9, 10, 3, 0.25
1, 1, 2, 11, 18, 0.25
1, 1, 4, 11, 11, 0.25
1, 2, 3, 11, 21, 0.25
1, 2, 5, 11, 8, 0.25
1, 3, 6, 11, 22, 0.25
1, 4, 5, 11, 17, 0.25
1, 4, 7, 11, 22, 0.25
1, 5, 6, 11, 44, 0.25
1, 5, 8, 11, 12, 0.25
1, 6, 9, 11, 23, 0.25
1, 7, 8, 11, 13, 0.25
1, 8, 9, 11, 29, 0.25
1, 1, 2, 12, 20, 0.25
1, 1, 4, 12, 12, 0.25
1, 2, 3, 12, 27, 0.25
1, 2, 5, 12, 43, 0.25
1, 3, 6, 12, 11, 0.25
1, 4, 5, 12, 7, 0.25
1, 4, 7, 12, 44, 0.25
1, 5, 6, 12, 12, 0.25
1, 5, 8, 12, 41, 0.25
1, 6, 9, 12, 42, 0.25
1, 7, 8, 12, 18, 0.25
1, 8, 9, 12, 32, 0.25
1, 1, 2, 13, 2, 0.25
1, 1, 4, 13, 10, 0.25
1, 2, 3, 13, 23, 0.25
1, 2, 5, 13, 37, 0.25
1, 3, 6, 13, 25, 0.25
1, 4, 5, 13, 37, 0.25
1, 4, 7, 13, 31, 0.25
1, 5, 6, 13, 40, 0.25
1, 5, 8, 13, 41, 0.25
1, 6, 9, 13, 35, 0.25
1, 7, 8, 13, 43, 0.25
1, 8, 9, 13, 7, 0.25
1, 1, 2, 14, 42, 0.25
1, 1, 4, 14, 42, 0.25
1, 2, 3, 14, 4, 0.25
1, 2, 5, 14, 40, 0.25
1, 3, 6, 14, 27, 0.25
1, 4, 5, 14, 35, 0.25
1, 4, 7, 14, 9, 0.25
1, 5, 6, 14, 8, 0.25
1, 5, 8, 14, 8, 0.25
1, 6, 9, 14, 44, 0.25
1, 7, 8, 14, 18, 0.25
1, 8, 9, 14, 11, 0.25
1, 1, 2, 15, 43, 0.25
1, 1, 4, 15, 16, 0.25
1, 2, 3, 15, 15, 0.25
1, 2, 5, 15, 9, 0.25
1, 3, 6, 15, 22, 0.25
1, 4, 5, 15, 32, 0.25
1, 4, 7, 15, 13, 0.25
1, 5, 6, 15, 19, 0.25
1, 5, 8, 15, 24, 0.25
1, 6, 9, 15, 32, 0.25
1, 7, 8, 15, 30, 0.25
1, 8, 9, 15, 7, 0.25
1, 1, 2, 16, 38, 0.25
1, 1, 4, 16, 41, 0.25
1, 2, 3, 16, 43, 0.25
1, 2, 5, 16, 28, 0.25
1, 3, 6, 16, 1, 0.25
1, 4, 5, 16, 43, 0.25
1, 4, 7, 16, 4, 0.25
1, 5, 6, 16, 42, 0.25
1, 5, 8, 16, 37, 0.25
1, 6, 9, 16, 33, 0.25
1, 7, 8, 16, 27, 0.25
1, 8, 9, 16, 43, 0.25
1, 1, 2, 17, 20, 0.25
1, 1, 4, 17, 22, 0.25
1, 2, 3, 17, 31, 0.25
1, 2, 5, 17, 13, 0.25
1, 3, 6, 17, 10, 0.25
1, 4, 5, 17, 7, 0.25
1, 4, 7, 17, 12, 0.25
1, 5, 6, 17, 34, 0.25
1, 5, 8, 17, 36, 0.25
1, 6, 9, 17, 40, 0.25
1, 7, 8, 17, 28, 0.25
1, 8, 9, 17, 22, 0.25
1, 1, 2, 18, 43, 0.25
1, 1, 4, 18, 35, 0.25
1, 2, 3, 18, 14, 0.25
1, 2, 5, 18, 6, 0.25
1, 3, 6, 18, 19, 0.25
1, 4, 5, 18, 26, 0.25
1, 4, 7, 18, 4, 0.25
1, 5, 6, 18, 2, 0.25
1, 5, 8, 18, 36, 0.25
1, 6, 9, 18, 10, 0.25
1, 7, 8, 18, 10, 0.25
1, 8, 9, 18, 33, 0.25
1, 1, 2, 19, 42, 0.25
1, 1, 4, 19, 28, 0.25
1, 2, 3, 19, 26, 0.25
1, 2, 5, 19, 19, 0.25
1, 3, 6, 19, 17, 0.25
1, 4, 5, 19, 30, 0.25
1, 4, 7, 19, 39, 0.25
1, 5, 6, 19, 36, 0.25
1, 5, 8, 19, 35, 0.25
1, 6, 9, 19, 1, 0.25
1, 7, 8, 19, 20, 0.25
1, 8, 9, 19, 26, 0.25
1, 1, 2, 20, 9, 0.25
1, 1, 4, 20, 8, 0.25
1, 2, 3, 20, 17, 0.25
1, 2, 5, 20, 40, 0.25
1, 3, 6, 20, 14, 0.25
1, 4, 5, 20, 30, 0.25
1, 4, 7, 20, 27, 0.25
1, 5, 6, 20, 13, 0.25
1, 5, 8, 20, 16, 0.25
1, 6, 9, 20, 2, 0.25
1, 7, 8, 20, 40, 0.25
1, 8, 9, 20, 36, 0.25
1, 1, 2, 21, 36, 0.25
1, 1, 4, 21, 36, 0.25
1, 2, 3, 21, 6, 0.25
1, 2, 5, 21, 35, 0.25
1, 3, 6, 21, 20, 0.25
1, 4, 5, 21, 22, 0.25
1, 4, 7, 21, 9, 0.25
1, 5, 6, 21, 15, 0.25
1, 5, 8, 21, 19, 0.25
1, 6, 9, 21, 39, 0.25
1, 7, 8, 21, 20, 0.25
1, 8, 9, 21, 41, 0.25
1, 1, 2, 22, 36, 0.25
1, 1, 4, 22, 36, 0.25
1, 2, 3, 22, 15, 0.25
1, 2, 5, 22, 34, 0.25
1, 3, 6, 22, 37, 0.25
1, 4, 5, 22, 41, 0.25
1, 4, 7, 22, 23, 0.25
1, 5, 6, 22, 2, 0.25
1, 5, 8, 22, 27, 0.25
1, 6, 9, 22, 37, 0.25
1, 7, 8, 22, 2, 0.25
1, 8, 9, 22, 38, 0.25
1, 1, 2, 23, 40, 0.25
1, 1, 4, 23, 37, 0.25
1, 2, 3, 23, 5, 0.25
1, 2, 5, 23, 27, 0.25
1, 3, 6, 23, 43, 0.25
1, 4, 5, 23, 30, 0.25
1, 4, 7, 23, 30, 0.25
1, 5, 6, 23, 40, 0.25
1, 5, 8, 23, 18, 0.25
1, 6, 9, 23, 8, 0.25
1, 7, 8, 23, 14, 0.25
1, 8, 9, 23, 28, 0.25
1, 1, 2, 24, 24, 0.25
1, 1, 4, 24, 15, 0.25
1, 2, 3, 24, 27, 0.25
1, 2, 5, 24, 2, 0.25
1, 3, 6, 24, 35, 0.25
1, 4, 5, 24, 30, 0.25
1, 4, 7, 24, 40, 0.25
1, 5, 6, 24, 34, 0.25
1, 5, 8, 24, 25, 0.25
1, 6, 9, 24, 43, 0.25
1, 7, 8, 24, 27, 0.25
1, 8, 9, 24, 31, 0.25
1, 1, 2, 25, 41, 0.25
1, 1, 4, 25, 32, 0.25
1, 2, 3, 25, 19, 0.25
1, 2, 5, 25, 10, 0.25
1, 3, 6, 25, 29, 0.25
1, 4, 5, 25, 37, 0.25
1, 4, 7, 25, 11, 0.25
1, 5, 6, 25, 10, 0.25
1, 5, 8, 25, 14, 0.25
1, 6, 9, 25, 38, 0.25
1, 7, 8, 25, 15, 0.25
1, 8, 9, 25, 19, 0.25
1, 1, 2, 26, 3, 0.25
1, 1, 4, 26, 35, 0.25
1, 2, 3, 26, 32, 0.25
1, 2, 5, 26, 41, 0.25
1, 3, 6, 26, 20, 0.25
1, 4, 5, 26, 40, 0.25
1, 4, 7, 26, 2, 0.25
1, 5, 6, 26, 11, 0.25
1, 5, 8, 26, 31, 0.25
1, 6, 9, 26, 38, 0.25
1, 7, 8, 26, 19, 0.25
1, 8, 9, 26, 28, 0.25
1, 1, 2, 27, 31, 0.25
1, 1, 4, 27, 15, 0.25
1, 2, 3, 27, 29, 0.25
1, 2, 5, 27, 21, 0.25
1, 3, 6, 27, 18, 0.25
1, 4, 5, 27, 18, 0.25
1, 4, 7, 27, 4, 0.25
1, 5, 6, 27, 31, 0.25
1, 5, 8, 27, 9, 0.25
1, 6, 9, 27, 27, 0.25
1, 7, 8, 27, 13, 0.25
1, 8, 9, 27, 36, 0.25
1, 1, 2, 28, 41, 0.25
1, 1, 4, 28, 2, 0.25
1, 2, 3, 28, 43, 0.25
1, 2, 5, 28, 12, 0.25
1, 3, 6, 28, 35, 0.25
1, 4, 5, 28, 32, 0.25
1, 4, 7, 28, 15, 0.25
1, 5, 6, 28, 39, 0.25
1, 5, 8, 28, 31, 0.25
1, 6, 9, 28, 8, 0.25
1, 7, 8, 28, 27, 0.25
1, 8, 9, 28, 30, 0.25
1, 1, 2, 29, 28, 0.25
1, 1, 4, 29, 32, 0.25
1, 2, 3, 29, 33, 0.25
1, 2, 5, 29, 38, 0.25
1, 3, 6, 29, 19, 0.25
1, 4, 5, 29, 7, 0.25
1, 4, 7, 29, 2, 0.25
1, 5, 6, 29, 8, 0.25
1, 5, 8, 29, 21, 0.25
1, 6, 9, 29, 9, 0.25
1, 7, 8, 29, 22, 0.25
1, 8, 9, 29, 40, 0.25
1, 1, 2, 30, 14, 0.25
1, 1, 4, 30, 36, 0.25
1, 2, 3, 30, 1, 0.25
1, 2, 5, 30, 3, 0.25
1, 3, 6, 30, 14, 0.25
1, 4, 5, 30, 10, 0.25
1, 4, 7, 30, 28, 0.25
1, 5, 6, 30, 30, 0.25
1, 5, 8, 30, 27, 0.25
1, 6, 9, 30, 37, 0.25
1, 7, 8, 30, 16, 0.25
1, 8, 9, 30, 16, 0.25
1, 1, 2, 31, 32, 0.25
1, 1, 4, 31, 4, 0.25
1, 2, 3, 31, 34, 0.25
1, 2, 5, 31, 26, 0.25
1, 3, 6, 31, 2, 0.25
1, 4, 5, 31, 15, 0.25
1, 4, 7, 31, 37, 0.25
1, 5, 6, 31, 25, 0.25
1, 5, 8, 31, 4, 0.25
1, 6, 9, 31, 29, 0.25
1, 7, 8, 31, 42, 0.25
1, 8, 9, 31, 17, 0.25
1, 1, 2, 32, 5, 0.25
1, 1, 4, 32, 5, 0.25
1, 2, 3, 32, 17, 0.25
1, 2, 5, 32, 4, 0.25
1, 3, 6, 32, 5, 0.25
1, 4, 5, 32, 6, 0.25
1, 4, 7, 32, 18, 0.25
1, 5, 6, 32, 38, 0.25
1, 5, 8, 32, 2, 0.25
1, 6, 9, 32, 33, 0.25
1, 7, 8, 32, 27, 0.25
1, 8, 9, 32, 31, 0.25
1, 1, 2, 33, 23, 0.25
1, 1, 4, 33, 15, 0.25
1, 2, 3, 33, 26, 0.25
1, 2, 5, 33, 11, 0.25
1, 3, 6, 33, 37, 0.25
1, 4, 5, 33, 41, 0.25
1, 4, 7, 33, 30, 0.25
1, 5, 6, 33, 4, 0.25
1, 5, 8, 33, 6, 0.25
1, 6, 9, 33, 22, 0.25
1, 7, 8, 33, 22, 0.25
1, 8, 9, 33, 42, 0.25
1, 1, 2, 34, 15, 0.25
1, 1, 4, 34, 39, 0.25
1, 2, 3, 34, 10, 0.25
1, 2, 5, 34, 17, 0.25
1, 3, 6, 34, 12, 0.25
1, 4, 5, 34, 40, 0.25
1, 4, 7, 34, 15, 0.25
1, 5, 6, 34, 29, 0.25
1, 5, 8, 34, 25, 0.25
1, 6, 9, 34, 14, 0.25
1, 7, 8, 34, 16, 0.25
1, 8, 9, 34, 29, 0.25
1, 1, 2, 35, 26, 0.25
1, 1, 4, 35, 43, 0.25
1, 2, 3, 35, 21, 0.25
1, 2, 5, 35, 23, 0.25
1, 3, 6, 35, 5, 0.25
1, 4, 5, 35, 37, 0.25
1, 4, 7, 35, 12, 0.25
1, 5, 6, 35, 18, 0.25
1, 5, 8, 35, 17, 0.25
1, 6, 9, 35, 9, 0.25
1, 7, 8, 35, 30, 0.25
1, 8, 9, 35, 9, 0.25
1, 1, 2, 36, 26, 0.25
1, 1, 4, 36, 41, 0.25
1, 2, 3, 36, 11, 0.25
1, 2, 5, 36, 35, 0.25
1, 3, 6, 36, 32, 0.25
1, 4, 5, 36, 11, 0.25
1, 4, 7, 36, 32, 0.25
1, 5, 6, 36, 2, 0.25
1, 5, 8, 36, 44, 0.25
1, 6, 9, 36, 38, 0.25
1, 7, 8, 36, 2, 0.25
1, 8, 9, 36, 24, 0.25
1, 1, 2, 37, 11, 0.25
1, 1, 4, 37, 20, 0.25
1, 2, 3, 37, 3, 0.25
1, 2, 5, 37, 29, 0.25
1, 3, 6, 37, 40, 0.25
1, 4, 5, 37, 15, 0.25
1, 4, 7, 37, 24, 0.25
1, 5, 6, 37, 21, 0.25
1, 5, 8, 37, 26, 0.25
1, 6, 9, 37, 24, 0.25
1, 7, 8, 37, 16, 0.25
1, 8, 9, 37, 32, 0.25
1, 1, 2, 38, 26, 0.25
1, 1, 4, 38, 3, 0.25
1, 2, 3, 38, 19, 0.25
1, 2, 5, 38, 1, 0.25
1, 3, 6, 38, 3, 0.25
1, 4, 5, 38, 19, 0.25
1, 4, 7, 38, 16, 0.25
1, 5, 6, 38, 11, 0.25
1, 5, 8, 38, 11, 0.25
1, 6, 9, 38, 12, 0.25
1, 7, 8, 38, 38, 0.25
1, 8, 9, 38, 24, 0.25
1, 1, 2, 39, 33, 0.25
1, 1, 4, 39, 33, 0.25
1, 2, 3, 39, 24, 0.25
1, 2, 5, 39, 15, 0.25
1, 3, 6, 39, 32, 0.25
1, 4, 5, 39, 32, 0.25
1, 4, 7, 39, 28, 0.25
1, 5, 6, 39, 16, 0.25
1, 5, 8, 39, 4, 0.25
1, 6, 9, 39, 7, 0.25
1, 7, 8, 39, 30, 0.25
1, 8, 9, 39, 25, 0.25
1, 1, 2, 40, 33, 0.25
1, 1, 4, 40, 33, 0.25
1, 2, 3, 40, 8, 0.25
1, 2, 5, 40, 31, 0.25
1, 3, 6, 40, 17, 0.25
1, 4, 5, 40, 19, 0.25
1, 4, 7, 40, 21, 0.25
1, 5, 6, 40, 24, 0.25
1, 5, 8, 40, 3, 0.25
1, 6, 9, 40, 22, 0.25
1, 7, 8, 40, 31, 0.25
1, 8, 9, 40, 32, 0.25
1, 1, 2, 41, 18, 0.25
1, 1, 4, 41, 37, 0.25
1, 2, 3, 41, 19, 0.25
1, 2, 5, 41, 34, 0.25
1, 3, 6, 41, 37, 0.25
1, 4, 5, 41, 30, 0.25
1, 4, 7, 41, 12, 0.25
1, 5, 6, 41, 5, 0.25
1, 5, 8, 41, 39, 0.25
1, 6, 9, 41, 22, 0.25
1, 7, 8, 41, 5, 0.25
1, 8, 9, 41, 7, 0.25
1, 1, 2, 42, 10, 0.25
1, 1, 4, 42, 44, 0.25
1, 2, 3, 42, 32, 0.25
1, 2, 5, 42, 28, 0.25
1, 3, 6, 42, 42, 0.25
1, 4, 5, 42, 38, 0.25
1, 4, 7, 42, 32, 0.25
1, 5, 6, 42, 6, 0.25
1, 5, 8, 42, 28, 0.25
1, 6, 9, 42, 32, 0.25
1, 7, 8, 42, 25, 0.25
1, 8, 9, 42, 31, 0.25
1, 1, 2, 43, 25, 0.25
1, 1, 4, 43, 26, 0.25
1, 2, 3, 43, 10, 0.25
1, 2, 5, 43, 37, 0.25
1, 3, 6, 43, 15, 0.25
1, 4, 5, 43, 42, 0.25
1, 4, 7, 43, 30, 0.25
1, 5, 6, 43, 21, 0.25
1, 5, 8, 43, 34, 0.25
1, 6, 9, 43, 41, 0.25
1, 7, 8, 43, 23, 0.25
1, 8, 9, 43, 40, 0.25
1, 1, 2, 44, 34, 0.25
1, 1, 4, 44, 33, 0.25
1, 2, 3, 44, 36, 0.25
1, 2, 5, 44, 15, 0.25
1, 3, 6, 44, 26, 0.25
1, 4, 5, 44, 30, 0.25
1, 4, 7, 44, 15, 0.25
1, 5, 6, 44, 10, 0.25
1, 5, 8, 44, 4, 0.25
1, 6, 9, 44, 20, 0.25
1, 7, 8, 44, 3, 0.25
1, 8, 9, 44, 42, 0.25
1, 1, 2, 45, 3, 0.25
1, 1, 4, 45, 26, 0.25
1, 2, 3, 45, 3, 0.25
1, 2, 5, 45, 18, 0.25
1, 3, 6, 45, 34, 0.25
1, 4, 5, 45, 38, 0.25
1, 4, 7, 45, 19, 0.25
1, 5, 6, 45, 44, 0.25
1, 5, 8, 45, 12, 0.25
1, 6, 9, 45, 16, 0.25
1, 7, 8, 45, 4, 0.25
1, 8, 9, 45, 33, 0.25
1, 1, 2, 46, 2, 0.25
1, 1, 4, 46, 6, 0.25
1, 2, 3, 46, 21, 0.25
1, 2, 5, 46, 4, 0.25
1, 3, 6, 46, 21, 0.25
1, 4, 5, 46, 31, 0.25
1, 4, 7, 46, 16, 0.25
1, 5, 6, 46, 43, 0.25
1, 5, 8, 46, 9, 0.25
1, 6, 9, 46, 33, 0.25
1, 7, 8, 46, 37, 0.25
1, 8, 9, 46, 7, 0.25
1, 1, 2, 47, 30, 0.25
1, 1, 4, 47, 15, 0.25
1, 2, 3, 47, 26, 0.25
1, 2, 5, 47, 22, 0.25
1, 3, 6, 47, 40, 0.25
1, 4, 5, 47, 5, 0.25
1, 4, 7, 47, 36, 0.25
1, 5, 6, 47, 27, 0.25
1, 5, 8, 47, 18, 0.25
1, 6, 9, 47, 33, 0.25
1, 7, 8, 47, 8, 0.25
1, 8, 9, 47, 35, 0.25
1, 1, 2, 48, 22, 0.25
1, 1, 4, 48, 6, 0.25
1, 2, 3, 48, 28, 0.25
1, 2, 5, 48, 20, 0.25
1, 3, 6, 48, 3, 0.25
1, 4, 5, 48, 11, 0.25
1, 5, 6, 48, 25, 0.25
1, 5, 8, 48, 17, 0.25
1, 6, 9, 48, 11, 0.25
1, 7, 8, 48, 31, 0.25
1, 8, 9, 48, 8, 0.25
1, 1, 2, 49, 10, 0.25
1, 1, 4, 49, 37, 0.25
1, 2, 3, 49, 22, 0.25
1, 2, 5, 49, 7, 0.25
1, 3, 6, 49, 31, 0.25
1, 4, 5, 49, 15, 0.25
1, 4, 7, 49, 9, 0.25
1, 5, 6, 49, 9, 0.25
1, 5, 8, 49, 17, 0.25
1, 6, 9, 49, 25, 0.25
1, 7, 8, 49, 6, 0.25
1, 8, 9, 49, 6, 0.25
1, 1, 2, 50, 7, 0.25
1, 1, 4, 50, 32, 0.25
1, 2, 3, 50, 14, 0.25
1, 2, 5, 50, 20, 0.25
1, 3, 6, 50, 17, 0.25
1, 4, 5, 50, 25, 0.25
1, 4, 7, 50, 37, 0.25
1, 5, 6, 50, 1, 0.25
1, 5, 8, 50, 32, 0.25
1, 6, 9, 50, 25, 0.25
1, 7, 8, 50, 17, 0.25
1, 8, 9, 50, 34, 0.25
1, 1, 2, 51, 33, 0.25
1, 2, 3, 51, 14, 0.25
1, 2, 5, 51, 10, 0.25
1, 3, 6, 51, 11, 0.25
1, 4, 5, 51, 31, 0.25
1, 4, 7, 51, 37, 0.25
1, 5, 6, 51, 16, 0.25
1, 5, 8, 51, 24, 0.25
1, 6, 9, 51, 31, 0.25
1, 7, 8, 51, 11, 0.25
1, 8, 9, 51, 32, 0.25
1, 1, 2, 52, 27, 0.25
1, 1, 4, 52, 35, 0.25
1, 2, 3, 52, 13, 0.25
1, 2, 5, 52, 27, 0.25
1, 3, 6, 52, 33, 0.25
1, 4, 5, 52, 3, 0.25
1, 4, 7, 52, 20, 0.25
1, 5, 6, 52, 34, 0.25
1, 5, 8, 52, 28, 0.25
1, 6, 9, 52, 6, 0.25
1, 7, 8, 52, 13, 0.25
1, 8, 9, 52, 1, 0.25
1, 1, 2, 53, 20, 0.25
1, 1, 4, 53, 7, 0.25
1, 2, 3, 53, 4, 0.25
1, 2, 5, 53, 19, 0.25
1, 3, 6, 53, 20, 0.25
1, 4, 5, 53, 13, 0.25
1, 5, 6, 53, 6, 0.25
1, 5, 8, 53, 24, 0.25
1, 6, 9, 53, 33, 0.25
1, 7, 8, 53, 17, 0.25
1, 8, 9, 53, 28, 0.25
1, 1, 4, 54, 22, 0.25
1, 2, 3, 54, 9, 0.25
1, 2, 5, 54, 13, 0.25
1, 3, 6, 54, 20, 0.25
1, 4, 5, 54, 23, 0.25
1, 5, 6, 54, 35, 0.25
1, 5, 8, 54, 28, 0.25
1, 6, 9, 54, 27, 0.25
1, 7, 8, 54, 28, 0.25
1, 8, 9, 54, 11, 0.25
1, 1, 2, 55, 8, 0.25
1, 1, 4, 55, 33, 0.25
1, 2, 5, 55, 29, 0.25
1, 3, 6, 55, 9, 0.25
1, 4, 5, 55, 9, 0.25
1, 5, 8, 55, 8, 0.25
1, 6, 9, 55, 1, 0.25
1, 1, 2, 56, 33, 0.25
1, 1, 4, 56, 7, 0.25
1, 2, 3, 56, 25, 0.25
1, 2, 5, 56, 16, 0.25
1, 3, 6, 56, 20, 0.25
1, 4, 5, 56, 4, 0.25
1, 4, 7, 56, 28, 0.25
1, 5, 6, 56, 21, 0.25
1, 5, 8, 56, 17, 0.25
1, 6, 9, 56, 30, 0.25
1, 8, 9, 56, 9, 0.25
1, 1, 2, 57, 15, 0.25
1, 2, 3, 57, 27, 0.25
1, 2, 5, 57, 2, 0.25
1, 3, 6, 57, 28, 0.25
1, 4, 5, 57, 23, 0.25
1, 4, 7, 57, 17, 0.25
1, 5, 6, 57, 30, 0.25
1, 5, 8, 57, 7, 0.25
1, 6, 9, 57, 27, 0.25
1, 7, 8, 57, 19, 0.25
1, 8, 9, 57, 25, 0.25
1, 1, 2, 58, 21, 0.25
1, 1, 4, 58, 27, 0.25
1, 2, 3, 58, 7, 0.25
1, 3, 6, 58, 10, 0.25
1, 4, 5, 58, 1, 0.25
1, 4, 7, 58, 5, 0.25
1, 5, 6, 58, 31, 0.25
1, 5, 8, 58, 28, 0.25
1, 7, 8, 58, 15, 0.25
1, 8, 9, 58, 24, 0.25
1, 1, 2, 59, 27, 0.25
1, 2, 5, 59, 16, 0.25
1, 3, 6, 59, 6, 0.25
1, 4, 5, 59, 30, 0.25
1, 5, 6, 59, 7, 0.25
1, 6, 9, 59, 7, 0.25
1, 8, 9, 59, 27, 0.25
1, 2, 5, 60, 26, 0.25
1, 3, 6, 60, 21, 0.25
1, 4, 7, 60, 21, 0.25
1, 5, 6, 60, 10, 0.25
1, 5, 8, 60, 3, 0.25
1, 6, 9, 60, 14, 0.25
1, 7, 8, 60, 13, 0.25
1, 8, 9, 60, 12, 0.25
1, 1, 4, 61, 3, 0.25
1, 2, 3, 61, 24, 0.25
1, 2, 5, 61, 21, 0.25
1, 3, 6, 61, 4, 0.25
1, 4, 5, 61, 13, 0.25
1, 5, 6, 61, 20, 0.25
1, 8, 9, 61, 6, 0.25
1, 1, 2, 62, 5, 0.25
1, 1, 4, 62, 10, 0.25
1, 2, 5, 62, 10, 0.25
1, 3, 6, 62, 18, 0.25
1, 4, 7, 62, 6, 0.25
1, 5, 6, 62, 19, 0.25
1, 5, 8, 62, 13, 0.25
1, 6, 9, 62, 4, 0.25
1, 7, 8, 62, 19, 0.25
1, 1, 4, 63, 24, 0.25
1, 2, 3, 63, 11, 0.25
1, 2, 5, 63, 22, 0.25
1, 3, 6, 63, 20, 0.25
1, 4, 5, 63, 17, 0.25
1, 4, 7, 63, 23, 0.25
1, 5, 6, 63, 18, 0.25
1, 5, 8, 63, 14, 0.25
1, 8, 9, 63, 21, 0.25
1, 1, 2, 64, 3, 0.25
1, 4, 5, 64, 23, 0.25
1, 4, 7, 64, 9, 0.25
1, 5, 8, 64, 2, 0.25
1, 6, 9, 64, 21, 0.25
1, 1, 2, 65, 11, 0.25
1, 4, 5, 65, 14, 0.25
1, 5, 6, 65, 12, 0.25
1, 7, 8, 65, 22, 0.25
1, 1, 2, 66, 16, 0.25
1, 4, 5, 66, 18, 0.25
1, 4, 7, 66, 15, 0.25
1, 5, 8, 66, 8, 0.25
1, 8, 9, 66, 23, 0.25
1, 2, 5, 67, 15, 0.25
1, 4, 7, 67, 16, 0.25
1, 5, 6, 67, 19, 0.25
1, 6, 9, 67, 17, 0.25
1, 7, 8, 67, 14, 0.25
1, 2, 3, 68, 18, 0.25
1, 3, 6, 68, 2, 0.25
1, 5, 8, 68, 13, 0.25
1, 7, 8, 68, 21, 0.25
1, 8, 9, 68, 20, 0.25
1, 1, 2, 69, 14, 0.25
1, 3, 6, 69, 7, 0.25
1, 4, 7, 69, 16, 0.25
1, 5, 8, 69, 19, 0.25
1, 6, 9, 69, 2, 0.25
1, 7, 8, 69, 13, 0.25
1, 8, 9, 69, 13, 0.25
1, 1, 4, 70, 2, 0.25
1, 2, 5, 70, 7, 0.25
1, 3, 6, 70, 6, 0.25
1, 4, 5, 70, 5, 0.25
1, 4, 7, 70, 2, 0.25
1, 5, 6, 70, 10, 0.25
1, 1, 2, 71, 5, 0.25
1, 2, 3, 71, 1, 0.25
1, 2, 5, 71, 17, 0.25
1, 6, 9, 71, 12, 0.25
1, 7, 8, 71, 13, 0.25
1, 8, 9, 71, 6, 0.25
1, 1, 4, 72, 3, 0.25
1, 4, 5, 72, 10, 0.25
1, 4, 7, 72, 2, 0.25
1, 5, 6, 72, 11, 0.25
1, 5, 8, 72, 4, 0.25
1, 6, 9, 72, 4, 0.25
1, 8, 9, 72, 13, 0.25
1, 1, 2, 73, 9, 0.25
1, 2, 3, 73, 4, 0.25
1, 1, 2, 74, 2, 0.25
1, 2, 5, 74, 7, 0.25
1, 3, 6, 74, 15, 0.25
1, 5, 8, 74, 7, 0.25
1, 7, 8, 74, 15, 0.25
1, 1, 2, 75, 8, 0.25
1, 2, 3, 75, 11, 0.25
1, 4, 7, 75, 4, 0.25
1, 5, 6, 75, 7, 0.25
1, 5, 8, 75, 12, 0.25
1, 8, 9, 75, 13, 0.25
1, 1, 2, 76, 2, 0.25
1, 1, 4, 76, 4, 0.25
1, 2, 3, 76, 4, 0.25
1, 5, 6, 76, 6, 0.25
1, 5, 8, 76, 1, 0.25
1, 7, 8, 76, 3, 0.25
1, 4, 5, 77, 6, 0.25
1, 4, 7, 77, 6, 0.25
1, 8, 9, 77, 3, 0.25
1, 1, 2, 78, 2, 0.25
1, 3, 6, 78, 11, 0.25
1, 4, 5, 79, 5, 0.25
1, 6, 9, 79, 7, 0.25
1, 7, 8, 79, 1, 0.25
1, 3, 6, 80, 6, 0.25
1, 4, 5, 80, 2, 0.25
1, 6, 9, 80, 3, 0.25
1, 2, 3, 81, 7, 0.25
1, 3, 6, 81, 3, 0.25
1, 4, 5, 81, 4, 0.25
1, 5, 8, 81, 3, 0.25
1, 7, 8, 81, 3, 0.25
1, 1, 4, 82, 6, 0.25
1, 2, 3, 82, 6, 0.25
1, 5, 6, 82, 2, 0.25
1, 7, 8, 82, 2, 0.25
1, 5, 6, 83, 3, 0.25
2, 1, 2, 0, 34, 0.25
2, 1, 4, 0, 20, 0.25
2, 2, 3, 0, 37, 0.25
2, 2, 5, 0, 22, 0.25
2, 3, 6, 0, 2, 0.25
2, 4, 5, 0, 39, 0.25
2, 4, 7, 0, 42, 0.25
2, 5, 6, 0, 29, 0.25
2, 5, 8, 0, 40, 0.25
2, 6, 9, 0, 13, 0.25
2, 7, 8, 0, 3, 0.25
2, 8, 9, 0, 3, 0.25
2, 1, 2, 1, 7, 0.25
2, 1, 4, 1, 20, 0.25
2, 2, 3, 1, 29, 0.25
2, 2, 5, 1, 22, 0.25
2, 3, 6, 1, 11, 0.25
2, 4, 5, 1, 7, 0.25
2, 4, 7, 1, 11, 0.25
2, 5, 6, 1, 11, 0.25
2, 5, 8, 1, 12, 0.25
2, 6, 9, 1, 31, 0.25
2, 7, 8, 1, 40, 0.25
2, 8, 9, 1, 4, 0.25
2, 1, 2, 2, 5, 0.25
2, 1, 4, 2, 12, 0.25
2, 2, 3, 2, 43, 0.25
2, 2, 5, 2, 31, 0.25
2, 3, 6, 2, 25, 0.25
2, 4, 5, 2, 18, 0.25
2, 4, 7, 2, 17, 0.25
2, 5, 6, 2, 20, 0.25
2, 5, 8, 2, 39, 0.25
2, 6, 9, 2, 4, 0.25
2, 7, 8, 2, 5, 0.25
2, 8, 9, 2, 27, 0.25
2, 1, 2, 3, 42, 0.25
2, 1, 4, 3, 24, 0.25
2, 2, 3, 3, 10, 0.25
2, 2, 5, 3, 38, 0.25
2, 3, 6, 3, 40, 0.25
2, 4, 5, 3, 26, 0.25
2, 4, 7, 3, 9, 0.25
2, 5, 6, 3, 22, 0.25
2, 5, 8, 3, 17, 0.25
2, 6, 9, 3, 21, 0.25
2, 7, 8, 3, 18, 0.25
2, 8, 9, 3, 31, 0.25
2, 1, 2, 4, 23, 0.25
2, 1, 4, 4, 43, 0.25
2, 2, 3, 4, 14, 0.25
2, 2, 5, 4, 6, 0.25
2, 3, 6, 4, 10, 0.25
2, 4, 5, 4, 11, 0.25
2, 4, 7, 4, 9, 0.25
2, 5, 6, 4, 18, 0.25
2, 5, 8, 4, 9, 0.25
2, 6, 9, 4, 16, 0.25
2, 7, 8, 4, 24, 0.25
2, 8, 9, 4, 6, 0.25
2, 1, 2, 5, 37, 0.25
2, 1, 4, 5, 2, 0.25
2, 2, 3, 5, 32, 0.25
2, 2, 5, 5, 8, 0.25
2, 3, 6, 5, 3, 0.25
2, 4, 5, 5, 25, 0.25
2, 4, 7, 5, 15, 0.25
2, 5, 6, 5, 21, 0.25
2, 5, 8, 5, 20, 0.25
2, 6, 9, 5, 22, 0.25
2, 7, 8, 5, 37, 0.25
2, 8, 9, 5, 28, 0.25
2, 1, 2, 6, 37, 0.25
2, 1, 4, 6, 17, 0.25
2, 2, 3, 6, 7, 0.25
2, 2, 5, 6, 23, 0.25
2, 3, 6, 6, 16, 0.25
2, 4, 5, 6, 26, 0.25
2, 4, 7, 6, 31, 0.25
2, 5, 6, 6, 17, 0.25
2, 5, 8, 6, 14, 0.25
2, 6, 9, 6, 17, 0.25
2, 7, 8, 6, 5, 0.25
2, 8, 9, 6, 43, 0.25
2, 1, 2, 7, 7, 0.25
2, 1, 4, 7, 6, 0.25
2, 2, 3, 7, 32, 0.25
2, 2, 5, 7, 22, 0.25
2, 3, 6, 7, 33, 0.25
2, 4, 5, 7, 15, 0.25
2, 4, 7, 7, 33, 0.25
2, 5, 6, 7, 10, 0.25
2, 5, 8, 7, 39, 0.25
2, 6, 9, 7, 40, 0.25
2, 7, 8, 7, 11, 0.25
2, 8, 9, 7, 7, 0.25
2, 1, 2, 8, 13, 0.25
2, 1, 4, 8, 15, 0.25
2, 2, 3, 8, 12, 0.25
2, 2, 5, 8, 13, 0.25
2, 3, 6, 8, 37, 0.25
2, 4, 5, 8, 9, 0.25
2, 4, 7, 8, 27, 0.25
2, 5, 6, 8, 40, 0.25
2, 5, 8, 8, 20, 0.25
2, 6, 9, 8, 14, 0.25
2, 7, 8, 8, 30, 0.25
2, 8, 9, 8, 24, 0.25
2, 1, 2, 9, 36, 0.25
2, 1, 4, 9, 7, 0.25
2, 2, 3, 9, 36, 0.25
2, 2, 5, 9, 18, 0.25
2, 3, 6, 9, 39, 0.25
2, 4, 5, 9, 16, 0.25
2, 4, 7, 9, 3, 0.25
2, 5, 6, 9, 4, 0.25
2, 5, 8, 9, 22, 0.25
2, 6, 9, 9, 28, 0.25
2, 7, 8, 9, 4, 0.25
2, 8, 9, 9, 25, 0.25
2, 1, 2, 10, 35, 0.25
2, 1, 4, 10, 28, 0.25
2, 2, 3, 10, 29, 0.25
2, 2, 5, 10, 16, 0.25
2, 3, 6, 10, 16, 0.25
2, 4, 5, 10, 24, 0.25
2, 4, 7, 10, 28, 0.25
2, 5, 6, 10, 23, 0.25
2, 5, 8, 10, 8, 0.25
2, 6, 9, 10, 11, 0.25
2, 7, 8, 10, 13, 0.25
2, 8, 9, 10, 22, 0.25
2, 1, 2, 11, 5, 0.25
2, 1, 4, 11, 11, 0.25
2, 2, 3, 11, 17, 0.25
2, 2, 5, 11, 20, 0.25
2, 3, 6, 11, 30, 0.25
2, 4, 5, 11, 16, 0.25
2, 4, 7, 11, 17, 0.25
2, 5, 6, 11, 36, 0.25
2, 5, 8, 11, 8, 0.25
2, 6, 9, 11, 38, 0.25
2, 7, 8, 11, 5, 0.25
2, 8, 9, 11, 22, 0.25
2, 1, 2, 12, 4, 0.25
2, 1, 4, 12, 24, 0.25
2, 2, 3, 12, 36, 0.25
2, 2, 5, 12, 28, 0.25
2, 3, 6, 12, 23, 0.25
2, 4, 5, 12, 26, 0.25
2, 4, 7, 12, 24, 0.25
2, 5, 6, 12, 20, 0.25
2, 5, 8, 12, 41, 0.25
2, 6, 9, 12, 10, 0.25
2, 7, 8, 12, 15, 0.25
2, 8, 9, 12, 37, 0.25
2, 1, 2, 13, 8, 0.25
2, 1, 4, 13, 32, 0.25
2, 2, 3, 13, 21, 0.25
2, 2, 5, 13, 42, 0.25
2, 3, 6, 13, 21, 0.25
2, 4, 5, 13, 20, 0.25
2, 4, 7, 13, 11, 0.25
2, 5, 6, 13, 21, 0.25
2, 5, 8, 13, 43, 0.25
2, 6, 9, 13, 22, 0.25
2, 7, 8, 13, 43, 0.25
2, 8, 9, 13, 40, 0.25
2, 1, 2, 14, 29, 0.25
2, 1, 4, 14, 39, 0.25
2, 2, 3, 14, 27, 0.25
2, 2, 5, 14, 17, 0.25
2, 3, 6, 14, 43, 0.25
2, 4, 5, 14, 6, 0.25
2, 4, 7, 14, 11, 0.25
2, 5, 6, 14, 24, 0.25
2, 5, 8, 14, 29, 0.25
2, 6, 9, 14, 19, 0.25
2, 7, 8, 14, 36, 0.25
2, 8, 9, 14, 41, 0.25
2, 1, 2, 15, 18, 0.25
2, 1, 4, 15, 8, 0.25
2, 2, 3, 15, 44, 0.25
2, 2, 5, 15, 10, 0.25
2, 3, 6, 15, 5, 0.25
2, 4, 5, 15, 36, 0.25
2, 4, 7, 15, 32, 0.25
2, 5, 6, 15, 27, 0.25
2, 5, 8, 15, 21, 0.25
2, 6, 9, 15, 30, 0.25
2, 7, 8, 15, 39, 0.25
2, 8, 9, 15, 24, 0.25
2, 1, 2, 16, 8, 0.25
2, 1, 4, 16, 10, 0.25
2, 2, 3, 16, 12, 0.25
2, 2, 5, 16, 27, 0.25
2, 3, 6, 16, 5, 0.25
2, 4, 5, 16, 18, 0.25
2, 4, 7, 16, 36, 0.25
2, 5, 6, 16, 40, 0.25
2, 5, 8, 16, 35, 0.25
2, 6, 9, 16, 28, 0.25
2, 7, 8, 16, 7, 0.25
2, 8, 9, 16, 41, 0.25
2, 1, 2, 17, 42, 0.25
2, 1, 4, 17, 4, 0.25
2, 2, 3, 17, 3, 0.25
2, 2, 5, 17, 17, 0.25
2, 3, 6, 17, 12, 0.25
2, 4, 5, 17, 20, 0.25
2, 4, 7, 17, 36, 0.25
2, 5, 6, 17, 8, 0.25
2, 5, 8, 17, 24, 0.25
2, 6, 9, 17, 28, 0.25
2, 7, 8, 17, 27, 0.25
2, 8, 9, 17, 6, 0.25
2, 1, 2, 18, 8, 0.25
2, 1, 4, 18, 30, 0.25
2, 2, 3, 18, 25, 0.25
2, 2, 5, 18, 40, 0.25
2, 3, 6, 18, 19, 0.25
2, 4, 5, 18, 35, 0.25
2, 4, 7, 18, 27, 0.25
2, 5, 6, 18, 20, 0.25
2, 5, 8, 18, 2, 0.25
2, 6, 9, 18, 35, 0.25
2, 7, 8, 18, 17, 0.25
2, 8, 9, 18, 30, 0.25
2, 1, 2, 19, 14, 0.25
2, 1, 4, 19, 17, 0.25
2, 2, 3, 19, 44, 0.25
2, 2, 5, 19, 44, 0.25
2, 3, 6, 19, 8, 0.25
2, 4, 5, 19, 10, 0.25
2, 4, 7, 19, 27, 0.25
2, 5, 6, 19, 31, 0.25
2, 5, 8, 19, 36, 0.25
2, 6, 9, 19, 22, 0.25
2, 7, 8, 19, 42, 0.25
2, 8, 9, 19, 29, 0.25
2, 1, 2, 20, 34, 0.25
2, 1, 4, 20, 4, 0.25
2, 2, 3, 20, 25, 0.25
2, 2, 5, 20, 25, 0.25
2, 3, 6, 20, 27, 0.25
2, 4, 5, 20, 23, 0.25
2, 4, 7, 20, 39, 0.25
2, 5, 6, 20, 36, 0.25
2, 5, 8, 20, 21, 0.25
2, 6, 9, 20, 25, 0.25
2, 7, 8, 20, 4, 0.25
2, 8, 9, 20, 40, 0.25
2, 1, 2, 21, 27, 0.25
2, 1, 4, 21, 29, 0.25
2, 2, 3, 21, 18, 0.25
2, 2, 5, 21, 38, 0.25
2, 3, 6, 21, 33, 0.25
2, 4, 5, 21, 41, 0.25
2, 4, 7, 21, 37, 0.25
2, 5, 6, 21, 7, 0.25
2, 5, 8, 21, 3, 0.25
2, 6, 9, 21, 30, 0.25
2, 7, 8, 21, 32, 0.25
2, 8, 9, 21, 25, 0.25
2, 1, 2, 22, 18, 0.25
2, 1, 4, 22, 9, 0.25
2, 2, 3, 22, 8, 0.25
2, 2, 5, 22, 29, 0.25
2, 3, 6, 22, 4, 0.25
2, 4, 5, 22, 36, 0.25
2, 4, 7, 22, 18, 0.25
2, 5, 6, 22, 7, 0.25
2, 5, 8, 22, 16, 0.25
2, 6, 9, 22, 22, 0.25
2, 7, 8, 22, 29, 0.25
2, 8, 9, 22, 26, 0.25
2, 1, 2, 23, 35, 0.25
2, 1, 4, 23, 2, 0.25
2, 2, 3, 23, 16, 0.25
2, 2, 5, 23, 29, 0.25
2, 3, 6, 23, 12, 0.25
2, 4, 5, 23, 15, 0.25
2, 4, 7, 23, 4, 0.25
2, 5, 6, 23, 41, 0.25
2, 5, 8, 23, 6, 0.25
2, 6, 9, 23, 8, 0.25
2, 7, 8, 23, 23, 0.25
2, 8, 9, 23, 4, 0.25
2, 1, 2, 24, 30, 0.25
2, 1, 4, 24, 3, 0.25
2, 2, 3, 24, 23, 0.25
2, 2, 5, 24, 37, 0.25
2, 3, 6, 24, 38, 0.25
2, 4, 5, 24, 26, 0.25
2, 4, 7, 24, 3, 0.25
2, 5, 6, 24, 26, 0.25
2, 5, 8, 24, 18, 0.25
2, 6, 9, 24, 22, 0.25
2, 7, 8, 24, 34, 0.25
2, 8, 9, 24, 15, 0.25
2, 1, 2, 25, 3, 0.25
2, 1, 4, 25, 43, 0.25
2, 2, 3, 25, 3, 0.25
2, 2, 5, 25, 32, 0.25
2, 3, 6, 25, 12, 0.25
2, 4, 5, 25, 28, 0.25
2, 4, 7, 25, 12, 0.25
2, 5, 6, 25, 23, 0.25
2, 5, 8, 25, 7, 0.25
2, 6, 9, 25, 4, 0.25
2, 7, 8, 25, 14, 0.25
2, 8, 9, 25, 41, 0.25
2, 1, 2, 26, 36, 0.25
2, 1, 4, 26, 9, 0.25
2, 2, 3, 26, 38, 0.25
2, 2, 5, 26, 23, 0.25
2, 3, 6, 26, 18, 0.25
2, 4, 5, 26, 28, 0.25
2, 4, 7, 26, 10, 0.25
2, 5, 6, 26, 25, 0.25
2, 5, 8, 26, 14, 0.25
2, 6, 9, 26, 14, 0.25
2, 7, 8, 26, 41, 0.25
2, 8, 9, 26, 29, 0.25
2, 1, 2, 27, 17, 0.25
2, 1, 4, 27, 19, 0.25
2, 2, 3, 27, 18, 0.25
2, 2, 5, 27, 27, 0.25
2, 3, 6, 27, 3, 0.25
2, 4, 5, 27, 38, 0.25
2, 4, 7, 27, 21, 0.25
2, 5, 6, 27, 36, 0.25
2, 5, 8, 27, 3, 0.25
2, 6, 9, 27, 21, 0.25
2, 7, 8, 27, 42, 0.25
2, 8, 9, 27, 33, 0.25
2, 1, 2, 28, 38, 0.25
2, 1, 4, 28, 14, 0.25
2, 2, 3, 28, 36, 0.25
2, 2, 5, 28, 41, 0.25
2, 3, 6, 28, 30, 0.25
2, 4, 5, 28, 27, 0.25
2, 4, 7, 28, 43, 0.25
2, 5, 6, 28, 22, 0.25
2, 5, 8, 28, 39, 0.25
2, 6, 9, 28, 28, 0.25
2, 7, 8, 28, 5, 0.25
2, 8, 9, 28, 15, 0.25
2, 1, 2, 29, 11, 0.25
2, 1, 4, 29, 28, 0.25
2, 2, 3, 29, 13, 0.25
2, 2, 5, 29, 25, 0.25
2, 3, 6, 29, 27, 0.25
2, 4, 5, 29, 37, 0.25
2, 4, 7, 29, 31, 0.25
2, 5, 6, 29, 11, 0.25
2, 5, 8, 29, 10, 0.25
2, 6, 9, 29, 2, 0.25
2, 7, 8, 29, 26, 0.25
2, 8, 9, 29, 34, 0.25
2, 1, 2, 30, 37, 0.25
2, 1, 4, 30, 29, 0.25
2, 2, 3, 30, 28, 0.25
2, 2, 5, 30, 34, 0.25
2, 3, 6, 30, 6, 0.25
2, 4, 5, 30, 38, 0.25
2, 4, 7, 30, 7, 0.25
2, 5, 6, 30, 4, 0.25
2, 5, 8, 30, 10, 0.25
2, 6, 9, 30, 6, 0.25
2, 7, 8, 30, 36, 0.25
2, 8, 9, 30, 18, 0.25
2, 1, 2, 31, 7, 0.25
2, 1, 4, 31, 11, 0.25
2, 2, 3, 31, 36, 0.25
2, 2, 5, 31, 31, 0.25
2, 3, 6, 31, 18, 0.25
2, 4, 5, 31, 27, 0.25
2, 4, 7, 31, 2, 0.25
2, 5, 6, 31, 32, 0.25
2, 5, 8, 31, 33, 0.25
2, 6, 9, 31, 35, 0.25
2, 7, 8, 31, 11, 0.25
2, 8, 9, 31, 35, 0.25
2, 1, 2, 32, 26, 0.25
2, 1, 4, 32, 17, 0.25
2, 2, 3, 32, 3, 0.25
2, 2, 5, 32, 37, 0.25
2, 3, 6, 32, 2, 0.25
2, 4, 5, 32, 14, 0.25
2, 4, 7, 32, 23, 0.25
2, 5, 6, 32, 8, 0.25
2, 5, 8, 32, 32, 0.25
2, 6, 9, 32, 8, 0.25
2, 7, 8, 32, 14, 0.25
2, 8, 9, 32, 9, 0.25
2, 1, 2, 33, 10, 0.25
2, 1, 4, 33, 15, 0.25
2, 2, 3, 33, 8, 0.25
2, 2, 5, 33, 33, 0.25
2, 3, 6, 33, 41, 0.25
2, 4, 5, 33, 13, 0.25
2, 4, 7, 33, 13, 0.25
2, 5, 6, 33, 32, 0.25
2, 5, 8, 33, 8, 0.25
2, 6, 9, 33, 34, 0.25
2, 7, 8, 33, 38, 0.25
2, 8, 9, 33, 39, 0.25
2, 1, 2, 34, 10, 0.25
2, 1, 4, 34, 33, 0.25
2, 2, 3, 34, 22, 0.25
2, 2, 5, 34, 10, 0.25
2, 3, 6, 34, 4, 0.25
2, 4, 5, 34, 3, 0.25
2, 4, 7, 34, 9, 0.25
2, 5, 6, 34, 39, 0.25
2, 5, 8, 34, 30, 0.25
2, 6, 9, 34, 16, 0.25
2, 7, 8, 34, 9, 0.25
2, 8, 9, 34, 2, 0.25
2, 1, 2, 35, 28, 0.25
2, 1, 4, 35, 30, 0.25
2, 2, 3, 35, 36, 0.25
2, 2, 5, 35, 27, 0.25
2, 3, 6, 35, 2, 0.25
2, 4, 5, 35, 11, 0.25
2, 4, 7, 35, 42, 0.25
2, 5, 6, 35, 5, 0.25
2, 5, 8, 35, 19, 0.25
2, 6, 9, 35, 11, 0.25
2, 7, 8, 35, 8, 0.25
2, 8, 9, 35, 6, 0.25
2, 1, 2, 36, 18, 0.25
2, 1, 4, 36, 11, 0.25
2, 2, 3, 36, 37, 0.25
2, 2, 5, 36, 42, 0.25
2, 3, 6, 36, 13, 0.25
2, 4, 5, 36, 34, 0.25
2, 4, 7, 36, 21, 0.25
2, 5, 6, 36, 2, 0.25
2, 5, 8, 36, 42, 0.25
2, 6, 9, 36, 27, 0.25
2, 7, 8, 36, 2, 0.25
2, 8, 9, 36, 21, 0.25
2, 1, 2, 37, 9, 0.25
2, 1, 4, 37, 19, 0.25
2, 2, 3, 37, 36, 0.25
2, 2, 5, 37, 37, 0.25
2, 3, 6, 37, 30, 0.25
2, 4, 5, 37, 23, 0.25
2, 4, 7, 37, 15, 0.25
2, 5, 6, 37, 30, 0.25
2, 5, 8, 37, 24, 0.25
2, 6, 9, 37, 33, 0.25
2, 7, 8, 37, 20, 0.25
2, 8, 9, 37, 21, 0.25
2, 1, 2, 38, 8, 0.25
2, 1, 4, 38, 20, 0.25
2, 2, 3, 38, 3, 0.25
2, 2, 5, 38, 41, 0.25
2, 3, 6, 38, 12, 0.25
2, 4, 5, 38, 39, 0.25
2, 4, 7, 38, 20, 0.25
2, 5, 6, 38, 27, 0.25
2, 5, 8, 38, 33, 0.25
2, 6, 9, 38, 23, 0.25
2, 7, 8, 38, 25, 0.25
2, 8, 9, 38, 34, 0.25
2, 1, 2, 39, 2, 0.25
2, 1, 4, 39, 12, 0.25
2, 2, 3, 39, 9, 0.25
2, 2, 5, 39, 43, 0.25
2, 3, 6, 39, 4, 0.25
2, 4, 5, 39, 33, 0.25
2, 4, 7, 39, 28, 0.25
2, 5, 6, 39, 30, 0.25
2, 5, 8, 39, 15, 0.25
2, 6, 9, 39, 12, 0.25
2, 7, 8, 39, 41, 0.25
2, 8, 9, 39, 31, 0.25
2, 1, 2, 40, 26, 0.25
2, 1, 4, 40, 7, 0.25
2, 2, 3, 40, 13, 0.25
2, 2, 5, 40, 42, 0.25
2, 3, 6, 40, 18, 0.25
2, 4, 5, 40, 14, 0.25
2, 4, 7, 40, 8, 0.25
2, 5, 6, 40, 24, 0.25
2, 5, 8, 40, 3, 0.25
2, 6, 9, 40, 24, 0.25
2, 7, 8, 40, 17, 0.25
2, 8, 9, 40, 4, 0.25
2, 1, 2, 41, 43, 0.25
2, 1, 4, 41, 31, 0.25
2, 2, 3, 41, 11, 0.25
2, 2, 5, 41, 24, 0.25
2, 3, 6, 41, 29, 0.25
2, 4, 5, 41, 33, 0.25
2, 4, 7, 41, 2, 0.25
2, 5, 6, 41, 2, 0.25
2, 5, 8, 41, 29, 0.25
2, 6, 9, 41, 26, 0.25
2, 7, 8, 41, 23, 0.25
2, 8, 9, 41, 12, 0.25
2, 1, 2, 42, 3, 0.25
2, 1, 4, 42, 21, 0.25
2, 2, 3, 42, 29, 0.25
2, 2, 5, 42, 32, 0.25
2, 3, 6, 42, 19, 0.25
2, 4, 5, 42, 6, 0.25
2, 4, 7, 42, 10, 0.25
2, 5, 6, 42, 37, 0.25
2, 5, 8, 42, 3, 0.25
2, 6, 9, 42, 16, 0.25
2, 7, 8, 42, 36, 0.25
2, 8, 9, 42, 9, 0.25
2, 1, 2, 43, 22, 0.25
2, 1, 4, 43, 23, 0.25
2, 2, 3, 43, 5, 0.25
2, 2, 5, 43, 18, 0.25
2, 3, 6, 43, 8, 0.25
2, 4, 5, 43, 26, 0.25
2, 4, 7, 43, 14, 0.25
2, 5, 6, 43, 40, 0.25
2, 5, 8, 43, 17, 0.25
2, 6, 9, 43, 7, 0.25
2, 7, 8, 43, 8, 0.25
2, 8, 9, 43, 32, 0.25
2, 1, 2, 44, 39, 0.25
2, 1, 4, 44, 41, 0.25
2, 2, 3, 44, 33, 0.25
2, 2, 5, 44, 1, 0.25
2, 3, 6, 44, 39, 0.25
2, 4, 5, 44, 33, 0.25
2, 4, 7, 44, 18, 0.25
2, 5, 6, 44, 39, 0.25
2, 5, 8, 44, 31, 0.25
2, 6, 9, 44, 43, 0.25
2, 7, 8, 44, 41, 0.25
2, 8, 9, 44, 24, 0.25
2, 1, 2, 45, 24, 0.25
2, 1, 4, 45, 2, 0.25
2, 2, 3, 45, 14, 0.25
2, 2, 5, 45, 33, 0.25
2, 3, 6, 45, 41, 0.25
2, 4, 5, 45, 13, 0.25
2, 4, 7, 45, 15, 0.25
2, 5, 6, 45, 15, 0.25
2, 5, 8, 45, 6, 0.25
2, 6, 9, 45, 12, 0.25
2, 7, 8, 45, 30, 0.25
2, 8, 9, 45, 26, 0.25
2, 1, 2, 46, 15, 0.25
2, 1, 4, 46, 32, 0.25
2, 2, 3, 46, 24, 0.25
2, 2, 5, 46, 35, 0.25
2, 3, 6, 46, 8, 0.25
2, 4, 5, 46, 28, 0.25
2, 4, 7, 46, 26, 0.25
2, 5, 6, 46, 13, 0.25
2, 5, 8, 46, 16, 0.25
2, 6, 9, 46, 24, 0.25
2, 7, 8, 46, 41, 0.25
2, 8, 9, 46, 29, 0.25
2, 1, 2, 47, 35, 0.25
2, 1, 4, 47, 37, 0.25
2, 2, 3, 47, 3, 0.25
2, 2, 5, 47, 39, 0.25
2, 4, 5, 47, 39, 0.25
2, 4, 7, 47, 35, 0.25
2, 5, 6, 47, 23, 0.25
2, 5, 8, 47, 10, 0.25
2, 6, 9, 47, 13, 0.25
2, 7, 8, 47, 36, 0.25
2, 8, 9, 47, 34, 0.25
2, 1, 2, 48, 19, 0.25
2, 1, 4, 48, 33, 0.25
2, 2, 3, 48, 33, 0.25
2, 3, 6, 48, 17, 0.25
2, 4, 5, 48, 15, 0.25
2, 4, 7, 48, 36, 0.25
2, 5, 6, 48, 23, 0.25
2, 5, 8, 48, 24, 0.25
2, 6, 9, 48, 33, 0.25
2, 7, 8, 48, 19, 0.25
2, 8, 9, 48, 14, 0.25
2, 1, 2, 49, 20, 0.25
2, 1, 4, 49, 40, 0.25
2, 2, 3, 49, 4, 0.25
2, 2, 5, 49, 19, 0.25
2, 3, 6, 49, 22, 0.25
2, 4, 5, 49, 19, 0.25
2, 4, 7, 49, 21, 0.25
2, 5, 6, 49, 29, 0.25
2, 5, 8, 49, 9, 0.25
2, 6, 9, 49, 16, 0.25
2, 7, 8, 49, 21, 0.25
2, 8, 9, 49, 25, 0.25
2, 1, 2, 50, 25, 0.25
2, 1, 4, 50, 12, 0.25
2, 2, 3, 50, 24, 0.25
2, 2, 5, 50, 12, 0.25
2, 3, 6, 50, 14, 0.25
2, 4, 5, 50, 18, 0.25
2, 4, 7, 50, 1, 0.25
2, 5, 6, 50, 4, 0.25
2, 5, 8, 50, 39, 0.25
2, 7, 8, 50, 20, 0.25
2, 8, 9, 50, 14, 0.25
2, 1, 2, 51, 24, 0.25
2, 1, 4, 51, 24, 0.25
2, 2, 5, 51, 6, 0.25
2, 3, 6, 51, 5, 0.25
2, 4, 7, 51, 27, 0.25
2, 5, 6, 51, 7, 0.25
2, 5, 8, 51, 33, 0.25
2, 7, 8, 51, 30, 0.25
2, 8, 9, 51, 23, 0.25
2, 1, 2, 52, 6, 0.25
2, 2, 3, 52, 18, 0.25
2, 2, 5, 52, 19, 0.25
2, 4, 5, 52, 22, 0.25
2, 4, 7, 52, 36, 0.25
2, 5, 6, 52, 34, 0.25
2, 5, 8, 52, 35, 0.25
2, 6, 9, 52, 2, 0.25
2, 7, 8, 52, 32, 0.25
2, 8, 9, 52, 27, 0.25
2, 1, 2, 53, 21, 0.25
2, 1, 4, 53, 22, 0.25
2, 2, 3, 53, 34, 0.25
2, 3, 6, 53, 6, 0.25
2, 4, 5, 53, 31, 0.25
2, 4, 7, 53, 15, 0.25
2, 5, 8, 53, 20, 0.25
2, 6, 9, 53, 31, 0.25
2, 7, 8, 53, 26, 0.25
2, 1, 2, 54, 18, 0.25
2, 1, 4, 54, 14, 0.25
2, 2, 3, 54, 18, 0.25
2, 2, 5, 54, 7, 0.25
2, 3, 6, 54, 4, 0.25
2, 4, 5, 54, 15, 0.25
2, 5, 6, 54, 32, 0.25
2, 5, 8, 54, 18, 0.25
2, 6, 9, 54, 9, 0.25
2, 7, 8, 54, 29, 0.25
2, 8, 9, 54, 5, 0.25
2, 1, 4, 55, 3, 0.25
2, 2, 3, 55, 6, 0.25
2, 2, 5, 55, 9, 0.25
2, 4, 5, 55, 28, 0.25
2, 4, 7, 55, 27, 0.25
2, 5, 6, 55, 4, 0.25
2, 5, 8, 55, 5, 0.25
2, 6, 9, 55, 34, 0.25
2, 7, 8, 55, 15, 0.25
2, 8, 9, 55, 8, 0.25
2, 2, 3, 56, 10, 0.25
2, 2, 5, 56, 20, 0.25
2, 3, 6, 56, 10, 0.25
2, 4, 5, 56, 29, 0.25
2, 4, 7, 56, 33, 0.25
2, 5, 6, 56, 16, 0.25
2, 5, 8, 56, 7, 0.25
2, 6, 9, 56, 18, 0.25
2, 7, 8, 56, 19, 0.25
2, 8, 9, 56, 33, 0.25
2, 1, 4, 57, 28, 0.25
2, 2, 3, 57, 30, 0.25
2, 2, 5, 57, 27, 0.25
2, 3, 6, 57, 13, 0.25
2, 4, 7, 57, 27, 0.25
2, 5, 6, 57, 20, 0.25
2, 5, 8, 57, 32, 0.25
2, 6, 9, 57, 28, 0.25
2, 7, 8, 57, 23, 0.25
2, 1, 2, 58, 31, 0.25
2, 1, 4, 58, 17, 0.25
2, 2, 3, 58, 3, 0.25
2, 2, 5, 58, 15, 0.25
2, 3, 6, 58, 5, 0.25
2, 4, 5, 58, 16, 0.25
2, 4, 7, 58, 27, 0.25
2, 5, 6, 58, 21, 0.25
2, 5, 8, 58, 19, 0.25
2, 6, 9, 58, 20, 0.25
2, 8, 9, 58, 17, 0.25
2, 1, 2, 59, 5, 0.25
2, 1, 4, 59, 3, 0.25
2, 2, 3, 59, 10, 0.25
2, 2, 5, 59, 7, 0.25
2, 4, 5, 59, 4, 0.25
2, 5, 6, 59, 24, 0.25
2, 5, 8, 59, 29, 0.25
2, 6, 9, 59, 15, 0.25
2, 7, 8, 59, 30, 0.25
2, 1, 2, 60, 5, 0.25
2, 2, 3, 60, 22, 0.25
2, 2, 5, 60, 18, 0.25
2, 3, 6, 60, 18, 0.25
2, 4, 5, 60, 21, 0.25
2, 4, 7, 60, 4, 0.25
2, 5, 6, 60, 17, 0.25
2, 6, 9, 60, 18, 0.25
2, 8, 9, 60, 18, 0.25
2, 1, 4, 61, 21, 0.25
2, 4, 5, 61, 11, 0.25
2, 4, 7, 61, 28, 0.25
2, 5, 8, 61, 23, 0.25
2, 6, 9, 61, 2, 0.25
2, 7, 8, 61, 2, 0.25
2, 8, 9, 61, 20, 0.25
2, 3, 6, 62, 27, 0.25
2, 4, 5, 62, 23, 0.25
2, 4, 7, 62, 7, 0.25
2, 5, 8, 62, 25, 0.25
2, 8, 9, 62, 9, 0.25
2, 2, 3, 63, 15, 0.25
2, 2, 5, 63, 18, 0.25
2, 3, 6, 63, 19, 0.25
2, 4, 5, 63, 18, 0.25
2, 8, 9, 63, 22, 0.25
2, 1, 2, 64, 19, 0.25
2, 1, 4, 64, 2, 0.25
2, 2, 5, 64, 5, 0.25
2, 3, 6, 64, 23, 0.25
2, 4, 5, 64, 18, 0.25
2, 6, 9, 64, 15, 0.25
2, 3, 6, 65, 17, 0.25
2, 4, 5, 65, 12, 0.25
2, 4, 7, 65, 3, 0.25
2, 5, 6, 65, 4, 0.25
2, 5, 8, 65, 4, 0.25
2, 7, 8, 65, 14, 0.25
2, 1, 2, 66, 11, 0.25
2, 1, 4, 66, 3, 0.25
2, 4, 5, 66, 16, 0.25
2, 4, 7, 66, 6, 0.25
2, 5, 6, 66, 10, 0.25
2, 5, 8, 66, 8, 0.25
2, 6, 9, 66, 9, 0.25
2, 1, 2, 67, 4, 0.25
2, 2, 5, 67, 5, 0.25
2, 3, 6, 67, 12, 0.25
2, 4, 7, 67, 19, 0.25
2, 7, 8, 67, 12, 0.25
2, 8, 9, 67, 10, 0.25
2, 2, 3, 68, 9, 0.25
2, 5, 6, 68, 12, 0.25
2, 5, 8, 68, 6, 0.25
2, 6, 9, 68, 7, 0.25
2, 7, 8, 68, 8, 0.25
2, 8, 9, 68, 18, 0.25
2, 1, 2, 69, 17, 0.25
2, 4, 5, 69, 3, 0.25
2, 5, 6, 69, 13, 0.25
2, 5, 8, 69, 15, 0.25
2, 6, 9, 69, 3, 0.25
2, 7, 8, 69, 4, 0.25
2, 1, 4, 70, 18, 0.25
2, 2, 5, 70, 11, 0.25
2, 3, 6, 70, 17, 0.25
2, 6, 9, 70, 19, 0.25
2, 8, 9, 70, 11, 0.25
2, 1, 4, 71, 4, 0.25
2, 2, 3, 71, 11, 0.25
2, 7, 8, 71, 11, 0.25
2, 1, 2, 72, 12, 0.25
2, 3, 6, 72, 4, 0.25
2, 4, 5, 72, 8, 0.25
2, 1, 4, 73, 12, 0.25
2, 2, 5, 73, 9, 0.25
2, 3, 6, 73, 6, 0.25
2, 4, 5, 73, 15, 0.25
2, 4, 7, 73, 5, 0.25
2, 5, 6, 73, 6, 0.25
2, 5, 8, 73, 12, 0.25
2, 2, 5, 74, 11, 0.25
2, 4, 5, 74, 7, 0.25
2, 6, 9, 74, 12, 0.25
2, 7, 8, 74, 10, 0.25
2, 2, 3, 75, 10, 0.25
2, 2, 5, 75, 8, 0.25
2, 3, 6, 75, 9, 0.25
2, 4, 5, 75, 14, 0.25
2, 4, 7, 75, 13, 0.25
2, 2, 3, 76, 1, 0.25
2, 4, 5, 76, 6, 0.25
2, 4, 7, 76, 3, 0.25
2, 6, 9, 76, 9, 0.25
2, 1, 2, 77, 8, 0.25
2, 4, 5, 77, 12, 0.25
2, 7, 8, 77, 11, 0.25
2, 5, 6, 78, 1, 0.25
2, 6, 9, 78, 6, 0.25
2, 2, 5, 79, 5, 0.25
2, 8, 9, 79, 5, 0.25
2, 2, 5, 80, 5, 0.25
2, 3, 6, 80, 3, 0.25
2, 4, 5, 80, 5, 0.25
2, 4, 5, 81, 6, 0.25
2, 5, 8, 81, 3, 0.25
2, 3, 6, 82, 2, 0.25
2, 4, 5, 82, 1, 0.25
2, 5, 6, 82, 6, 0.25
2, 7, 8, 83, 3, 0.25
3, 1, 2, 0, 22, 0.25
3, 1, 4, 0, 17, 0.25
3, 2, 3, 0, 32, 0.25
3, 2, 5, 0, 38, 0.25
3, 3, 6, 0, 8, 0.25
3, 4, 5, 0, 31, 0.25
3, 4, 7, 0, 12, 0.25
3, 5, 6, 0, 24, 0.25
3, 5, 8, 0, 40, 0.25
3, 6, 9, 0, 7, 0.25
3, 7, 8, 0, 39, 0.25
3, 8, 9, 0, 29, 0.25
3, 1, 2, 1, 34, 0.25
3, 1, 4, 1, 2, 0.25
3, 2, 3, 1, 25, 0.25
3, 2, 5, 1, 13, 0.25
3, 3, 6, 1, 6, 0.25
3, 4, 5, 1, 1, 0.25
3, 4, 7, 1, 37, 0.25
3, 5, 6, 1, 36, 0.25
3, 5, 8, 1, 20, 0.25
3, 6, 9, 1, 13, 0.25
3, 7, 8, 1, 43, 0.25
3, 8, 9, 1, 31, 0.25
3, 1, 2, 2, 34, 0.25
3, 1, 4, 2, 28, 0.25
3, 2, 3, 2, 14, 0.25
3, 2, 5, 2, 25, 0.25
3, 3, 6, 2, 33, 0.25
3, 4, 5, 2, 35, 0.25
3, 4, 7, 2, 1, 0.25
3, 5, 6, 2, 28, 0.25
3, 5, 8, 2, 11, 0.25
3, 6, 9, 2, 12, 0.25
3, 7, 8, 2, 5, 0.25
3, 8, 9, 2, 31, 0.25
3, 1, 2, 3, 30, 0.25
3, 1, 4, 3, 20, 0.25
3, 2, 3, 3, 18, 0.25
3, 2, 5, 3, 42, 0.25
3, 3, 6, 3, 41, 0.25
3, 4, 5, 3, 25, 0.25
3, 4, 7, 3, 11, 0.25
3, 5, 6, 3, 41, 0.25
3, 5, 8, 3, 4, 0.25
3, 6, 9, 3, 36, 0.25
3, 7, 8, 3, 9, 0.25
3, 8, 9, 3, 27, 0.25
3, 1, 2, 4, 32, 0.25
3, 1, 4, 4, 23, 0.25
3, 2, 3, 4, 38, 0.25
3, 2, 5, 4, 19, 0.25
3, 3, 6, 4, 34, 0.25
3, 4, 5, 4, 43, 0.25
3, 4, 7, 4, 20, 0.25
3, 5, 6, 4, 35, 0.25
3, 5, 8, 4, 8, 0.25
3, 6, 9, 4, 33, 0.25
3, 7, 8, 4, 16, 0.25
3, 8, 9, 4, 34, 0.25
3, 1, 2, 5, 23, 0.25
3, 1, 4, 5, 42, 0.25
3, 2, 3, 5, 27, 0.25
3, 2, 5, 5, 38, 0.25
3, 3, 6, 5, 22, 0.25
3, 4, 5, 5, 12, 0.25
3, 4, 7, 5, 17, 0.25
3, 5, 6, 5, 23, 0.25
3, 5, 8, 5, 26, 0.25
3, 6, 9, 5, 34, 0.25
3, 7, 8, 5, 6, 0.25
3, 8, 9, 5, 7, 0.25
3, 1, 2, 6, 2, 0.25
3, 1, 4, 6, 29, 0.25
3, 2, 3, 6, 38, 0.25
3, 2, 5, 6, 40, 0.25
3, 3, 6, 6, 21, 0.25
3, 4, 5, 6, 39, 0.25
3, 4, 7, 6, 4, 0.25
3, 5, 6, 6, 9, 0.25
3, 5, 8, 6, 42, 0.25
3, 6, 9, 6, 18, 0.25
3, 7, 8, 6, 23, 0.25
3, 8, 9, 6, 32, 0.25
3, 1, 2, 7, 30, 0.25
3, 1, 4, 7, 1, 0.25
3, 2, 3, 7, 42, 0.25
3, 2, 5, 7, 6, 0.25
3, 3, 6, 7, 7, 0.25
3, 4, 5, 7, 26, 0.25
3, 4, 7, 7, 17, 0.25
3, 5, 6, 7, 40, 0.25
3, 5, 8, 7, 12, 0.25
3, 6, 9, 7, 9, 0.25
3, 7, 8, 7, 5, 0.25
3, 8, 9, 7, 36, 0.25
3, 1, 2, 8, 13, 0.25
3, 1, 4, 8, 38, 0.25
3, 2, 3, 8, 36, 0.25
3, 2, 5, 8, 38, 0.25
3, 3, 6, 8, 24, 0.25
3, 4, 5, 8, 2, 0.25
3, 4, 7, 8, 34, 0.25
3, 5, 6, 8, 11, 0.25
3, 5, 8, 8, 12, 0.25
3, 6, 9, 8, 25, 0.25
3, 7, 8, 8, 30, 0.25
3, 8, 9, 8, 21, 0.25
3, 1, 2, 9, 30, 0.25
3, 1, 4, 9, 12, 0.25
3, 2, 3, 9, 1, 0.25
3, 2, 5, 9, 20, 0.25
3, 3, 6, 9, 17, 0.25
3, 4, 5, 9, 21, 0.25
3, 4, 7, 9, 40, 0.25
3, 5, 6, 9, 25, 0.25
3, 5, 8, 9, 15, 0.25
3, 6, 9, 9, 37, 0.25
3, 7, 8, 9, 39, 0.25
3, 8, 9, 9, 24, 0.25
3, 1, 2, 10, 44, 0.25
3, 1, 4, 10, 15, 0.25
3, 2, 3, 10, 31, 0.25
3, 2, 5, 10, 31, 0.25
3, 3, 6, 10, 31, 0.25
3, 4, 5, 10, 42, 0.25
3, 4, 7, 10, 18, 0.25
3, 5, 6, 10, 1, 0.25
3, 5, 8, 10, 9, 0.25
3, 6, 9, 10, 22, 0.25
3, 7, 8, 10, 36, 0.25
3, 8, 9, 10, 32, 0.25
3, 1, 2, 11, 2, 0.25
3, 1, 4, 11, 36, 0.25
3, 2, 3, 11, 9, 0.25
3, 2, 5, 11, 31, 0.25
3, 3, 6, 11, 7, 0.25
3, 4, 5, 11, 36, 0.25
3, 4, 7, 11, 27, 0.25
3, 5, 6, 11, 8, 0.25
3, 5, 8, 11, 31, 0.25
3, 6, 9, 11, 20, 0.25
3, 7, 8, 11, 23, 0.25
3, 8, 9, 11, 40, 0.25
3, 1, 2, 12, 6, 0.25
3, 1, 4, 12, 37, 0.25
3, 2, 3, 12, 10, 0.25
3, 2, 5, 12, 4, 0.25
3, 3, 6, 12, 15, 0.25
3, 4, 5, 12, 28, 0.25
3, 4, 7, 12, 12, 0.25
3, 5, 6, 12, 24, 0.25
3, 5, 8, 12, 25, 0.25
3, 6, 9, 12, 36, 0.25
3, 7, 8, 12, 6, 0.25
3, 8, 9, 12, 41, 0.25
3, 1, 2, 13, 27, 0.25
3, 1, 4, 13, 15, 0.25
3, 2, 3, 13, 32, 0.25
3, 2, 5, 13, 11, 0.25
3, 3, 6, 13, 20, 0.25
3, 4, 5, 13, 31, 0.25
3, 4, 7, 13, 11, 0.25
3, 5, 6, 13, 23, 0.25
3, 5, 8, 13, 35, 0.25
3, 6, 9, 13, 31, 0.25
3, 7, 8, 13, 33, 0.25
3, 8, 9, 13, 37, 0.25
3, 1, 2, 14, 3, 0.25
3, 1, 4, 14, 18, 0.25
3, 2, 3, 14, 11, 0.25
3, 2, 5, 14, 21, 0.25
3, 3, 6, 14, 18, 0.25
3, 4, 5, 14, 37, 0.25
3, 4, 7, 14, 38, 0.25
3, 5, 6, 14, 12, 0.25
3, 5, 8, 14, 39, 0.25
3, 6, 9, 14, 3, 0.25
3, 7, 8, 14, 12, 0.25
3, 8, 9, 14, 11, 0.25
3, 1, 2, 15, 24, 0.25
3, 1, 4, 15, 39, 0.25
3, 2, 3, 15, 14, 0.25
3, 2, 5, 15, 6, 0.25
3, 3, 6, 15, 23, 0.25
3, 4, 5, 15, 10, 0.25
3, 4, 7, 15, 36, 0.25
3, 5, 6, 15, 12, 0.25
3, 5, 8, 15, 7, 0.25
3, 6, 9, 15, 27, 0.25
3, 7, 8, 15, 18, 0.25
3, 8, 9, 15, 5, 0.25
3, 1, 2, 16, 18, 0.25
3, 1, 4, 16, 40, 0.25
3, 2, 3, 16, 9, 0.25
3, 2, 5, 16, 12, 0.25
3, 3, 6, 16, 31, 0.25
3, 4, 5, 16, 29, 0.25
3, 4, 7, 16, 10, 0.25
3, 5, 6, 16, 10, 0.25
3, 5, 8, 16, 37, 0.25
3, 6, 9, 16, 42, 0.25
3, 7, 8, 16, 35, 0.25
3, 8, 9, 16, 43, 0.25
3, 1, 2, 17, 11, 0.25
3, 1, 4, 17, 21, 0.25
3, 2, 3, 17, 32, 0.25
3, 2, 5, 17, 21, 0.25
3, 3, 6, 17, 2, 0.25
3, 4, 5, 17, 40, 0.25
3, 4, 7, 17, 10, 0.25
3, 5, 6, 17, 10, 0.25
3, 5, 8, 17, 34, 0.25
3, 6, 9, 17, 10, 0.25
3, 7, 8, 17, 30, 0.25
3, 8, 9, 17, 21, 0.25
3, 1, 2, 18, 25, 0.25
3, 1, 4, 18, 27, 0.25
3, 2, 3, 18, 21, 0.25
3, 2, 5, 18, 16, 0.25
3, 3, 6, 18, 5, 0.25
3, 4, 5, 18, 39, 0.25
3, 4, 7, 18, 24, 0.25
3, 5, 6, 18, 16, 0.25
3, 5, 8, 18, 23, 0.25
3, 6, 9, 18, 19, 0.25
3, 7, 8, 18, 11, 0.25
3, 8, 9, 18, 42, 0.25
3, 1, 2, 19, 43, 0.25
3, 1, 4, 19, 42, 0.25
3, 2, 3, 19, 11, 0.25
3, 2, 5, 19, 32, 0.25
3, 3, 6, 19, 5, 0.25
3, 4, 5, 19, 28, 0.25
3, 4, 7, 19, 9, 0.25
3, 5, 6, 19, 34, 0.25
3, 5, 8, 19, 31, 0.25
3, 6, 9, 19, 2, 0.25
3, 7, 8, 19, 9, 0.25
3, 8, 9, 19, 41, 0.25
3, 1, 2, 20, 24, 0.25
3, 1, 4, 20, 42, 0.25
3, 2, 3, 20, 16, 0.25
3, 2, 5, 20, 27, 0.25
3, 3, 6, 20, 19, 0.25
3, 4, 5, 20, 35, 0.25
3, 4, 7, 20, 27, 0.25
3, 5, 6, 20, 3, 0.25
3, 5, 8, 20, 24, 0.25
3, 6, 9, 20, 21, 0.25
3, 7, 8, 20, 2, 0.25
3, 8, 9, 20, 39, 0.25
3, 1, 2, 21, 20, 0.25
3, 1, 4, 21, 14, 0.25
3, 2, 3, 21, 36, 0.25
3, 2, 5, 21, 26, 0.25
3, 3, 6, 21, 5, 0.25
3, 4, 5, 21, 13, 0.25
3, 4, 7, 21, 36, 0.25
3, 5, 6, 21, 20, 0.25
3, 5, 8, 21, 39, 0.25
3, 6, 9, 21, 23, 0.25
3, 7, 8, 21, 30, 0.25
3, 8, 9, 21, 12, 0.25
3, 1, 2, 22, 6, 0.25
3, 1, 4, 22, 22, 0.25
3, 2, 3, 22, 19, 0.25
3, 2, 5, 22, 26, 0.25
3, 3, 6, 22, 24, 0.25
3, 4, 5, 22, 5, 0.25
3, 4, 7, 22, 32, 0.25
3, 5, 6, 22, 14, 0.25
3, 5, 8, 22, 7, 0.25
3, 6, 9, 22, 38, 0.25
3, 7, 8, 22, 22, 0.25
3, 8, 9, 22, 11, 0.25
3, 1, 2, 23, 43, 0.25
3, 1, 4, 23, 14, 0.25
3, 2, 3, 23, 19, 0.25
3, 2, 5, 23, 29, 0.25
3, 3, 6, 23, 38, 0.25
3, 4, 5, 23, 43, 0.25
3, 4, 7, 23, 22, 0.25
3, 5, 6, 23, 23, 0.25
3, 5, 8, 23, 3, 0.25
3, 6, 9, 23, 22, 0.25
3, 7, 8, 23, 8, 0.25
3, 8, 9, 23, 17, 0.25
3, 1, 2, 24, 7, 0.25
3, 1, 4, 24, 1, 0.25
3, 2, 3, 24, 27, 0.25
3, 2, 5, 24, 40, 0.25
3, 3, 6, 24, 29, 0.25
3, 4, 5, 24, 24, 0.25
3, 4, 7, 24, 5, 0.25
3, 5, 6, 24, 1, 0.25
3, 5, 8, 24, 3, 0.25
3, 6, 9, 24, 20, 0.25
3, 7, 8, 24, 27, 0.25
3, 8, 9, 24, 29, 0.25
3, 1, 2, 25, 35, 0.25
3, 1, 4, 25, 12, 0.25
3, 2, 3, 25, 42, 0.25
3, 2, 5, 25, 4, 0.25
3, 3, 6, 25, 8, 0.25
3, 4, 5, 25, 16, 0.25
3, 4, 7, 25, 15, 0.25
3, 5, 6, 25, 30, 0.25
3, 5, 8, 25, 33, 0.25
3, 6, 9, 25, 17, 0.25
3, 7, 8, 25, 21, 0.25
3, 8, 9, 25, 18, 0.25
3, 1, 2, 26, 10, 0.25
3, 1, 4, 26, 15, 0.25
3, 2, 3, 26, 39, 0.25
3, 2, 5, 26, 38, 0.25
3, 3, 6, 26, 22, 0.25
3, 4, 5, 26, 7, 0.25
3, 4, 7, 26, 35, 0.25
3, 5, 6, 26, 23, 0.25
3, 5, 8, 26, 4, 0.25
3, 6, 9, 26, 17, 0.25
3, 7, 8, 26, 11, 0.25
3, 8, 9, 26, 5, 0.25
3, 1, 2, 27, 16, 0.25
3, 1, 4, 27, 33, 0.25
3, 2, 3, 27, 28, 0.25
3, 2, 5, 27, 11, 0.25
3, 3, 6, 27, 39, 0.25
3, 4, 5, 27, 44, 0.25
3, 4, 7, 27, 33, 0.25
3, 5, 6, 27, 8, 0.25
3, 5, 8, 27, 27, 0.25
3, 6, 9, 27, 12, 0.25
3, 7, 8, 27, 38, 0.25
3, 8, 9, 27, 38, 0.25
3, 1, 2, 28, 35, 0.25
3, 1, 4, 28, 8, 0.25
3, 2, 3, 28, 30, 0.25
3, 2, 5, 28, 36, 0.25
3, 3, 6, 28, 33, 0.25
3, 4, 5, 28, 29, 0.25
3, 4, 7, 28, 40, 0.25
3, 5, 6, 28, 38, 0.25
3, 5, 8, 28, 26, 0.25
3, 6, 9, 28, 26, 0.25
3, 7, 8, 28, 29, 0.25
3, 8, 9, 28, 2, 0.25
3, 1, 2, 29, 41, 0.25
3, 1, 4, 29, 26, 0.25
3, 2, 3, 29, 38, 0.25
3, 2, 5, 29, 33, 0.25
3, 3, 6, 29, 34, 0.25
3, 4, 5, 29, 14, 0.25
3, 4, 7, 29, 7, 0.25
3, 5, 6, 29, 43, 0.25
3, 5, 8, 29, 33, 0.25
3, 6, 9, 29, 30, 0.25
3, 7, 8, 29, 7, 0.25
3, 8, 9, 29, 39, 0.25
3, 1, 2, 30, 3, 0.25
3, 1, 4, 30, 14, 0.25
3, 2, 3, 30, 26, 0.25
3, 2, 5, 30, 4, 0.25
3, 3, 6, 30, 15, 0.25
3, 4, 5, 30, 33, 0.25
3, 4, 7, 30, 14, 0.25
3, 5, 6, 30, 5, 0.25
3, 5, 8, 30, 1, 0.25
3, 6, 9, 30, 4, 0.25
3, 7, 8, 30, 26, 0.25
3, 8, 9, 30, 43, 0.25
3, 1, 2, 31, 17, 0.25
3, 1, 4, 31, 7, 0.25
3, 2, 3, 31, 34, 0.25
3, 2, 5, 31, 40, 0.25
3, 3, 6, 31, 40, 0.25
3, 4, 5, 31, 40, 0.25
3, 4, 7, 31, 8, 0.25
3, 5, 6, 31, 22, 0.25
3, 5, 8, 31, 2, 0.25
3, 6, 9, 31, 43, 0.25
3, 7, 8, 31, 32, 0.25
3, 8, 9, 31, 21, 0.25
3, 1, 2, 32, 15, 0.25
3, 1, 4, 32, 3, 0.25
3, 2, 3, 32, 4, 0.25
3, 2, 5, 32, 39, 0.25
3, 3, 6, 32, 4, 0.25
3, 4, 5, 32, 5, 0.25
3, 4, 7, 32, 12, 0.25
3, 5, 6, 32, 35, 0.25
3, 5, 8, 32, 43, 0.25
3, 6, 9, 32, 10, 0.25
3, 7, 8, 32, 22, 0.25
3, 8, 9, 32, 15, 0.25
3, 1, 2, 33, 30, 0.25
3, 1, 4, 33, 39, 0.25
3, 2, 3, 33, 31, 0.25
3, 2, 5, 33, 9, 0.25
3, 3, 6, 33, 1, 0.25
3, 4, 5, 33, 9, 0.25
3, 4, 7, 33, 2, 0.25
3, 5, 6, 33, 33, 0.25
3, 5, 8, 33, 17, 0.25
3, 6, 9, 33, 24, 0.25
3, 7, 8, 33, 14, 0.25
3, 8, 9, 33, 10, 0.25
3, 1, 2, 34, 33, 0.25
3, 1, 4, 34, 18, 0.25
3, 2, 3, 34, 11, 0.25
3, 2, 5, 34, 24, 0.25
3, 3, 6, 34, 24, 0.25
3, 4, 5, 34, 9, 0.25
3, 4, 7, 34, 35, 0.25
3, 5, 6, 34, 19, 0.25
3, 5, 8, 34, 13, 0.25
3, 6, 9, 34, 41, 0.25
3, 7, 8, 34, 21, 0.25
3, 8, 9, 34, 2, 0.25
3, 1, 2, 35, 42, 0.25
3, 1, 4, 35, 16, 0.25
3, 2, 3, 35, 39, 0.25
3, 2, 5, 35, 26, 0.25
3, 3, 6, 35, 7, 0.25
3, 4, 5, 35, 36, 0.25
3, 4, 7, 35, 41, 0.25
3, 5, 6, 35, 23, 0.25
3, 5, 8, 35, 6, 0.25
3, 6, 9, 35, 31, 0.25
3, 7, 8, 35, 37, 0.25
3, 8, 9, 35, 10, 0.25
3, 1, 2, 36, 16, 0.25
3, 1, 4, 36, 41, 0.25
3, 2, 3, 36, 35, 0.25
3, 2, 5, 36, 41, 0.25
3, 3, 6, 36, 6, 0.25
3, 4, 5, 36, 33, 0.25
3, 4, 7, 36, 7, 0.25
3, 5, 6, 36, 14, 0.25
3, 5, 8, 36, 9, 0.25
3, 6, 9, 36, 30, 0.25
3, 7, 8, 36, 22, 0.25
3, 8, 9, 36, 29, 0.25
3, 1, 2, 37, 44, 0.25
3, 1, 4, 37, 38, 0.25
3, 2, 3, 37, 16, 0.25
3, 2, 5, 37, 6, 0.25
3, 3, 6, 37, 28, 0.25
3, 4, 5, 37, 24, 0.25
3, 4, 7, 37, 36, 0.25
3, 5, 6, 37, 5, 0.25
3, 5, 8, 37, 4, 0.25
3, 6, 9, 37, 21, 0.25
3, 7, 8, 37, 10, 0.25
3, 8, 9, 37, 28, 0.25
3, 1, 2, 38, 31, 0.25
3, 1, 4, 38, 11, 0.25
3, 2, 3, 38, 19, 0.25
3, 2, 5, 38, 3, 0.25
3, 3, 6, 38, 6, 0.25
3, 4, 5, 38, 25, 0.25
3, 4, 7, 38, 7, 0.25
3, 5, 6, 38, 27, 0.25
3, 5, 8, 38, 6, 0.25
3, 6, 9, 38, 26, 0.25
3, 7, 8, 38, 10, 0.25
3, 8, 9, 38, 33, 0.25
3, 1, 2, 39, 40, 0.25
3, 1, 4, 39, 44, 0.25
3, 2, 3, 39, 38, 0.25
3, 2, 5, 39, 30, 0.25
3, 3, 6, 39, 42, 0.25
3, 4, 5, 39, 8, 0.25
3, 4, 7, 39, 2, 0.25
3, 5, 6, 39, 28, 0.25
3, 5, 8, 39, 36, 0.25
3, 6, 9, 39, 21, 0.25
3, 7, 8, 39, 37, 0.25
3, 8, 9, 39, 44, 0.25
3, 1, 2, 40, 16, 0.25
3, 1, 4, 40, 8, 0.25
3, 2, 3, 40, 39, 0.25
3, 2, 5, 40, 26, 0.25
3, 3, 6, 40, 25, 0.25
3, 4, 5, 40, 31, 0.25
3, 4, 7, 40, 17, 0.25
3, 5, 6, 40, 17, 0.25
3, 5, 8, 40, 41, 0.25
3, 6, 9, 40, 3, 0.25
3, 7, 8, 40, 28, 0.25
3, 8, 9, 40, 6, 0.25
3, 1, 2, 41, 13, 0.25
3, 1, 4, 41, 3, 0.25
3, 2, 3, 41, 28, 0.25
3, 2, 5, 41, 27, 0.25
3, 3, 6, 41, 21, 0.25
3, 4, 5, 41, 11, 0.25
3, 4, 7, 41, 29, 0.25
3, 5, 6, 41, 3, 0.25
3, 5, 8, 41, 2, 0.25
3, 6, 9, 41, 35, 0.25
3, 7, 8, 41, 24, 0.25
3, 8, 9, 41, 43, 0.25
3, 1, 2, 42, 38, 0.25
3, 1, 4, 42, 37, 0.25
3, 2, 3, 42, 30, 0.25
3, 2, 5, 42, 9, 0.25
3, 3, 6, 42, 17, 0.25
3, 4, 5, 42, 42, 0.25
3, 4, 7, 42, 25, 0.25
3, 5, 6, 42, 27, 0.25
3, 5, 8, 42, 4, 0.25
3, 6, 9, 42, 30, 0.25
3, 7, 8, 42, 27, 0.25
3, 8, 9, 42, 14, 0.25
3, 1, 2, 43, 4, 0.25
3, 1, 4, 43, 8, 0.25
3, 2, 3, 43, 33, 0.25
3, 2, 5, 43, 36, 0.25
3, 3, 6, 43, 12, 0.25
3, 4, 5, 43, 1, 0.25
3, 4, 7, 43, 17, 0.25
3, 5, 6, 43, 10, 0.25
3, 5, 8, 43, 18, 0.25
3, 6, 9, 43, 22, 0.25
3, 7, 8, 43, 24, 0.25
3, 8, 9, 43, 28, 0.25
3, 1, 2, 44, 6, 0.25
3, 1, 4, 44, 8, 0.25
3, 2, 3, 44, 28, 0.25
3, 2, 5, 44, 29, 0.25
3, 3, 6, 44, 9, 0.25
3, 4, 5, 44, 34, 0.25
3, 4, 7, 44, 30, 0.25
3, 5, 6, 44, 3, 0.25
3, 5, 8, 44, 18, 0.25
3, 6, 9, 44, 22, 0.25
3, 7, 8, 44, 24, 0.25
3, 8, 9, 44, 17, 0.25
3, 1, 2, 45, 27, 0.25
3, 1, 4, 45, 33, 0.25
3, 2, 3, 45, 15, 0.25
3, 2, 5, 45, 14, 0.25
3, 3, 6, 45, 4, 0.25
3, 4, 5, 45, 26, 0.25
3, 4, 7, 45, 8, 0.25
3, 5, 6, 45, 10, 0.25
3, 5, 8, 45, 4, 0.25
3, 6, 9, 45, 43, 0.25
3, 7, 8, 45, 20, 0.25
3, 8, 9, 45, 3, 0.25
3, 1, 2, 46, 37, 0.25
3, 1, 4, 46, 27, 0.25
3, 2, 3, 46, 28, 0.25
3, 2, 5, 46, 35, 0.25
3, 3, 6, 46, 32, 0.25
3, 4, 5, 46, 29, 0.25
3, 4, 7, 46, 8, 0.25
3, 5, 6, 46, 12, 0.25
3, 5, 8, 46, 35, 0.25
3, 6, 9, 46, 24, 0.25
3, 7, 8, 46, 6, 0.25
3, 8, 9, 46, 23, 0.25
3, 1, 2, 47, 42, 0.25
3, 1, 4, 47, 4, 0.25
3, 2, 3, 47, 25, 0.25
3, 2, 5, 47, 19, 0.25
3, 3, 6, 47, 11, 0.25
3, 4, 5, 47, 32, 0.25
3, 4, 7, 47, 14, 0.25
3, 5, 6, 47, 29, 0.25
3, 5, 8, 47, 16, 0.25
3, 6, 9, 47, 16, 0.25
3, 7, 8, 47, 26, 0.25
3, 8, 9, 47, 7, 0.25
3, 1, 2, 48, 31, 0.25
3, 1, 4, 48, 27, 0.25
3, 2, 3, 48, 39, 0.25
3, 2, 5, 48, 6, 0.25
3, 3, 6, 48, 24, 0.25
3, 4, 5, 48, 28, 0.25
3, 4, 7, 48, 18, 0.25
3, 5, 6, 48, 21, 0.25
3, 5, 8, 48, 35, 0.25
3, 6, 9, 48, 3, 0.25
3, 7, 8, 48, 41, 0.25
3, 8, 9, 48, 28, 0.25
3, 1, 2, 49, 28, 0.25
3, 1, 4, 49, 11, 0.25
3, 2, 3, 49, 31, 0.25
3, 2, 5, 49, 6, 0.25
3, 3, 6, 49, 28, 0.25
3, 4, 5, 49, 24, 0.25
3, 4, 7, 49, 19, 0.25
3, 5, 6, 49, 7, 0.25
3, 5, 8, 49, 39, 0.25
3, 6, 9, 49, 3, 0.25
3, 7, 8, 49, 11, 0.25
3, 8, 9, 49, 13, 0.25
3, 1, 2, 50, 19, 0.25
3, 1, 4, 50, 14, 0.25
3, 2, 3, 50, 38, 0.25
3, 2, 5, 50, 39, 0.25
3, 3, 6, 50, 29, 0.25
3, 4, 5, 50, 35, 0.25
3, 4, 7, 50, 17, 0.25
3, 5, 6, 50, 1, 0.25
3, 5, 8, 50, 3, 0.25
3, 6, 9, 50, 6, 0.25
3, 7, 8, 50, 31, 0.25
3, 8, 9, 50, 11, 0.25
3, 1, 2, 51, 32, 0.25
3, 2, 3, 51, 8, 0.25
3, 2, 5, 51, 10, 0.25
3, 3, 6, 51, 37, 0.25
3, 4, 5, 51, 9, 0.25
3, 4, 7, 51, 33, 0.25
3, 5, 6, 51, 32, 0.25
3, 5, 8, 51, 11, 0.25
3, 6, 9, 51, 4, 0.25
3, 7, 8, 51, 33, 0.25
3, 8, 9, 51, 29, 0.25
3, 1, 2, 52, 31, 0.25
3, 1, 4, 52, 30, 0.25
3, 2, 3, 52, 14, 0.25
3, 2, 5, 52, 15, 0.25
3, 3, 6, 52, 27, 0.25
3, 4, 5, 52, 20, 0.25
3, 4, 7, 52, 16, 0.25
3, 5, 8, 52, 11, 0.25
3, 6, 9, 52, 9, 0.25
3, 8, 9, 52, 6, 0.25
3, 1, 4, 53, 21, 0.25
3, 2, 3, 53, 28, 0.25
3, 2, 5, 53, 21, 0.25
3, 3, 6, 53, 8, 0.25
3, 4, 5, 53, 9, 0.25
3, 5, 6, 53, 36, 0.25
3, 6, 9, 53, 5, 0.25
3, 7, 8, 53, 34, 0.25
3, 8, 9, 53, 33, 0.25
3, 1, 2, 54, 34, 0.25
3, 1, 4, 54, 25, 0.25
3, 2, 3, 54, 12, 0.25
3, 2, 5, 54, 28, 0.25
3, 3, 6, 54, 19, 0.25
3, 4, 5, 54, 8, 0.25
3, 4, 7, 54, 2, 0.25
3, 5, 8, 54, 13, 0.25
3, 6, 9, 54, 33, 0.25
3, 7, 8, 54, 15, 0.25
3, 8, 9, 54, 23, 0.25
3, 1, 2, 55, 28, 0.25
3, 1, 4, 55, 17, 0.25
3, 2, 3, 55, 25, 0.25
3, 2, 5, 55, 23, 0.25
3, 4, 5, 55, 11, 0.25
3, 4, 7, 55, 24, 0.25
3, 5, 6, 55, 8, 0.25
3, 5, 8, 55, 12, 0.25
3, 6, 9, 55, 7, 0.25
3, 7, 8, 55, 30, 0.25
3, 8, 9, 55, 12, 0.25
3, 1, 4, 56, 9, 0.25
3, 2, 3, 56, 3, 0.25
3, 2, 5, 56, 29, 0.25
3, 3, 6, 56, 25, 0.25
3, 4, 5, 56, 10, 0.25
3, 4, 7, 56, 32, 0.25
3, 5, 8, 56, 31, 0.25
3, 7, 8, 56, 29, 0.25
3, 8, 9, 56, 10, 0.25
3, 1, 2, 57, 15, 0.25
3, 2, 5, 57, 19, 0.25
3, 3, 6, 57, 29, 0.25
3, 4, 5, 57, 16, 0.25
3, 5, 6, 57, 14, 0.25
3, 6, 9, 57, 7, 0.25
3, 7, 8, 57, 5, 0.25
3, 8, 9, 57, 17, 0.25
3, 1, 2, 58, 15, 0.25
3, 1, 4, 58, 19, 0.25
3, 2, 5, 58, 26, 0.25
3, 4, 5, 58, 2, 0.25
3, 4, 7, 58, 25, 0.25
3, 5, 6, 58, 12, 0.25
3, 7, 8, 58, 29, 0.25
3, 8, 9, 58, 29, 0.25
3, 3, 6, 59, 22, 0.25
3, 4, 5, 59, 29, 0.25
3, 4, 7, 59, 30, 0.25
3, 5, 8, 59, 5, 0.25
3, 7, 8, 59, 29, 0.25
3, 8, 9, 59, 16, 0.25
3, 1, 2, 60, 2, 0.25
3, 1, 4, 60, 2, 0.25
3, 2, 3, 60, 8, 0.25
3, 2, 5, 60, 28, 0.25
3, 4, 5, 60, 7, 0.25
3, 4, 7, 60, 22, 0.25
3, 5, 8, 60, 18, 0.25
3, 7, 8, 60, 15, 0.25
3, 8, 9, 60, 23, 0.25
3, 1, 2, 61, 23, 0.25
3, 1, 4, 61, 3, 0.25
3, 2, 5, 61, 21, 0.25
3, 3, 6, 61, 6, 0.25
3, 4, 5, 61, 16, 0.25
3, 5, 6, 61, 23, 0.25
3, 5, 8, 61, 9, 0.25
3, 7, 8, 61, 17, 0.25
3, 2, 5, 62, 10, 0.25
3, 4, 7, 62, 5, 0.25
3, 5, 8, 62, 5, 0.25
3, 6, 9, 62, 27, 0.25
3, 7, 8, 62, 9, 0.25
3, 8, 9, 62, 22, 0.25
3, 1, 2, 63, 25, 0.25
3, 2, 3, 63, 22, 0.25
3, 4, 5, 63, 16, 0.25
3, 6, 9, 63, 4, 0.25
3, 1, 4, 64, 2, 0.25
3, 2, 3, 64, 9, 0.25
3, 2, 5, 64, 7, 0.25
3, 3, 6, 64, 10, 0.25
3, 4, 7, 64, 11, 0.25
3, 5, 6, 64, 22, 0.25
3, 7, 8, 64, 7, 0.25
3, 1, 2, 65, 12, 0.25
3, 1, 4, 65, 21, 0.25
3, 2, 5, 65, 15, 0.25
3, 4, 7, 65, 8, 0.25
3, 5, 8, 65, 21, 0.25
3, 7, 8, 65, 18, 0.25
3, 8, 9, 65, 19, 0.25
3, 1, 4, 66, 6, 0.25
3, 4, 5, 66, 18, 0.25
3, 6, 9, 66, 10, 0.25
3, 7, 8, 66, 1, 0.25
3, 8, 9, 66, 1, 0.25
3, 1, 2, 67, 18, 0.25
3, 1, 4, 67, 19, 0.25
3, 2, 3, 67, 10, 0.25
3, 3, 6, 67, 18, 0.25
3, 4, 5, 67, 3, 0.25
3, 5, 6, 67, 22, 0.25
3, 5, 8, 67, 15, 0.25
3, 6, 9, 67, 2, 0.25
3, 7, 8, 67, 5, 0.25
3, 1, 4, 68, 21, 0.25
3, 2, 5, 68, 9, 0.25
3, 3, 6, 68, 15, 0.25
3, 4, 5, 68, 7, 0.25
3, 4, 7, 68, 9, 0.25
3, 5, 6, 68, 10, 0.25
3, 5, 8, 68, 6, 0.25
3, 6, 9, 68, 11, 0.25
3, 7, 8, 68, 20, 0.25
3, 1, 4, 69, 15, 0.25
3, 2, 3, 69, 12, 0.25
3, 3, 6, 69, 5, 0.25
3, 8, 9, 69, 8, 0.25
3, 5, 8, 70, 19, 0.25
3, 7, 8, 70, 9, 0.25
3, 1, 2, 71, 18, 0.25
3, 1, 4, 71, 13, 0.25
3, 2, 3, 71, 5, 0.25
3, 2, 5, 71, 11, 0.25
3, 4, 7, 71, 14, 0.25
3, 5, 6, 71, 12, 0.25
3, 2, 3, 72, 16, 0.25
3, 2, 5, 72, 6, 0.25
3, 6, 9, 72, 7, 0.25
3, 2, 3, 73, 5, 0.25
3, 4, 7, 73, 7, 0.25
3, 6, 9, 73, 11, 0.25
3, 2, 3, 74, 10, 0.25
3, 4, 5, 74, 6, 0.25
3, 7, 8, 74, 10, 0.25
3, 8, 9, 74, 12, 0.25
3, 1, 2, 75, 14, 0.25
3, 3, 6, 75, 9, 0.25
3, 5, 8, 75, 1, 0.25
3, 1, 4, 76, 7, 0.25
3, 4, 5, 76, 3, 0.25
3, 4, 7, 76, 11, 0.25
3, 1, 4, 77, 3, 0.25
3, 2, 5, 77, 4, 0.25
3, 3, 6, 77, 2, 0.25
3, 5, 8, 77, 12, 0.25
3, 3, 6, 78, 2, 0.25
3, 4, 7, 78, 3, 0.25
3, 5, 6, 78, 8, 0.25
3, 7, 8, 78, 10, 0.25
3, 5, 6, 79, 9, 0.25
3, 8, 9, 79, 5, 0.25
3, 1, 4, 81, 2, 0.25
3, 2, 5, 81, 2, 0.25
3, 5, 8, 81, 4, 0.25
3, 1, 4, 83, 4, 0.25
3, 2, 5, 83, 6, 0.25
3, 8, 9, 83, 3, 0.25
3, 1, 4, 86, 3, 0.25
4, 1, 2, 0, 10, 0.25
4, 1, 4, 0, 16, 0.25
4, 2, 3, 0, 15, 0.25
4, 2, 5, 0, 36, 0.25
4, 3, 6, 0, 38, 0.25
4, 4, 5, 0, 11, 0.25
4, 4, 7, 0, 18, 0.25
4, 5, 6, 0, 19, 0.25
4, 5, 8, 0, 6, 0.25
4, 6, 9, 0, 7, 0.25
4, 7, 8, 0, 13, 0.25
4, 8, 9, 0, 33, 0.25
4, 1, 2, 1, 23, 0.25
4, 1, 4, 1, 8, 0.25
4, 2, 3, 1, 37, 0.25
4, 2, 5, 1, 22, 0.25
4, 3, 6, 1, 22, 0.25
4, 4, 5, 1, 25, 0.25
4, 4, 7, 1, 36, 0.25
4, 5, 6, 1, 18, 0.25
4, 5, 8, 1, 40, 0.25
4, 6, 9, 1, 44, 0.25
4, 7, 8, 1, 25, 0.25
4, 8, 9, 1, 26, 0.25
4, 1, 2, 2, 30, 0.25
4, 1, 4, 2, 36, 0.25
4, 2, 3, 2, 40, 0.25
4, 2, 5, 2, 25, 0.25
4, 3, 6, 2, 38, 0.25
4, 4, 5, 2, 22, 0.25
4, 4, 7, 2, 7, 0.25
4, 5, 6, 2, 14, 0.25
4, 5, 8, 2, 11, 0.25
4, 6, 9, 2, 32, 0.25
4, 7, 8, 2, 11, 0.25
4, 8, 9, 2, 10, 0.25
4, 1, 2, 3, 15, 0.25
4, 1, 4, 3, 2, 0.25
4, 2, 3, 3, 31, 0.25
4, 2, 5, 3, 22, 0.25
4, 3, 6, 3, 28, 0.25
4, 4, 5, 3, 21, 0.25
4, 4, 7, 3, 41, 0.25
4, 5, 6, 3, 20, 0.25
4, 5, 8, 3, 25, 0.25
4, 6, 9, 3, 10, 0.25
4, 7, 8, 3, 8, 0.25
4, 8, 9, 3, 7, 0.25
4, 1, 2, 4, 22, 0.25
4, 1, 4, 4, 6, 0.25
4, 2, 3, 4, 38, 0.25
4, 2, 5, 4, 15, 0.25
4, 3, 6, 4, 13, 0.25
4, 4, 5, 4, 33, 0.25
4, 4, 7, 4, 31, 0.25
4, 5, 6, 4, 17, 0.25
4, 5, 8, 4, 33, 0.25
4, 6, 9, 4, 35, 0.25
4, 7, 8, 4, 25, 0.25
4, 8, 9, 4, 3, 0.25
4, 1, 2, 5, 44, 0.25
4, 1, 4, 5, 28, 0.25
4, 2, 3, 5, 7, 0.25
4, 2, 5, 5, 5, 0.25
4, 3, 6, 5, 39, 0.25
4, 4, 5, 5, 25, 0.25
4, 4, 7, 5, 30, 0.25
4, 5, 6, 5, 3, 0.25
4, 5, 8, 5, 25, 0.25
4, 6, 9, 5, 36, 0.25
4, 7, 8, 5, 37, 0.25
4, 8, 9, 5, 9, 0.25
4, 1, 2, 6, 43, 0.25
4, 1, 4, 6, 21, 0.25
4, 2, 3, 6, 34, 0.25
4, 2, 5, 6, 35, 0.25
4, 3, 6, 6, 9, 0.25
4, 4, 5, 6, 34, 0.25
4, 4, 7, 6, 12, 0.25
4, 5, 6, 6, 34, 0.25
4, 5, 8, 6, 43, 0.25
4, 6, 9, 6, 26, 0.25
4, 7, 8, 6, 39, 0.25
4, 8, 9, 6, 11, 0.25
4, 1, 2, 7, 15, 0.25
4, 1, 4, 7, 23, 0.25
4, 2, 3, 7, 25, 0.25
4, 2, 5, 7, 27, 0.25
4, 3, 6, 7, 13, 0.25
4, 4, 5, 7, 42, 0.25
4, 4, 7, 7, 5, 0.25
4, 5, 6, 7, 11, 0.25
4, 5, 8, 7, 30, 0.25
4, 6, 9, 7, 13, 0.25
4, 7, 8, 7, 27, 0.25
4, 8, 9, 7, 24, 0.25
4, 1, 2, 8, 26, 0.25
4, 1, 4, 8, 18, 0.25
4, 2, 3, 8, 34, 0.25
4, 2, 5, 8, 35, 0.25
4, 3, 6, 8, 37, 0.25
4, 4, 5, 8, 39, 0.25
4, 4, 7, 8, 30, 0.25
4, 5, 6, 8, 1, 0.25
4, 5, 8, 8, 22, 0.25
4, 6, 9, 8, 34, 0.25
4, 7, 8, 8, 13, 0.25
4, 8, 9, 8, 24, 0.25
4, 1, 2, 9, 42, 0.25
4, 1, 4, 9, 38, 0.25
4, 2, 3, 9, 35, 0.25
4, 2, 5, 9, 31, 0.25
4, 3, 6, 9, 27, 0.25
4, 4, 5, 9, 6, 0.25
4, 4, 7, 9, 24, 0.25
4, 5, 6, 9, 25, 0.25
4, 5, 8, 9, 17, 0.25
4, 6, 9, 9, 4, 0.25
4, 7, 8, 9, 33, 0.25
4, 8, 9, 9, 3, 0.25
4, 1, 2, 10, 24, 0.25
4, 1, 4, 10, 30, 0.25
4, 2, 3, 10, 28, 0.25
4, 2, 5, 10, 15, 0.25
4, 3, 6, 10, 16, 0.25
4, 4, 5, 10, 17, 0.25
4, 4, 7, 10, 12, 0.25
4, 5, 6, 10, 18, 0.25
4, 5, 8, 10, 4, 0.25
4, 6, 9, 10, 37, 0.25
4, 7, 8, 10, 34, 0.25
4, 8, 9, 10, 15, 0.25
4, 1, 2, 11, 35, 0.25
4, 1, 4, 11, 8, 0.25
4, 2, 3, 11, 1, 0.25
4, 2, 5, 11, 32, 0.25
4, 3, 6, 11, 4, 0.25
4, 4, 5, 11, 16, 0.25
4, 4, 7, 11, 5, 0.25
4, 5, 6, 11, 2, 0.25
4, 5, 8, 11, 18, 0.25
4, 6, 9, 11, 9, 0.25
4, 7, 8, 11, 36, 0.25
4, 8, 9, 11, 4, 0.25
4, 1, 2, 12, 8, 0.25
4, 1, 4, 12, 5, 0.25
4, 2, 3, 12, 14, 0.25
4, 2, 5, 12, 33, 0.25
4, 3, 6, 12, 21, 0.25
4, 4, 5, 12, 20, 0.25
4, 4, 7, 12, 17, 0.25
4, 5, 6, 12, 35, 0.25
4, 5, 8, 12, 24, 0.25
4, 6, 9, 12, 6, 0.25
4, 7, 8, 12, 15, 0.25
4, 8, 9, 12, 29, 0.25
4, 1, 2, 13, 21, 0.25
4, 1, 4, 13, 14, 0.25
4, 2, 3, 13, 21, 0.25
4, 2, 5, 13, 16, 0.25
4, 3, 6, 13, 2, 0.25
4, 4, 5, 13, 25, 0.25
4, 4, 7, 13, 36, 0.25
4, 5, 6, 13, 26, 0.25
4, 5, 8, 13, 6, 0.25
4, 6, 9, 13, 7, 0.25
4, 7, 8, 13, 30, 0.25
4, 8, 9, 13, 42, 0.25
4, 1, 2, 14, 12, 0.25
4, 1, 4, 14, 41, 0.25
4, 2, 3, 14, 9, 0.25
4, 2, 5, 14, 4, 0.25
4, 3, 6, 14, 6, 0.25
4, 4, 5, 14, 40, 0.25
4, 4, 7, 14, 17, 0.25
4, 5, 6, 14, 39, 0.25
4, 5, 8, 14, 41, 0.25
4, 6, 9, 14, 18, 0.25
4, 7, 8, 14, 29, 0.25
4, 8, 9, 14, 10, 0.25
4, 1, 2, 15, 37, 0.25
4, 1, 4, 15, 8, 0.25
4, 2, 3, 15, 5, 0.25
4, 2, 5, 15, 4, 0.25
4, 3, 6, 15, 14, 0.25
4, 4, 5, 15, 42, 0.25
4, 4, 7, 15, 30, 0.25
4, 5, 6, 15, 23, 0.25
4, 5, 8, 15, 29, 0.25
4, 6, 9, 15, 15, 0.25
4, 7, 8, 15, 24, 0.25
4, 8, 9, 15, 7, 0.25
4, 1, 2, 16, 43, 0.25
4, 1, 4, 16, 10, 0.25
4, 2, 3, 16, 11, 0.25
4, 2, 5, 16, 35, 0.25
4, 3, 6, 16, 3, 0.25
4, 4, 5, 16, 34, 0.25
4, 4, 7, 16, 21, 0.25
4, 5, 6, 16, 39, 0.25
4, 5, 8, 16, 30, 0.25
4, 6, 9, 16, 25, 0.25
4, 7, 8, 16, 38, 0.25
4, 8, 9, 16, 9, 0.25
4, 1, 2, 17, 5, 0.25
4, 1, 4, 17, 33, 0.25
4, 2, 3, 17, 28, 0.25
4, 2, 5, 17, 33, 0.25
4, 3, 6, 17, 41, 0.25
4, 4, 5, 17, 27, 0.25
4, 4, 7, 17, 16, 0.25
4, 5, 6, 17, 22, 0.25
4, 5, 8, 17, 9, 0.25
4, 6, 9, 17, 7, 0.25
4, 7, 8, 17, 27, 0.25
4, 8, 9, 17, 24, 0.25
4, 1, 2, 18, 7, 0.25
4, 1, 4, 18, 34, 0.25
4, 2, 3, 18, 14, 0.25
4, 2, 5, 18, 39, 0.25
4, 3, 6, 18, 33, 0.25
4, 4, 5, 18, 8, 0.25
4, 4, 7, 18, 10, 0.25
4, 5, 6, 18, 8, 0.25
4, 5, 8, 18, 20, 0.25
4, 6, 9, 18, 43, 0.25
4, 7, 8, 18, 2, 0.25
4, 8, 9, 18, 30, 0.25
4, 1, 2, 19, 3, 0.25
4, 1, 4, 19, 4, 0.25
4, 2, 3, 19, 37, 0.25
4, 2, 5, 19, 7, 0.25
4, 3, 6, 19, 15, 0.25
4, 4, 5, 19, 6, 0.25
4, 4, 7, 19, 43, 0.25
4, 5, 6, 19, 12, 0.25
4, 5, 8, 19, 2, 0.25
4, 6, 9, 19, 40, 0.25
4, 7, 8, 19, 12, 0.25
4, 8, 9, 19, 12, 0.25
4, 1, 2, 20, 24, 0.25
4, 1, 4, 20, 13, 0.25
4, 2, 3, 20, 15, 0.25
4, 2, 5, 20, 20, 0.25
4, 3, 6, 20, 9, 0.25
4, 4, 5, 20, 39, 0.25
4, 4, 7, 20, 20, 0.25
4, 5, 6, 20, 27, 0.25
4, 5, 8, 20, 23, 0.25
4, 6, 9, 20, 2, 0.25
4, 7, 8, 20, 34, 0.25
4, 8, 9, 20, 6, 0.25
4, 1, 2, 21, 22, 0.25
4, 1, 4, 21, 28, 0.25
4, 2, 3, 21, 38, 0.25
4, 2, 5, 21, 13, 0.25
4, 3, 6, 21, 40, 0.25
4, 4, 5, 21, 20, 0.25
4, 4, 7, 21, 25, 0.25
4, 5, 6, 21, 8, 0.25
4, 5, 8, 21, 17, 0.25
4, 6, 9, 21, 8, 0.25
4, 7, 8, 21, 41, 0.25
4, 8, 9, 21, 22, 0.25
4, 1, 2, 22, 26, 0.25
4, 1, 4, 22, 43, 0.25
4, 2, 3, 22, 12, 0.25
4, 2, 5, 22, 13, 0.25
4, 3, 6, 22, 28, 0.25
4, 4, 5, 22, 2, 0.25
4, 4, 7, 22, 34, 0.25
4, 5, 6, 22, 23, 0.25
4, 5, 8, 22, 16, 0.25
4, 6, 9, 22, 42, 0.25
4, 7, 8, 22, 6, 0.25
4, 8, 9, 22, 16, 0.25
4, 1, 2, 23, 15, 0.25
4, 1, 4, 23, 15, 0.25
4, 2, 3, 23, 35, 0.25
4, 2, 5, 23, 17, 0.25
4, 3, 6, 23, 20, 0.25
4, 4, 5, 23, 13, 0.25
4, 4, 7, 23, 33, 0.25
4, 5, 6, 23, 7, 0.25
4, 5, 8, 23, 5, 0.25
4, 6, 9, 23, 4, 0.25
4, 7, 8, 23, 29, 0.25
4, 8, 9, 23, 37, 0.25
4, 1, 2, 24, 38, 0.25
4, 1, 4, 24, 4, 0.25
4, 2, 3, 24, 25, 0.25
4, 2, 5, 24, 44, 0.25
4, 3, 6, 24, 21, 0.25
4, 4, 5, 24, 6, 0.25
4, 4, 7, 24, 18, 0.25
4, 5, 6, 24, 38, 0.25
4, 5, 8, 24, 28, 0.25
4, 6, 9, 24, 31, 0.25
4, 7, 8, 24, 35, 0.25
4, 8, 9, 24, 20, 0.25
4, 1, 2, 25, 40, 0.25
4, 1, 4, 25, 17, 0.25
4, 2, 3, 25, 16, 0.25
4, 2, 5, 25, 7, 0.25
4, 3, 6, 25, 11, 0.25
4, 4, 5, 25, 38, 0.25
4, 4, 7, 25, 18, 0.25
4, 5, 6, 25, 30, 0.25
4, 5, 8, 25, 12, 0.25
4, 6, 9, 25, 24, 0.25
4, 7, 8, 25, 19, 0.25
4, 8, 9, 25, 22, 0.25
4, 1, 2, 26, 37, 0.25
4, 1, 4, 26, 44, 0.25
4, 2, 3, 26, 33, 0.25
4, 2, 5, 26, 21, 0.25
4, 3, 6, 26, 28, 0.25
4, 4, 5, 26, 3, 0.25
4, 4, 7, 26, 32, 0.25
4, 5, 6, 26, 31, 0.25
4, 5, 8, 26, 42, 0.25
4, 6, 9, 26, 2, 0.25
4, 7, 8, 26, 22, 0.25
4, 8, 9, 26, 5, 0.25
4, 1, 2, 27, 42, 0.25
4, 1, 4, 27, 24, 0.25
4, 2, 3, 27, 4, 0.25
4, 2, 5, 27, 30, 0.25
4, 3, 6, 27, 34, 0.25
4, 4, 5, 27, 42, 0.25
4, 4, 7, 27, 6, 0.25
4, 5, 6, 27, 26, 0.25
4, 5, 8, 27, 5, 0.25
4, 6, 9, 27, 31, 0.25
4, 7, 8, 27, 23, 0.25
4, 8, 9, 27, 29, 0.25
4, 1, 2, 28, 41, 0.25
4, 1, 4, 28, 2, 0.25
4, 2, 3, 28, 12, 0.25
4, 2, 5, 28, 6, 0.25
4, 3, 6, 28, 41, 0.25
4, 4, 5, 28, 42, 0.25
4, 4, 7, 28, 23, 0.25
4, 5, 6, 28, 21, 0.25
4, 5, 8, 28, 37, 0.25
4, 6, 9, 28, 33, 0.25
4, 7, 8, 28, 9, 0.25
4, 8, 9, 28, 36, 0.25
4, 1, 2, 29, 5, 0.25
4, 1, 4, 29, 19, 0.25
4, 2, 3, 29, 21, 0.25
4, 2, 5, 29, 8, 0.25
4, 3, 6, 29, 6, 0.25
4, 4, 5, 29, 36, 0.25
4, 4, 7, 29, 23, 0.25
4, 5, 6, 29, 41, 0.25
4, 5, 8, 29, 27, 0.25
4, 6, 9, 29, 43, 0.25
4, 7, 8, 29, 36, 0.25
4, 8, 9, 29, 30, 0.25
4, 1, 2, 30, 23, 0.25
4, 1, 4, 30, 17, 0.25
4, 2, 3, 30, 39, 0.25
4, 2, 5, 30, 35, 0.25
4, 3, 6, 30, 24, 0.25
4, 4, 5, 30, 1, 0.25
4, 4, 7, 30, 8, 0.25
4, 5, 6, 30, 26, 0.25
4, 5, 8, 30, 34, 0.25
4, 6, 9, 30, 8, 0.25
4, 7, 8, 30, 2, 0.25
4, 8, 9, 30, 11, 0.25
4, 1, 2, 31, 20, 0.25
4, 1, 4, 31, 14, 0.25
4, 2, 3, 31, 6, 0.25
4, 2, 5, 31, 5, 0.25
4, 3, 6, 31, 15, 0.25
4, 4, 5, 31, 12, 0.25
4, 4, 7, 31, 6, 0.25
4, 5, 6, 31, 4, 0.25
4, 5, 8, 31, 33, 0.25
4, 6, 9, 31, 11, 0.25
4, 7, 8, 31, 29, 0.25
4, 8, 9, 31, 41, 0.25
4, 1, 2, 32, 19, 0.25
4, 1, 4, 32, 3, 0.25
4, 2, 3, 32, 18, 0.25
4, 2, 5, 32, 2, 0.25
4, 3, 6, 32, 2, 0.25
4, 4, 5, 32, 18, 0.25
4, 4, 7, 32, 11, 0.25
4, 5, 6, 32, 42, 0.25
4, 5, 8, 32, 28, 0.25
4, 6, 9, 32, 9, 0.25
4, 7, 8, 32, 12, 0.25
4, 8, 9, 32, 21, 0.25
4, 1, 2, 33, 24, 0.25
4, 1, 4, 33, 39, 0.25
4, 2, 3, 33, 41, 0.25
4, 2, 5, 33, 42, 0.25
4, 3, 6, 33, 30, 0.25
4, 4, 5, 33, 42, 0.25
4, 4, 7, 33, 12, 0.25
4, 5, 6, 33, 15, 0.25
4, 5, 8, 33, 7, 0.25
4, 6, 9, 33, 40, 0.25
4, 7, 8, 33, 11, 0.25
4, 8, 9, 33, 19, 0.25
4, 1, 2, 34, 7, 0.25
4, 1, 4, 34, 30, 0.25
4, 2, 3, 34, 18, 0.25
4, 2, 5, 34, 35, 0.25
4, 3, 6, 34, 26, 0.25
4, 4, 5, 34, 43, 0.25
4, 4, 7, 34, 43, 0.25
4, 5, 6, 34, 33, 0.25
4, 5, 8, 34, 43, 0.25
4, 6, 9, 34, 44, 0.25
4, 7, 8, 34, 29, 0.25
4, 8, 9, 34, 20, 0.25
4, 1, 2, 35, 17, 0.25
4, 1, 4, 35, 4, 0.25
4, 2, 3, 35, 35, 0.25
4, 2, 5, 35, 18, 0.25
4, 3, 6, 35, 29, 0.25
4, 4, 5, 35, 23, 0.25
4, 4, 7, 35, 33, 0.25
4, 5, 6, 35, 27, 0.25
4, 5, 8, 35, 26, 0.25
4, 6, 9, 35, 8, 0.25
4, 7, 8, 35, 7, 0.25
4, 8, 9, 35, 7, 0.25
4, 1, 2, 36, 2, 0.25
4, 1, 4, 36, 34, 0.25
4, 2, 3, 36, 11, 0.25
4, 2, 5, 36, 6, 0.25
4, 3, 6, 36, 22, 0.25
4, 4, 5, 36, 18, 0.25
4, 4, 7, 36, 11, 0.25
4, 5, 6, 36, 25, 0.25
4, 5, 8, 36, 19, 0.25
4, 6, 9, 36, 4, 0.25
4, 7, 8, 36, 43, 0.25
4, 8, 9, 36, 44, 0.25
4, 1, 2, 37, 7, 0.25
4, 1, 4, 37, 35, 0.25
4, 2, 3, 37, 3, 0.25
4, 2, 5, 37, 13, 0.25
4, 3, 6, 37, 5, 0.25
4, 4, 5, 37, 6, 0.25
4, 4, 7, 37, 37, 0.25
4, 5, 6, 37, 32, 0.25
4, 5, 8, 37, 18, 0.25
4, 6, 9, 37, 31, 0.25
4, 7, 8, 37, 11, 0.25
4, 8, 9, 37, 7, 0.25
4, 1, 2, 38, 30, 0.25
4, 1, 4, 38, 9, 0.25
4, 2, 3, 38, 39, 0.25
4, 2, 5, 38, 6, 0.25
4, 3, 6, 38, 13, 0.25
4, 4, 5, 38, 19, 0.25
4, 4, 7, 38, 39, 0.25
4, 5, 6, 38, 22, 0.25
4, 5, 8, 38, 7, 0.25
4, 6, 9, 38, 24, 0.25
4, 7, 8, 38, 31, 0.25
4, 8, 9, 38, 7, 0.25
4, 1, 2, 39, 17, 0.25
4, 1, 4, 39, 12, 0.25
4, 2, 3, 39, 22, 0.25
4, 2, 5, 39, 27, 0.25
4, 3, 6, 39, 11, 0.25
4, 4, 5, 39, 15, 0.25
4, 4, 7, 39, 3, 0.25
4, 5, 6, 39, 21, 0.25
4, 5, 8, 39, 27, 0.25
4, 6, 9, 39, 31, 0.25
4, 7, 8, 39, 19, 0.25
4, 8, 9, 39, 36, 0.25
4, 1, 2, 40, 8, 0.25
4, 1, 4, 40, 3, 0.25
4, 2, 3, 40, 2, 0.25
4, 2, 5, 40, 19, 0.25
4, 3, 6, 40, 12, 0.25
4, 4, 5, 40, 18, 0.25
4, 4, 7, 40, 23, 0.25
4, 5, 6, 40, 5, 0.25
4, 5, 8, 40, 6, 0.25
4, 6, 9, 40, 41, 0.25
4, 7, 8, 40, 4, 0.25
4, 8, 9, 40, 11, 0.25
4, 1, 2, 41, 6, 0.25
4, 1, 4, 41, 22, 0.25
4, 2, 3, 41, 25, 0.25
4, 2, 5, 41, 21, 0.25
4, 3, 6, 41, 12, 0.25
4, 4, 5, 41, 35, 0.25
4, 4, 7, 41, 39, 0.25
4, 5, 6, 41, 38, 0.25
4, 5, 8, 41, 39, 0.25
4, 6, 9, 41, 16, 0.25
4, 7, 8, 41, 35, 0.25
4, 8, 9, 41, 26, 0.25
4, 1, 2, 42, 34, 0.25
4, 1, 4, 42, 19, 0.25
4, 2, 3, 42, 27, 0.25
4, 2, 5, 42, 17, 0.25
4, 3, 6, 42, 4, 0.25
4, 4, 5, 42, 33, 0.25
4, 4, 7, 42, 1, 0.25
4, 5, 6, 42, 33, 0.25
4, 5, 8, 42, 33, 0.25
4, 6, 9, 42, 11, 0.25
4, 7, 8, 42, 27, 0.25
4, 8, 9, 42, 7, 0.25
4, 1, 2, 43, 16, 0.25
4, 1, 4, 43, 12, 0.25
4, 2, 3, 43, 25, 0.25
4, 2, 5, 43, 39, 0.25
4, 3, 6, 43, 27, 0.25
4, 4, 5, 43, 16, 0.25
4, 4, 7, 43, 31, 0.25
4, 5, 6, 43, 40, 0.25
4, 5, 8, 43, 14, 0.25
4, 6, 9, 43, 42, 0.25
4, 7, 8, 43, 11, 0.25
4, 8, 9, 43, 43, 0.25
4, 1, 2, 44, 17, 0.25
4, 1, 4, 44, 27, 0.25
4, 2, 3, 44, 6, 0.25
4, 2, 5, 44, 24, 0.25
4, 3, 6, 44, 16, 0.25
4, 4, 5, 44, 8, 0.25
4, 4, 7, 44, 19, 0.25
4, 5, 6, 44, 1, 0.25
4, 5, 8, 44, 28, 0.25
4, 6, 9, 44, 33, 0.25
4, 7, 8, 44, 8, 0.25
4, 8, 9, 44, 42, 0.25
4, 1, 2, 45, 37, 0.25
4, 1, 4, 45, 9, 0.25
4, 2, 3, 45, 41, 0.25
4, 2, 5, 45, 17, 0.25
4, 3, 6, 45, 41, 0.25
4, 4, 5, 45, 33, 0.25
4, 4, 7, 45, 24, 0.25
4, 5, 6, 45, 25, 0.25
4, 5, 8, 45, 12, 0.25
4, 6, 9, 45, 18, 0.25
4, 7, 8, 45, 27, 0.25
4, 8, 9, 45, 12, 0.25
4, 1, 2, 46, 15, 0.25
4, 1, 4, 46, 4, 0.25
4, 2, 3, 46, 40, 0.25
4, 2, 5, 46, 10, 0.25
4, 3, 6, 46, 18, 0.25
4, 4, 5, 46, 33, 0.25
4, 4, 7, 46, 7, 0.25
4, 5, 6, 46, 1, 0.25
4, 5, 8, 46, 38, 0.25
4, 6, 9, 46, 9, 0.25
4, 7, 8, 46, 28, 0.25
4, 8, 9, 46, 41, 0.25
4, 1, 2, 47, 39, 0.25
4, 1, 4, 47, 16, 0.25
4, 2, 3, 47, 6, 0.25
4, 2, 5, 47, 16, 0.25
4, 3, 6, 47, 29, 0.25
4, 4, 5, 47, 36, 0.25
4, 4, 7, 47, 10, 0.25
4, 5, 6, 47, 2, 0.25
4, 5, 8, 47, 27, 0.25
4, 6, 9, 47, 20, 0.25
4, 7, 8, 47, 19, 0.25
4, 8, 9, 47, 29, 0.25
4, 1, 2, 48, 38, 0.25
4, 1, 4, 48, 10, 0.25
4, 2, 3, 48, 33, 0.25
4, 2, 5, 48, 21, 0.25
4, 3, 6, 48, 38, 0.25
4, 4, 5, 48, 36, 0.25
4, 4, 7, 48, 36, 0.25
4, 5, 6, 48, 40, 0.25
4, 5, 8, 48, 38, 0.25
4, 6, 9, 48, 27, 0.25
4, 7, 8, 48, 8, 0.25
4, 1, 2, 49, 10, 0.25
4, 1, 4, 49, 33, 0.25
4, 2, 3, 49, 5, 0.25
4, 2, 5, 49, 21, 0.25
4, 3, 6, 49, 18, 0.25
4, 4, 5, 49, 31, 0.25
4, 4, 7, 49, 35, 0.25
4, 5, 6, 49, 29, 0.25
4, 5, 8, 49, 6, 0.25
4, 6, 9, 49, 8, 0.25
4, 7, 8, 49, 14, 0.25
4, 8, 9, 49, 30, 0.25
4, 1, 2, 50, 2, 0.25
4, 1, 4, 50, 22, 0.25
4, 2, 3, 50, 23, 0.25
4, 2, 5, 50, 39, 0.25
4, 3, 6, 50, 27, 0.25
4, 4, 7, 50, 13, 0.25
4, 5, 6, 50, 7, 0.25
4, 5, 8, 50, 5, 0.25
4, 7, 8, 50, 10, 0.25
4, 8, 9, 50, 36, 0.25
4, 1, 2, 51, 33, 0.25
4, 1, 4, 51, 23, 0.25
4, 2, 3, 51, 20, 0.25
4, 2, 5, 51, 31, 0.25
4, 3, 6, 51, 14, 0.25
4, 4, 5, 51, 13, 0.25
4, 4, 7, 51, 36, 0.25
4, 5, 6, 51, 14, 0.25
4, 5, 8, 51, 2, 0.25
4, 6, 9, 51, 26, 0.25
4, 7, 8, 51, 31, 0.25
4, 8, 9, 51, 29, 0.25
4, 1, 4, 52, 9, 0.25
4, 2, 3, 52, 21, 0.25
4, 2, 5, 52, 8, 0.25
4, 3, 6, 52, 23, 0.25
4, 4, 5, 52, 10, 0.25
4, 4, 7, 52, 8, 0.25
4, 5, 6, 52, 14, 0.25
4, 5, 8, 52, 11, 0.25
4, 6, 9, 52, 2, 0.25
4, 7, 8, 52, 23, 0.25
4, 8, 9, 52, 29, 0.25
4, 1, 2, 53, 7, 0.25
4, 1, 4, 53, 11, 0.25
4, 2, 5, 53, 19, 0.25
4, 3, 6, 53, 2, 0.25
4, 4, 5, 53, 8, 0.25
4, 4, 7, 53, 8, 0.25
4, 5, 6, 53, 11, 0.25
4, 5, 8, 53, 6, 0.25
4, 7, 8, 53, 13, 0.25
4, 8, 9, 53, 8, 0.25
4, 1, 4, 54, 35, 0.25
4, 2, 3, 54, 6, 0.25
4, 2, 5, 54, 26, 0.25
4, 3, 6, 54, 18, 0.25
4, 4, 5, 54, 17, 0.25
4, 5, 6, 54, 18, 0.25
4, 6, 9, 54, 25, 0.25
4, 7, 8, 54, 34, 0.25
4, 2, 3, 55, 14, 0.25
4, 2, 5, 55, 5, 0.25
4, 3, 6, 55, 33, 0.25
4, 4, 5, 55, 9, 0.25
4, 5, 6, 55, 17, 0.25
4, 5, 8, 55, 10, 0.25
4, 6, 9, 55, 10, 0.25
4, 7, 8, 55, 18, 0.25
4, 8, 9, 55, 31, 0.25
4, 1, 2, 56, 27, 0.25
4, 2, 5, 56, 21, 0.25
4, 3, 6, 56, 20, 0.25
4, 4, 5, 56, 5, 0.25
4, 4, 7, 56, 10, 0.25
4, 5, 6, 56, 3, 0.25
4, 5, 8, 56, 28, 0.25
4, 6, 9, 56, 4, 0.25
4, 7, 8, 56, 19, 0.25
4, 1, 2, 57, 3, 0.25
4, 1, 4, 57, 6, 0.25
4, 2, 5, 57, 11, 0.25
4, 4, 5, 57, 10, 0.25
4, 4, 7, 57, 14, 0.25
4, 5, 6, 57, 21, 0.25
4, 5, 8, 57, 14, 0.25
4, 6, 9, 57, 4, 0.25
4, 7, 8, 57, 23, 0.25
4, 8, 9, 57, 31, 0.25
4, 1, 2, 58, 15, 0.25
4, 1, 4, 58, 25, 0.25
4, 2, 5, 58, 10, 0.25
4, 3, 6, 58, 15, 0.25
4, 4, 7, 58, 30, 0.25
4, 5, 6, 58, 25, 0.25
4, 5, 8, 58, 14, 0.25
4, 6, 9, 58, 28, 0.25
4, 7, 8, 58, 24, 0.25
4, 8, 9, 58, 3, 0.25
4, 1, 4, 59, 22, 0.25
4, 2, 3, 59, 5, 0.25
4, 4, 5, 59, 5, 0.25
4, 5, 6, 59, 5, 0.25
4, 5, 8, 59, 18, 0.25
4, 8, 9, 59, 17, 0.25
4, 1, 4, 60, 28, 0.25
4, 2, 3, 60, 17, 0.25
4, 2, 5, 60, 17, 0.25
4, 3, 6, 60, 6, 0.25
4, 4, 5, 60, 2, 0.25
4, 4, 7, 60, 22, 0.25
4, 5, 6, 60, 11, 0.25
4, 5, 8, 60, 3, 0.25
4, 6, 9, 60, 5, 0.25
4, 7, 8, 60, 8, 0.25
4, 8, 9, 60, 2, 0.25
4, 1, 2, 61, 11, 0.25
4, 2, 3, 61, 25, 0.25
4, 2, 5, 61, 19, 0.25
4, 4, 7, 61, 11, 0.25
4, 5, 6, 61, 3, 0.25
4, 6, 9, 61, 12, 0.25
4, 7, 8, 61, 17, 0.25
4, 8, 9, 61, 2, 0.25
4, 1, 2, 62, 19, 0.25
4, 1, 4, 62, 9, 0.25
4, 2, 3, 62, 3, 0.25
4, 2, 5, 62, 1, 0.25
4, 4, 7, 62, 18, 0.25
4, 5, 8, 62, 5, 0.25
4, 7, 8, 62, 15, 0.25
4, 8, 9, 62, 15, 0.25
4, 1, 2, 63, 11, 0.25
4, 1, 4, 63, 15, 0.25
4, 2, 5, 63, 20, 0.25
4, 3, 6, 63, 10, 0.25
4, 5, 8, 63, 5, 0.25
4, 6, 9, 63, 3, 0.25
4, 7, 8, 63, 9, 0.25
4, 8, 9, 63, 1, 0.25
4, 1, 4, 64, 22, 0.25
4, 4, 7, 64, 3, 0.25
4, 5, 6, 64, 24, 0.25
4, 5, 8, 64, 20, 0.25
4, 7, 8, 64, 9, 0.25
4, 1, 2, 65, 18, 0.25
4, 2, 3, 65, 8, 0.25
4, 2, 5, 65, 17, 0.25
4, 4, 5, 65, 6, 0.25
4, 4, 7, 65, 5, 0.25
4, 6, 9, 65, 22, 0.25
4, 3, 6, 66, 15, 0.25
4, 4, 5, 66, 19, 0.25
4, 5, 6, 66, 2, 0.25
4, 5, 8, 66, 15, 0.25
4, 8, 9, 66, 16, 0.25
4, 1, 2, 67, 2, 0.25
4, 1, 4, 67, 10, 0.25
4, 2, 5, 67, 9, 0.25
4, 5, 6, 67, 22, 0.25
4, 6, 9, 67, 12, 0.25
4, 8, 9, 67, 21, 0.25
4, 1, 2, 68, 14, 0.25
4, 1, 4, 68, 17, 0.25
4, 2, 3, 68, 6, 0.25
4, 2, 5, 68, 13, 0.25
4, 5, 6, 68, 4, 0.25
4, 5, 8, 68, 19, 0.25
4, 8, 9, 68, 6, 0.25
4, 2, 5, 69, 3, 0.25
4, 3, 6, 69, 14, 0.25
4, 4, 5, 69, 3, 0.25
4, 5, 6, 69, 12, 0.25
4, 5, 8, 69, 6, 0.25
4, 6, 9, 69, 5, 0.25
4, 2, 3, 70, 7, 0.25
4, 3, 6, 70, 11, 0.25
4, 5, 8, 70, 5, 0.25
4, 7, 8, 70, 3, 0.25
4, 8, 9, 70, 18, 0.25
4, 1, 2, 71, 14, 0.25
4, 2, 5, 71, 12, 0.25
4, 4, 7, 71, 4, 0.25
4, 5, 6, 71, 6, 0.25
4, 6, 9, 71, 2, 0.25
4, 7, 8, 71, 9, 0.25
4, 5, 6, 72, 12, 0.25
4, 7, 8, 72, 13, 0.25
4, 8, 9, 72, 11, 0.25
4, 2, 3, 73, 14, 0.25
4, 2, 5, 73, 8, 0.25
4, 4, 7, 73, 2, 0.25
4, 6, 9, 73, 3, 0.25
4, 7, 8, 73, 12, 0.25
4, 8, 9, 73, 6, 0.25
4, 1, 4, 74, 2, 0.25
4, 2, 5, 74, 13, 0.25
4, 4, 7, 74, 14, 0.25
4, 5, 6, 74, 14, 0.25
4, 5, 8, 74, 15, 0.25
4, 4, 7, 75, 2, 0.25
4, 6, 9, 75, 5, 0.25
4, 8, 9, 75, 5, 0.25
4, 2, 3, 76, 10, 0.25
4, 5, 6, 76, 9, 0.25
4, 5, 8, 76, 9, 0.25
4, 6, 9, 76, 11, 0.25
4, 1, 2, 77, 8, 0.25
4, 4, 7, 77, 11, 0.25
4, 5, 8, 77, 8, 0.25
4, 4, 5, 78, 6, 0.25
4, 4, 7, 78, 8, 0.25
4, 1, 4, 79, 3, 0.25
4, 6, 9, 79, 7, 0.25
4, 2, 5, 80, 5, 0.25
4, 3, 6, 80, 5, 0.25
4, 1, 4, 81, 8, 0.25
4, 8, 9, 81, 8, 0.25
4, 2, 5, 82, 2, 0.25
4, 4, 5, 82, 4, 0.25
4, 5, 6, 82, 6, 0.25
4, 8, 9, 82, 4, 0.25
4, 1, 2, 83, 3, 0.25
4, 3, 6, 85, 1, 0.25
4, 1, 2, 86, 2, 0.25
