k, i, j, t, w, pr
1, 1, 2, 0, 21, 0.25
1, 1, 4, 0, 36, 0.25
1, 2, 3, 0, 26, 0.25
1, 2, 5, 0, 22, 0.25
1, 3, 6, 0, 7, 0.25
1, 4, 5, 0, 5, 0.25
1, 4, 7, 0, 12, 0.25
1, 5, 6, 0, 43, 0.25
1, 5, 8, 0, 21, 0.25
1, 6, 9, 0, 3, 0.25
1, 7, 8, 0, 1, 0.25
1, 8, 9, 0, 31, 0.25
1, 1, 2, 1, 19, 0.25
1, 1, 4, 1, 43, 0.25
1, 2, 3, 1, 26, 0.25
1, 2, 5, 1, 24, 0.25
1, 3, 6, 1, 35, 0.25
1, 4, 5, 1, 13, 0.25
1, 4, 7, 1, 27, 0.25
1, 5, 6, 1, 13, 0.25
1, 5, 8, 1, 40, 0.25
1, 6, 9, 1, 38, 0.25
1, 7, 8, 1, 19, 0.25
1, 8, 9, 1, 30, 0.25
1, 1, 2, 2, 38, 0.25
1, 1, 4, 2, 8, 0.25
1, 2, 3, 2, 16, 0.25
1, 2, 5, 2, 41, 0.25
1, 3, 6, 2, 2, 0.25
1, 4, 5, 2, 22, 0.25
1, 4, 7, 2, 2, 0.25
1, 5, 6, 2, 25, 0.25
1, 5, 8, 2, 4, 0.25
1, 6, 9, 2, 3, 0.25
1, 7, 8, 2, 42, 0.25
1, 8, 9, 2, 13, 0.25
1, 1, 2, 3, 35, 0.25
1, 1, 4, 3, 4, 0.25
1, 2, 3, 3, 39, 0.25
1, 2, 5, 3, 37, 0.25
1, 3, 6, 3, 3, 0.25
1, 4, 5, 3, 11, 0.25
1, 4, 7, 3, 25, 0.25
1, 5, 6, 3, 15, 0.25
1, 5, 8, 3, 41, 0.25
1, 6, 9, 3, 13, 0.25
1, 7, 8, 3, 26, 0.25
1, 8, 9, 3, 7, 0.25
1, 1, 2, 4, 18, 0.25
1, 1, 4, 4, 30, 0.25
1, 2, 3, 4, 42, 0.25
1, 2, 5, 4, 2, 0.25
1, 3, 6, 4, 18, 0.25
1, 4, 5, 4, 39, 0.25
1, 4, 7, 4, 14, 0.25
1, 5, 6, 4, 42, 0.25
1, 5, 8, 4, 24, 0.25
1, 6, 9, 4, 23, 0.25
1, 7, 8, 4, 4, 0.25
1, 8, 9, 4, 14, 0.25
1, 1, 2, 5, 38, 0.25
1, 1, 4, 5, 24, 0.25
1, 2, 3, 5, 44, 0.25
1, 2, 5, 5, 25, 0.25
1, 3, 6, 5, 1, 0.25
1, 4, 5, 5, 6, 0.25
1, 4, 7, 5, 25, 0.25
1, 5, 6, 5, 34, 0.25
1, 5, 8, 5, 39, 0.25
1, 6, 9, 5, 3, 0.25
1, 7, 8, 5, 23, 0.25
1, 8, 9, 5, 23, 0.25
1, 1, 2, 6, 40, 0.25
1, 1, 4, 6, 6, 0.25
1, 2, 3, 6, 6, 0.25
1, 2, 5, 6, 2, 0.25
1, 3, 6, 6, 34, 0.25
1, 4, 5, 6, 27, 0.25
1, 4, 7, 6, 30, 0.25
1, 5, 6, 6, 29, 0.25
1, 5, 8, 6, 28, 0.25
1, 6, 9, 6, 16, 0.25
1, 7, 8, 6, 17, 0.25
1, 8, 9, 6, 9, 0.25
1, 1, 2, 7, 31, 0.25
1, 1, 4, 7, 31, 0.25
1, 2, 3, 7, 15, 0.25
1, 2, 5, 7, 18, 0.25
1, 3, 6, 7, 8, 0.25
1, 4, 5, 7, 31, 0.25
1, 4, 7, 7, 15, 0.25
1, 5, 6, 7, 41, 0.25
1, 5, 8, 7, 24, 0.25
1, 6, 9, 7, 33, 0.25
1, 7, 8, 7, 2, 0.25
1, 8, 9, 7, 22, 0.25
1, 1, 2, 8, 32, 0.25
1, 1, 4, 8, 36, 0.25
1, 2, 3, 8, 6, 0.25
1, 2, 5, 8, 42, 0.25
1, 3, 6, 8, 7, 0.25
1, 4, 5, 8, 29, 0.25
1, 4, 7, 8, 26, 0.25
1, 5, 6, 8, 41, 0.25
1, 5, 8, 8, 9, 0.25
1, 6, 9, 8, 18, 0.25
1, 7, 8, 8, 40, 0.25
1, 8, 9, 8, 16, 0.25
1, 1, 2, 9, 32, 0.25
1, 1, 4, 9, 24, 0.25
1, 2, 3, 9, 8, 0.25
1, 2, 5, 9, 23, 0.25
1, 3, 6, 9, 39, 0.25
1, 4, 5, 9, 27, 0.25
1, 4, 7, 9, 8, 0.25
1, 5, 6, 9, 31, 0.25
1, 5, 8, 9, 43, 0.25
1, 6, 9, 9, 13, 0.25
1, 7, 8, 9, 42, 0.25
1, 8, 9, 9, 13, 0.25
1, 1, 2, 10, 4, 0.25
1, 1, 4, 10, 25, 0.25
1, 2, 3, 10, 34, 0.25
1, 2, 5, 10, 9, 0.25
1, 3, 6, 10, 35, 0.25
1, 4, 5, 10, 43, 0.25
1, 4, 7, 10, 15, 0.25
1, 5, 6, 10, 42, 0.25
1, 5, 8, 10, 42, 0.25
1, 6, 9, 10, 3, 0.25
1, 7, 8, 10, 12, 0.25
1, 8, 9, 10, 25, 0.25
1, 1, 2, 11, 33, 0.25
1, 1, 4, 11, 7, 0.25
1, 2, 3, 11, 1, 0.25
1, 2, 5, 11, 12, 0.25
1, 3, 6, 11, 10, 0.25
1, 4, 5, 11, 25, 0.25
1, 4, 7, 11, 31, 0.25
1, 5, 6, 11, 27, 0.25
1, 5, 8, 11, 31, 0.25
1, 6, 9, 11, 23, 0.25
1, 7, 8, 11, 40, 0.25
1, 8, 9, 11, 19, 0.25
1, 1, 2, 12, 18, 0.25
1, 1, 4, 12, 22, 0.25
1, 2, 3, 12, 30, 0.25
1, 2, 5, 12, 8, 0.25
1, 3, 6, 12, 41, 0.25
1, 4, 5, 12, 14, 0.25
1, 4, 7, 12, 3, 0.25
1, 5, 6, 12, 8, 0.25
1, 5, 8, 12, 39, 0.25
1, 6, 9, 12, 40, 0.25
1, 7, 8, 12, 14, 0.25
1, 8, 9, 12, 39, 0.25
1, 1, 2, 13, 14, 0.25
1, 1, 4, 13, 34, 0.25
1, 2, 3, 13, 14, 0.25
1, 2, 5, 13, 29, 0.25
1, 3, 6, 13, 42, 0.25
1, 4, 5, 13, 14, 0.25
1, 4, 7, 13, 23, 0.25
1, 5, 6, 13, 11, 0.25
1, 5, 8, 13, 17, 0.25
1, 6, 9, 13, 42, 0.25
1, 7, 8, 13, 16, 0.25
1, 8, 9, 13, 35, 0.25
1, 1, 2, 14, 28, 0.25
1, 1, 4, 14, 7, 0.25
1, 2, 3, 14, 7, 0.25
1, 2, 5, 14, 32, 0.25
1, 3, 6, 14, 13, 0.25
1, 4, 5, 14, 38, 0.25
1, 4, 7, 14, 33, 0.25
1, 5, 6, 14, 27, 0.25
1, 5, 8, 14, 17, 0.25
1, 6, 9, 14, 17, 0.25
1, 7, 8, 14, 24, 0.25
1, 8, 9, 14, 44, 0.25
1, 1, 2, 15, 27, 0.25
1, 1, 4, 15, 6, 0.25
1, 2, 3, 15, 27, 0.25
1, 2, 5, 15, 30, 0.25
1, 3, 6, 15, 18, 0.25
1, 4, 5, 15, 16, 0.25
1, 4, 7, 15, 41, 0.25
1, 5, 6, 15, 23, 0.25
1, 5, 8, 15, 37, 0.25
1, 6, 9, 15, 24, 0.25
1, 7, 8, 15, 3, 0.25
1, 8, 9, 15, 37, 0.25
1, 1, 2, 16, 16, 0.25
1, 1, 4, 16, 12, 0.25
1, 2, 3, 16, 43, 0.25
1, 2, 5, 16, 21, 0.25
1, 3, 6, 16, 6, 0.25
1, 4, 5, 16, 32, 0.25
1, 4, 7, 16, 11, 0.25
1, 5, 6, 16, 17, 0.25
1, 5, 8, 16, 7, 0.25
1, 6, 9, 16, 21, 0.25
1, 7, 8, 16, 36, 0.25
1, 8, 9, 16, 27, 0.25
1, 1, 2, 17, 24, 0.25
1, 1, 4, 17, 30, 0.25
1, 2, 3, 17, 23, 0.25
1, 2, 5, 17, 17, 0.25
1, 3, 6, 17, 15, 0.25
1, 4, 5, 17, 26, 0.25
1, 4, 7, 17, 24, 0.25
1, 5, 6, 17, 22, 0.25
1, 5, 8, 17, 23, 0.25
1, 6, 9, 17, 1, 0.25
1, 7, 8, 17, 41, 0.25
1, 8, 9, 17, 43, 0.25
1, 1, 2, 18, 30, 0.25
1, 1, 4, 18, 8, 0.25
1, 2, 3, 18, 5, 0.25
1, 2, 5, 18, 32, 0.25
1, 3, 6, 18, 28, 0.25
1, 4, 5, 18, 22, 0.25
1, 4, 7, 18, 2, 0.25
1, 5, 6, 18, 43, 0.25
1, 5, 8, 18, 41, 0.25
1, 6, 9, 18, 17, 0.25
1, 7, 8, 18, 43, 0.25
1, 8, 9, 18, 24, 0.25
1, 1, 2, 19, 3, 0.25
1, 1, 4, 19, 15, 0.25
1, 2, 3, 19, 9, 0.25
1, 2, 5, 19, 23, 0.25
1, 3, 6, 19, 10, 0.25
1, 4, 5, 19, 18, 0.25
1, 4, 7, 19, 21, 0.25
1, 5, 6, 19, 41, 0.25
1, 5, 8, 19, 4, 0.25
1, 6, 9, 19, 3, 0.25
1, 7, 8, 19, 6, 0.25
1, 8, 9, 19, 35, 0.25
1, 1, 2, 20, 2, 0.25
1, 1, 4, 20, 24, 0.25
1, 2, 3, 20, 27, 0.25
1, 2, 5, 20, 2, 0.25
1, 3, 6, 20, 29, 0.25
1, 4, 5, 20, 20, 0.25
1, 4, 7, 20, 15, 0.25
1, 5, 6, 20, 26, 0.25
1, 5, 8, 20, 42, 0.25
1, 6, 9, 20, 13, 0.25
1, 7, 8, 20, 44, 0.25
1, 8, 9, 20, 34, 0.25
1, 1, 2, 21, 16, 0.25
1, 1, 4, 21, 10, 0.25
1, 2, 3, 21, 41, 0.25
1, 2, 5, 21, 41, 0.25
1, 3, 6, 21, 5, 0.25
1, 4, 5, 21, 13, 0.25
1, 4, 7, 21, 9, 0.25
1, 5, 6, 21, 11, 0.25
1, 5, 8, 21, 12, 0.25
1, 6, 9, 21, 32, 0.25
1, 7, 8, 21, 22, 0.25
1, 8, 9, 21, 20, 0.25
1, 1, 2, 22, 21, 0.25
1, 1, 4, 22, 22, 0.25
1, 2, 3, 22, 37, 0.25
1, 2, 5, 22, 35, 0.25
1, 3, 6, 22, 22, 0.25
1, 4, 5, 22, 39, 0.25
1, 4, 7, 22, 22, 0.25
1, 5, 6, 22, 6, 0.25
1, 5, 8, 22, 13, 0.25
1, 6, 9, 22, 6, 0.25
1, 7, 8, 22, 30, 0.25
1, 8, 9, 22, 3, 0.25
1, 1, 2, 23, 35, 0.25
1, 1, 4, 23, 28, 0.25
1, 2, 3, 23, 44, 0.25
1, 2, 5, 23, 32, 0.25
1, 3, 6, 23, 10, 0.25
1, 4, 5, 23, 17, 0.25
1, 4, 7, 23, 15, 0.25
1, 5, 6, 23, 15, 0.25
1, 5, 8, 23, 34, 0.25
1, 6, 9, 23, 24, 0.25
1, 7, 8, 23, 24, 0.25
1, 8, 9, 23, 33, 0.25
1, 1, 2, 24, 18, 0.25
1, 1, 4, 24, 35, 0.25
1, 2, 3, 24, 25, 0.25
1, 2, 5, 24, 10, 0.25
1, 3, 6, 24, 27, 0.25
1, 4, 5, 24, 23, 0.25
1, 4, 7, 24, 6, 0.25
1, 5, 6, 24, 26, 0.25
1, 5, 8, 24, 34, 0.25
1, 6, 9, 24, 40, 0.25
1, 7, 8, 24, 16, 0.25
1, 8, 9, 24, 33, 0.25
1, 1, 2, 25, 41, 0.25
1, 1, 4, 25, 30, 0.25
1, 2, 3, 25, 40, 0.25
1, 2, 5, 25, 6, 0.25
1, 3, 6, 25, 40, 0.25
1, 4, 5, 25, 39, 0.25
1, 4, 7, 25, 19, 0.25
1, 5, 6, 25, 34, 0.25
1, 5, 8, 25, 2, 0.25
1, 6, 9, 25, 5, 0.25
1, 7, 8, 25, 26, 0.25
1, 8, 9, 25, 5, 0.25
1, 1, 2, 26, 19, 0.25
1, 1, 4, 26, 22, 0.25
1, 2, 3, 26, 12, 0.25
1, 2, 5, 26, 9, 0.25
1, 3, 6, 26, 11, 0.25
1, 4, 5, 26, 37, 0.25
1, 4, 7, 26, 25, 0.25
1, 5, 6, 26, 33, 0.25
1, 5, 8, 26, 36, 0.25
1, 6, 9, 26, 6, 0.25
1, 7, 8, 26, 23, 0.25
1, 8, 9, 26, 15, 0.25
1, 1, 2, 27, 40, 0.25
1, 1, 4, 27, 23, 0.25
1, 2, 3, 27, 31, 0.25
1, 2, 5, 27, 20, 0.25
1, 3, 6, 27, 26, 0.25
1, 4, 5, 27, 32, 0.25
1, 4, 7, 27, 37, 0.25
1, 5, 6, 27, 32, 0.25
1, 5, 8, 27, 41, 0.25
1, 6, 9, 27, 19, 0.25
1, 7, 8, 27, 32, 0.25
1, 8, 9, 27, 32, 0.25
1, 1, 2, 28, 11, 0.25
1, 1, 4, 28, 27, 0.25
1, 2, 3, 28, 25, 0.25
1, 2, 5, 28, 29, 0.25
1, 3, 6, 28, 24, 0.25
1, 4, 5, 28, 25, 0.25
1, 4, 7, 28, 15, 0.25
1, 5, 6, 28, 30, 0.25
1, 5, 8, 28, 29, 0.25
1, 6, 9, 28, 44, 0.25
1, 7, 8, 28, 16, 0.25
1, 8, 9, 28, 12, 0.25
1, 1, 2, 29, 17, 0.25
1, 1, 4, 29, 22, 0.25
1, 2, 3, 29, 10, 0.25
1, 2, 5, 29, 7, 0.25
1, 3, 6, 29, 1, 0.25
1, 4, 5, 29, 21, 0.25
1, 4, 7, 29, 23, 0.25
1, 5, 6, 29, 35, 0.25
1, 5, 8, 29, 30, 0.25
1, 6, 9, 29, 44, 0.25
1, 7, 8, 29, 41, 0.25
1, 8, 9, 29, 13, 0.25
1, 1, 2, 30, 16, 0.25
1, 1, 4, 30, 10, 0.25
1, 2, 3, 30, 14, 0.25
1, 2, 5, 30, 16, 0.25
1, 3, 6, 30, 42, 0.25
1, 4, 5, 30, 17, 0.25
1, 4, 7, 30, 20, 0.25
1, 5, 6, 30, 28, 0.25
1, 5, 8, 30, 32, 0.25
1, 6, 9, 30, 23, 0.25
1, 7, 8, 30, 12, 0.25
1, 8, 9, 30, 12, 0.25
1, 1, 2, 31, 16, 0.25
1, 1, 4, 31, 19, 0.25
1, 2, 3, 31, 26, 0.25
1, 2, 5, 31, 3, 0.25
1, 3, 6, 31, 33, 0.25
1, 4, 5, 31, 38, 0.25
1, 4, 7, 31, 29, 0.25
1, 5, 6, 31, 10, 0.25
1, 5, 8, 31, 24, 0.25
1, 6, 9, 31, 33, 0.25
1, 7, 8, 31, 38, 0.25
1, 8, 9, 31, 37, 0.25
1, 1, 2, 32, 16, 0.25
1, 1, 4, 32, 2, 0.25
1, 2, 3, 32, 18, 0.25
1, 2, 5, 32, 15, 0.25
1, 3, 6, 32, 42, 0.25
1, 4, 5, 32, 10, 0.25
1, 4, 7, 32, 39, 0.25
1, 5, 6, 32, 24, 0.25
1, 5, 8, 32, 41, 0.25
1, 6, 9, 32, 36, 0.25
1, 7, 8, 32, 20, 0.25
1, 8, 9, 32, 22, 0.25
1, 1, 2, 33, 33, 0.25
1, 1, 4, 33, 19, 0.25
1, 2, 3, 33, 35, 0.25
1, 2, 5, 33, 21, 0.25
1, 3, 6, 33, 16, 0.25
1, 4, 5, 33, 37, 0.25
1, 4, 7, 33, 20, 0.25
1, 5, 6, 33, 23, 0.25
1, 5, 8, 33, 12, 0.25
1, 6, 9, 33, 29, 0.25
1, 7, 8, 33, 9, 0.25
1, 8, 9, 33, 32, 0.25
1, 1, 2, 34, 32, 0.25
1, 1, 4, 34, 31, 0.25
1, 2, 3, 34, 21, 0.25
1, 2, 5, 34, 35, 0.25
1, 3, 6, 34, 40, 0.25
1, 4, 5, 34, 19, 0.25
1, 4, 7, 34, 32, 0.25
1, 5, 6, 34, 7, 0.25
1, 5, 8, 34, 15, 0.25
1, 6, 9, 34, 22, 0.25
1, 7, 8, 34, 9, 0.25
1, 8, 9, 34, 19, 0.25
1, 1, 2, 35, 20, 0.25
1, 1, 4, 35, 16, 0.25
1, 2, 3, 35, 29, 0.25
1, 2, 5, 35, 26, 0.25
1, 3, 6, 35, 10, 0.25
1, 4, 5, 35, 24, 0.25
1, 4, 7, 35, 32, 0.25
1, 5, 6, 35, 15, 0.25
1, 5, 8, 35, 34, 0.25
1, 6, 9, 35, 24, 0.25
1, 7, 8, 35, 37, 0.25
1, 8, 9, 35, 20, 0.25
1, 1, 2, 36, 35, 0.25
1, 1, 4, 36, 34, 0.25
1, 2, 3, 36, 14, 0.25
1, 2, 5, 36, 39, 0.25
1, 3, 6, 36, 28, 0.25
1, 4, 5, 36, 40, 0.25
1, 4, 7, 36, 2, 0.25
1, 5, 6, 36, 13, 0.25
1, 5, 8, 36, 17, 0.25
1, 6, 9, 36, 36, 0.25
1, 7, 8, 36, 44, 0.25
1, 8, 9, 36, 44, 0.25
1, 1, 2, 37, 2, 0.25
1, 1, 4, 37, 39, 0.25
1, 2, 3, 37, 38, 0.25
1, 2, 5, 37, 18, 0.25
1, 3, 6, 37, 5, 0.25
1, 4, 5, 37, 20, 0.25
1, 4, 7, 37, 22, 0.25
1, 5, 6, 37, 22, 0.25
1, 5, 8, 37, 31, 0.25
1, 6, 9, 37, 2, 0.25
1, 7, 8, 37, 36, 0.25
1, 8, 9, 37, 38, 0.25
1, 1, 2, 38, 11, 0.25
1, 1, 4, 38, 7, 0.25
1, 2, 3, 38, 12, 0.25
1, 2, 5, 38, 18, 0.25
1, 3, 6, 38, 27, 0.25
1, 4, 5, 38, 40, 0.25
1, 4, 7, 38, 2, 0.25
1, 5, 6, 38, 21, 0.25
1, 5, 8, 38, 24, 0.25
1, 6, 9, 38, 43, 0.25
1, 7, 8, 38, 15, 0.25
1, 8, 9, 38, 21, 0.25
1, 1, 2, 39, 39, 0.25
1, 1, 4, 39, 32, 0.25
1, 2, 3, 39, 23, 0.25
1, 2, 5, 39, 13, 0.25
1, 3, 6, 39, 23, 0.25
1, 4, 5, 39, 1, 0.25
1, 4, 7, 39, 37, 0.25
1, 5, 6, 39, 16, 0.25
1, 5, 8, 39, 27, 0.25
1, 6, 9, 39, 36, 0.25
1, 7, 8, 39, 24, 0.25
1, 8, 9, 39, 2, 0.25
1, 1, 2, 40, 28, 0.25
1, 1, 4, 40, 13, 0.25
1, 2, 3, 40, 6, 0.25
1, 2, 5, 40, 7, 0.25
1, 3, 6, 40, 6, 0.25
1, 4, 5, 40, 17, 0.25
1, 4, 7, 40, 15, 0.25
1, 5, 6, 40, 34, 0.25
1, 5, 8, 40, 21, 0.25
1, 6, 9, 40, 24, 0.25
1, 7, 8, 40, 25, 0.25
1, 8, 9, 40, 17, 0.25
1, 1, 2, 41, 27, 0.25
1, 1, 4, 41, 10, 0.25
1, 2, 3, 41, 28, 0.25
1, 2, 5, 41, 16, 0.25
1, 3, 6, 41, 7, 0.25
1, 4, 5, 41, 23, 0.25
1, 4, 7, 41, 28, 0.25
1, 5, 6, 41, 19, 0.25
1, 5, 8, 41, 5, 0.25
1, 6, 9, 41, 26, 0.25
1, 7, 8, 41, 8, 0.25
1, 8, 9, 41, 35, 0.25
1, 1, 2, 42, 34, 0.25
1, 1, 4, 42, 36, 0.25
1, 2, 3, 42, 30, 0.25
1, 2, 5, 42, 7, 0.25
1, 3, 6, 42, 8, 0.25
1, 4, 5, 42, 29, 0.25
1, 4, 7, 42, 26, 0.25
1, 5, 6, 42, 17, 0.25
1, 5, 8, 42, 31, 0.25
1, 6, 9, 42, 7, 0.25
1, 7, 8, 42, 13, 0.25
1, 8, 9, 42, 19, 0.25
1, 1, 2, 43, 1, 0.25
1, 1, 4, 43, 18, 0.25
1, 2, 3, 43, 41, 0.25
1, 2, 5, 43, 9, 0.25
1, 3, 6, 43, 30, 0.25
1, 4, 5, 43, 1, 0.25
1, 4, 7, 43, 39, 0.25
1, 5, 6, 43, 26, 0.25
1, 5, 8, 43, 26, 0.25
1, 6, 9, 43, 14, 0.25
1, 7, 8, 43, 13, 0.25
1, 8, 9, 43, 35, 0.25
1, 1, 2, 44, 2, 0.25
1, 1, 4, 44, 30, 0.25
1, 2, 3, 44, 27, 0.25
1, 2, 5, 44, 2, 0.25
1, 3, 6, 44, 28, 0.25
1, 4, 5, 44, 40, 0.25
1, 4, 7, 44, 8, 0.25
1, 5, 6, 44, 20, 0.25
1, 5, 8, 44, 11, 0.25
1, 6, 9, 44, 13, 0.25
1, 7, 8, 44, 27, 0.25
1, 8, 9, 44, 5, 0.25
1, 1, 2, 45, 17, 0.25
1, 1, 4, 45, 34, 0.25
1, 2, 3, 45, 7, 0.25
1, 2, 5, 45, 28, 0.25
1, 3, 6, 45, 14, 0.25
1, 4, 5, 45, 9, 0.25
1, 4, 7, 45, 17, 0.25
1, 5, 6, 45, 14, 0.25
1, 5, 8, 45, 24, 0.25
1, 6, 9, 45, 17, 0.25
1, 7, 8, 45, 10, 0.25
1, 8, 9, 45, 32, 0.25
1, 1, 2, 46, 25, 0.25
1, 1, 4, 46, 35, 0.25
1, 2, 3, 46, 11, 0.25
1, 2, 5, 46, 31, 0.25
1, 3, 6, 46, 34, 0.25
1, 4, 5, 46, 6, 0.25
1, 4, 7, 46, 36, 0.25
1, 5, 6, 46, 18, 0.25
1, 5, 8, 46, 21, 0.25
1, 6, 9, 46, 38, 0.25
1, 7, 8, 46, 30, 0.25
1, 8, 9, 46, 32, 0.25
1, 1, 2, 47, 28, 0.25
1, 1, 4, 47, 11, 0.25
1, 2, 3, 47, 2, 0.25
1, 2, 5, 47, 33, 0.25
1, 3, 6, 47, 20, 0.25
1, 4, 5, 47, 34, 0.25
1, 4, 7, 47, 17, 0.25
1, 5, 6, 47, 28, 0.25
1, 5, 8, 47, 16, 0.25
1, 6, 9, 47, 13, 0.25
1, 7, 8, 47, 19, 0.25
1, 8, 9, 47, 29, 0.25
1, 1, 2, 48, 3, 0.25
1, 2, 3, 48, 27, 0.25
1, 2, 5, 48, 32, 0.25
1, 3, 6, 48, 13, 0.25
1, 4, 5, 48, 13, 0.25
1, 4, 7, 48, 33, 0.25
1, 5, 6, 48, 2, 0.25
1, 5, 8, 48, 35, 0.25
1, 6, 9, 48, 5, 0.25
1, 8, 9, 48, 28, 0.25
1, 1, 4, 49, 3, 0.25
1, 2, 5, 49, 21, 0.25
1, 3, 6, 49, 28, 0.25
1, 4, 5, 49, 33, 0.25
1, 4, 7, 49, 7, 0.25
1, 5, 6, 49, 27, 0.25
1, 5, 8, 49, 25, 0.25
1, 6, 9, 49, 9, 0.25
1, 7, 8, 49, 38, 0.25
1, 8, 9, 49, 18, 0.25
1, 1, 2, 50, 33, 0.25
1, 1, 4, 50, 8, 0.25
1, 2, 3, 50, 11, 0.25
1, 2, 5, 50, 26, 0.25
1, 3, 6, 50, 25, 0.25
1, 4, 5, 50, 39, 0.25
1, 4, 7, 50, 4, 0.25
1, 5, 6, 50, 26, 0.25
1, 7, 8, 50, 33, 0.25
1, 8, 9, 50, 10, 0.25
1, 1, 2, 51, 11, 0.25
1, 1, 4, 51, 34, 0.25
1, 2, 3, 51, 9, 0.25
1, 2, 5, 51, 38, 0.25
1, 3, 6, 51, 11, 0.25
1, 4, 5, 51, 33, 0.25
1, 4, 7, 51, 25, 0.25
1, 5, 6, 51, 11, 0.25
1, 5, 8, 51, 21, 0.25
1, 6, 9, 51, 13, 0.25
1, 7, 8, 51, 27, 0.25
1, 8, 9, 51, 35, 0.25
1, 1, 2, 52, 19, 0.25
1, 1, 4, 52, 6, 0.25
1, 2, 3, 52, 34, 0.25
1, 2, 5, 52, 9, 0.25
1, 3, 6, 52, 8, 0.25
1, 4, 5, 52, 13, 0.25
1, 4, 7, 52, 16, 0.25
1, 5, 6, 52, 3, 0.25
1, 5, 8, 52, 9, 0.25
1, 6, 9, 52, 6, 0.25
1, 8, 9, 52, 6, 0.25
1, 1, 2, 53, 28, 0.25
1, 2, 3, 53, 12, 0.25
1, 2, 5, 53, 10, 0.25
1, 4, 5, 53, 19, 0.25
1, 4, 7, 53, 16, 0.25
1, 5, 6, 53, 18, 0.25
1, 6, 9, 53, 3, 0.25
1, 7, 8, 53, 29, 0.25
1, 8, 9, 53, 18, 0.25
1, 1, 2, 54, 18, 0.25
1, 1, 4, 54, 9, 0.25
1, 2, 3, 54, 23, 0.25
1, 2, 5, 54, 11, 0.25
1, 3, 6, 54, 3, 0.25
1, 4, 5, 54, 4, 0.25
1, 4, 7, 54, 33, 0.25
1, 5, 6, 54, 9, 0.25
1, 6, 9, 54, 16, 0.25
1, 7, 8, 54, 16, 0.25
1, 8, 9, 54, 3, 0.25
1, 1, 2, 55, 31, 0.25
1, 1, 4, 55, 7, 0.25
1, 2, 5, 55, 16, 0.25
1, 3, 6, 55, 18, 0.25
1, 4, 5, 55, 26, 0.25
1, 5, 6, 55, 9, 0.25
1, 5, 8, 55, 12, 0.25
1, 6, 9, 55, 30, 0.25
1, 7, 8, 55, 29, 0.25
1, 8, 9, 55, 1, 0.25
1, 1, 2, 56, 16, 0.25
1, 1, 4, 56, 29, 0.25
1, 2, 3, 56, 8, 0.25
1, 2, 5, 56, 30, 0.25
1, 3, 6, 56, 4, 0.25
1, 4, 5, 56, 28, 0.25
1, 4, 7, 56, 33, 0.25
1, 5, 6, 56, 29, 0.25
1, 7, 8, 56, 25, 0.25
1, 8, 9, 56, 19, 0.25
1, 1, 2, 57, 14, 0.25
1, 2, 3, 57, 17, 0.25
1, 2, 5, 57, 12, 0.25
1, 3, 6, 57, 13, 0.25
1, 4, 5, 57, 5, 0.25
1, 4, 7, 57, 26, 0.25
1, 5, 6, 57, 28, 0.25
1, 5, 8, 57, 24, 0.25
1, 6, 9, 57, 12, 0.25
1, 7, 8, 57, 23, 0.25
1, 8, 9, 57, 12, 0.25
1, 1, 4, 58, 24, 0.25
1, 2, 5, 58, 25, 0.25
1, 3, 6, 58, 9, 0.25
1, 4, 5, 58, 19, 0.25
1, 5, 6, 58, 5, 0.25
1, 5, 8, 58, 29, 0.25
1, 8, 9, 58, 18, 0.25
1, 1, 2, 59, 27, 0.25
1, 1, 4, 59, 16, 0.25
1, 2, 3, 59, 26, 0.25
1, 2, 5, 59, 11, 0.25
1, 3, 6, 59, 18, 0.25
1, 4, 5, 59, 6, 0.25
1, 5, 6, 59, 4, 0.25
1, 5, 8, 59, 16, 0.25
1, 6, 9, 59, 20, 0.25
1, 8, 9, 59, 3, 0.25
1, 1, 4, 60, 13, 0.25
1, 2, 3, 60, 29, 0.25
1, 2, 5, 60, 25, 0.25
1, 4, 5, 60, 15, 0.25
1, 4, 7, 60, 6, 0.25
1, 5, 6, 60, 20, 0.25
1, 7, 8, 60, 23, 0.25
1, 8, 9, 60, 8, 0.25
1, 1, 2, 61, 11, 0.25
1, 1, 4, 61, 23, 0.25
1, 2, 3, 61, 11, 0.25
1, 4, 5, 61, 2, 0.25
1, 7, 8, 61, 21, 0.25
1, 8, 9, 61, 2, 0.25
1, 4, 7, 62, 23, 0.25
1, 6, 9, 62, 11, 0.25
1, 8, 9, 62, 3, 0.25
1, 1, 2, 63, 20, 0.25
1, 2, 3, 63, 9, 0.25
1, 3, 6, 63, 17, 0.25
1, 4, 5, 63, 13, 0.25
1, 5, 6, 63, 8, 0.25
1, 5, 8, 63, 24, 0.25
1, 6, 9, 63, 8, 0.25
1, 8, 9, 63, 25, 0.25
1, 1, 2, 64, 21, 0.25
1, 2, 5, 64, 12, 0.25
1, 5, 6, 64, 11, 0.25
1, 5, 8, 64, 4, 0.25
1, 7, 8, 64, 14, 0.25
1, 1, 2, 65, 14, 0.25
1, 2, 3, 65, 13, 0.25
1, 3, 6, 65, 21, 0.25
1, 4, 5, 65, 16, 0.25
1, 4, 7, 65, 11, 0.25
1, 6, 9, 65, 18, 0.25
1, 7, 8, 65, 12, 0.25
1, 8, 9, 65, 10, 0.25
1, 1, 2, 66, 5, 0.25
1, 2, 3, 66, 1, 0.25
1, 2, 5, 66, 13, 0.25
1, 4, 5, 66, 22, 0.25
1, 4, 7, 66, 12, 0.25
1, 5, 6, 66, 19, 0.25
1, 6, 9, 66, 6, 0.25
1, 8, 9, 66, 9, 0.25
1, 1, 4, 67, 11, 0.25
1, 2, 3, 67, 22, 0.25
1, 3, 6, 67, 4, 0.25
1, 4, 5, 67, 9, 0.25
1, 4, 7, 67, 6, 0.25
1, 6, 9, 67, 16, 0.25
1, 8, 9, 67, 13, 0.25
1, 2, 3, 68, 8, 0.25
1, 3, 6, 68, 5, 0.25
1, 4, 7, 68, 8, 0.25
1, 5, 6, 68, 14, 0.25
1, 8, 9, 68, 6, 0.25
1, 2, 3, 69, 18, 0.25
1, 3, 6, 69, 8, 0.25
1, 4, 5, 69, 11, 0.25
1, 5, 6, 69, 15, 0.25
1, 5, 8, 69, 13, 0.25
1, 6, 9, 69, 2, 0.25
1, 7, 8, 69, 7, 0.25
1, 8, 9, 69, 10, 0.25
1, 2, 3, 70, 17, 0.25
1, 2, 5, 70, 9, 0.25
1, 3, 6, 70, 2, 0.25
1, 4, 7, 70, 12, 0.25
1, 5, 6, 70, 17, 0.25
1, 5, 8, 70, 13, 0.25
1, 7, 8, 70, 17, 0.25
1, 8, 9, 70, 14, 0.25
1, 1, 2, 71, 12, 0.25
1, 1, 4, 71, 17, 0.25
1, 2, 3, 71, 11, 0.25
1, 3, 6, 71, 18, 0.25
1, 4, 5, 71, 6, 0.25
1, 7, 8, 71, 15, 0.25
1, 1, 2, 72, 9, 0.25
1, 4, 5, 72, 10, 0.25
1, 5, 8, 72, 15, 0.25
1, 2, 5, 73, 5, 0.25
1, 1, 2, 74, 6, 0.25
1, 2, 3, 74, 6, 0.25
1, 3, 6, 74, 11, 0.25
1, 4, 7, 74, 14, 0.25
1, 6, 9, 74, 9, 0.25
1, 1, 2, 75, 13, 0.25
1, 1, 4, 75, 2, 0.25
1, 5, 6, 75, 5, 0.25
1, 5, 8, 75, 9, 0.25
1, 1, 4, 76, 4, 0.25
1, 3, 6, 76, 10, 0.25
1, 4, 7, 76, 1, 0.25
1, 5, 6, 76, 10, 0.25
1, 2, 3, 77, 2, 0.25
1, 4, 5, 77, 6, 0.25
1, 5, 8, 77, 4, 0.25
1, 4, 7, 78, 3, 0.25
1, 2, 5, 79, 8, 0.25
1, 3, 6, 79, 8, 0.25
1, 4, 5, 79, 9, 0.25
1, 8, 9, 79, 9, 0.25
1, 1, 2, 80, 7, 0.25
1, 2, 3, 80, 3, 0.25
1, 2, 5, 80, 2, 0.25
1, 4, 7, 80, 6, 0.25
1, 5, 8, 80, 5, 0.25
1, 3, 6, 81, 7, 0.25
1, 4, 7, 81, 4, 0.25
1, 7, 8, 81, 5, 0.25
1, 8, 9, 81, 4, 0.25
1, 4, 5, 82, 5, 0.25
1, 4, 7, 82, 2, 0.25
1, 7, 8, 82, 7, 0.25
1, 2, 5, 83, 3, 0.25
1, 1, 2, 84, 4, 0.25
1, 5, 6, 84, 2, 0.25
1, 2, 3, 87, 2, 0.25
2, 1, 2, 0, 33, 0.25
2, 1, 4, 0, 25, 0.25
2, 2, 3, 0, 32, 0.25
2, 2, 5, 0, 9, 0.25
2, 3, 6, 0, 25, 0.25
2, 4, 5, 0, 27, 0.25
2, 4, 7, 0, 13, 0.25
2, 5, 6, 0, 41, 0.25
2, 5, 8, 0, 43, 0.25
2, 6, 9, 0, 19, 0.25
2, 7, 8, 0, 2, 0.25
2, 8, 9, 0, 34, 0.25
2, 1, 2, 1, 37, 0.25
2, 1, 4, 1, 29, 0.25
2, 2, 3, 1, 34, 0.25
2, 2, 5, 1, 36, 0.25
2, 3, 6, 1, 9, 0.25
2, 4, 5, 1, 2, 0.25
2, 4, 7, 1, 37, 0.25
2, 5, 6, 1, 31, 0.25
2, 5, 8, 1, 20, 0.25
2, 6, 9, 1, 43, 0.25
2, 7, 8, 1, 43, 0.25
2, 8, 9, 1, 2, 0.25
2, 1, 2, 2, 26, 0.25
2, 1, 4, 2, 30, 0.25
2, 2, 3, 2, 44, 0.25
2, 2, 5, 2, 43, 0.25
2, 3, 6, 2, 39, 0.25
2, 4, 5, 2, 37, 0.25
2, 4, 7, 2, 17, 0.25
2, 5, 6, 2, 10, 0.25
2, 5, 8, 2, 6, 0.25
2, 6, 9, 2, 12, 0.25
2, 7, 8, 2, 15, 0.25
2, 8, 9, 2, 21, 0.25
2, 1, 2, 3, 30, 0.25
2, 1, 4, 3, 24, 0.25
2, 2, 3, 3, 22, 0.25
2, 2, 5, 3, 24, 0.25
2, 3, 6, 3, 15, 0.25
2, 4, 5, 3, 39, 0.25
2, 4, 7, 3, 4, 0.25
2, 5, 6, 3, 16, 0.25
2, 5, 8, 3, 15, 0.25
2, 6, 9, 3, 28, 0.25
2, 7, 8, 3, 35, 0.25
2, 8, 9, 3, 13, 0.25
2, 1, 2, 4, 27, 0.25
2, 1, 4, 4, 44, 0.25
2, 2, 3, 4, 15, 0.25
2, 2, 5, 4, 21, 0.25
2, 3, 6, 4, 35, 0.25
2, 4, 5, 4, 11, 0.25
2, 4, 7, 4, 21, 0.25
2, 5, 6, 4, 13, 0.25
2, 5, 8, 4, 27, 0.25
2, 6, 9, 4, 23, 0.25
2, 7, 8, 4, 12, 0.25
2, 8, 9, 4, 3, 0.25
2, 1, 2, 5, 6, 0.25
2, 1, 4, 5, 19, 0.25
2, 2, 3, 5, 30, 0.25
2, 2, 5, 5, 30, 0.25
2, 3, 6, 5, 25, 0.25
2, 4, 5, 5, 23, 0.25
2, 4, 7, 5, 18, 0.25
2, 5, 6, 5, 14, 0.25
2, 5, 8, 5, 35, 0.25
2, 6, 9, 5, 34, 0.25
2, 7, 8, 5, 31, 0.25
2, 8, 9, 5, 3, 0.25
2, 1, 2, 6, 30, 0.25
2, 1, 4, 6, 4, 0.25
2, 2, 3, 6, 24, 0.25
2, 2, 5, 6, 18, 0.25
2, 3, 6, 6, 15, 0.25
2, 4, 5, 6, 8, 0.25
2, 4, 7, 6, 15, 0.25
2, 5, 6, 6, 13, 0.25
2, 5, 8, 6, 9, 0.25
2, 6, 9, 6, 20, 0.25
2, 7, 8, 6, 19, 0.25
2, 8, 9, 6, 8, 0.25
2, 1, 2, 7, 21, 0.25
2, 1, 4, 7, 5, 0.25
2, 2, 3, 7, 19, 0.25
2, 2, 5, 7, 35, 0.25
2, 3, 6, 7, 37, 0.25
2, 4, 5, 7, 41, 0.25
2, 4, 7, 7, 36, 0.25
2, 5, 6, 7, 11, 0.25
2, 5, 8, 7, 18, 0.25
2, 6, 9, 7, 21, 0.25
2, 7, 8, 7, 15, 0.25
2, 8, 9, 7, 21, 0.25
2, 1, 2, 8, 22, 0.25
2, 1, 4, 8, 4, 0.25
2, 2, 3, 8, 7, 0.25
2, 2, 5, 8, 42, 0.25
2, 3, 6, 8, 43, 0.25
2, 4, 5, 8, 19, 0.25
2, 4, 7, 8, 8, 0.25
2, 5, 6, 8, 33, 0.25
2, 5, 8, 8, 9, 0.25
2, 6, 9, 8, 43, 0.25
2, 7, 8, 8, 34, 0.25
2, 8, 9, 8, 4, 0.25
2, 1, 2, 9, 36, 0.25
2, 1, 4, 9, 39, 0.25
2, 2, 3, 9, 30, 0.25
2, 2, 5, 9, 34, 0.25
2, 3, 6, 9, 38, 0.25
2, 4, 5, 9, 31, 0.25
2, 4, 7, 9, 20, 0.25
2, 5, 6, 9, 9, 0.25
2, 5, 8, 9, 3, 0.25
2, 6, 9, 9, 20, 0.25
2, 7, 8, 9, 32, 0.25
2, 8, 9, 9, 31, 0.25
2, 1, 2, 10, 25, 0.25
2, 1, 4, 10, 4, 0.25
2, 2, 3, 10, 21, 0.25
2, 2, 5, 10, 13, 0.25
2, 3, 6, 10, 28, 0.25
2, 4, 5, 10, 6, 0.25
2, 4, 7, 10, 3, 0.25
2, 5, 6, 10, 40, 0.25
2, 5, 8, 10, 17, 0.25
2, 6, 9, 10, 10, 0.25
2, 7, 8, 10, 3, 0.25
2, 8, 9, 10, 25, 0.25
2, 1, 2, 11, 37, 0.25
2, 1, 4, 11, 38, 0.25
2, 2, 3, 11, 43, 0.25
2, 2, 5, 11, 10, 0.25
2, 3, 6, 11, 17, 0.25
2, 4, 5, 11, 31, 0.25
2, 4, 7, 11, 15, 0.25
2, 5, 6, 11, 19, 0.25
2, 5, 8, 11, 13, 0.25
2, 6, 9, 11, 7, 0.25
2, 7, 8, 11, 31, 0.25
2, 8, 9, 11, 38, 0.25
2, 1, 2, 12, 17, 0.25
2, 1, 4, 12, 12, 0.25
2, 2, 3, 12, 2, 0.25
2, 2, 5, 12, 3, 0.25
2, 3, 6, 12, 33, 0.25
2, 4, 5, 12, 36, 0.25
2, 4, 7, 12, 11, 0.25
2, 5, 6, 12, 2, 0.25
2, 5, 8, 12, 25, 0.25
2, 6, 9, 12, 37, 0.25
2, 7, 8, 12, 18, 0.25
2, 8, 9, 12, 20, 0.25
2, 1, 2, 13, 14, 0.25
2, 1, 4, 13, 33, 0.25
2, 2, 3, 13, 8, 0.25
2, 2, 5, 13, 35, 0.25
2, 3, 6, 13, 26, 0.25
2, 4, 5, 13, 44, 0.25
2, 4, 7, 13, 37, 0.25
2, 5, 6, 13, 32, 0.25
2, 5, 8, 13, 41, 0.25
2, 6, 9, 13, 38, 0.25
2, 7, 8, 13, 19, 0.25
2, 8, 9, 13, 28, 0.25
2, 1, 2, 14, 30, 0.25
2, 1, 4, 14, 27, 0.25
2, 2, 3, 14, 2, 0.25
2, 2, 5, 14, 9, 0.25
2, 3, 6, 14, 16, 0.25
2, 4, 5, 14, 25, 0.25
2, 4, 7, 14, 8, 0.25
2, 5, 6, 14, 18, 0.25
2, 5, 8, 14, 33, 0.25
2, 6, 9, 14, 35, 0.25
2, 7, 8, 14, 10, 0.25
2, 8, 9, 14, 42, 0.25
2, 1, 2, 15, 15, 0.25
2, 1, 4, 15, 3, 0.25
2, 2, 3, 15, 41, 0.25
2, 2, 5, 15, 2, 0.25
2, 3, 6, 15, 15, 0.25
2, 4, 5, 15, 14, 0.25
2, 4, 7, 15, 37, 0.25
2, 5, 6, 15, 43, 0.25
2, 5, 8, 15, 6, 0.25
2, 6, 9, 15, 22, 0.25
2, 7, 8, 15, 5, 0.25
2, 8, 9, 15, 31, 0.25
2, 1, 2, 16, 28, 0.25
2, 1, 4, 16, 15, 0.25
2, 2, 3, 16, 33, 0.25
2, 2, 5, 16, 32, 0.25
2, 3, 6, 16, 15, 0.25
2, 4, 5, 16, 22, 0.25
2, 4, 7, 16, 31, 0.25
2, 5, 6, 16, 17, 0.25
2, 5, 8, 16, 16, 0.25
2, 6, 9, 16, 20, 0.25
2, 7, 8, 16, 24, 0.25
2, 8, 9, 16, 1, 0.25
2, 1, 2, 17, 37, 0.25
2, 1, 4, 17, 25, 0.25
2, 2, 3, 17, 42, 0.25
2, 2, 5, 17, 31, 0.25
2, 3, 6, 17, 11, 0.25
2, 4, 5, 17, 13, 0.25
2, 4, 7, 17, 8, 0.25
2, 5, 6, 17, 9, 0.25
2, 5, 8, 17, 12, 0.25
2, 6, 9, 17, 41, 0.25
2, 7, 8, 17, 12, 0.25
2, 8, 9, 17, 13, 0.25
2, 1, 2, 18, 30, 0.25
2, 1, 4, 18, 2, 0.25
2, 2, 3, 18, 38, 0.25
2, 2, 5, 18, 6, 0.25
2, 3, 6, 18, 39, 0.25
2, 4, 5, 18, 17, 0.25
2, 4, 7, 18, 17, 0.25
2, 5, 6, 18, 7, 0.25
2, 5, 8, 18, 22, 0.25
2, 6, 9, 18, 19, 0.25
2, 7, 8, 18, 40, 0.25
2, 8, 9, 18, 13, 0.25
2, 1, 2, 19, 27, 0.25
2, 1, 4, 19, 39, 0.25
2, 2, 3, 19, 5, 0.25
2, 2, 5, 19, 17, 0.25
2, 3, 6, 19, 5, 0.25
2, 4, 5, 19, 27, 0.25
2, 4, 7, 19, 8, 0.25
2, 5, 6, 19, 24, 0.25
2, 5, 8, 19, 2, 0.25
2, 6, 9, 19, 5, 0.25
2, 7, 8, 19, 22, 0.25
2, 8, 9, 19, 42, 0.25
2, 1, 2, 20, 31, 0.25
2, 1, 4, 20, 9, 0.25
2, 2, 3, 20, 12, 0.25
2, 2, 5, 20, 42, 0.25
2, 3, 6, 20, 40, 0.25
2, 4, 5, 20, 9, 0.25
2, 4, 7, 20, 11, 0.25
2, 5, 6, 20, 24, 0.25
2, 5, 8, 20, 40, 0.25
2, 6, 9, 20, 14, 0.25
2, 7, 8, 20, 29, 0.25
2, 8, 9, 20, 39, 0.25
2, 1, 2, 21, 23, 0.25
2, 1, 4, 21, 38, 0.25
2, 2, 3, 21, 18, 0.25
2, 2, 5, 21, 22, 0.25
2, 3, 6, 21, 3, 0.25
2, 4, 5, 21, 39, 0.25
2, 4, 7, 21, 29, 0.25
2, 5, 6, 21, 11, 0.25
2, 5, 8, 21, 20, 0.25
2, 6, 9, 21, 37, 0.25
2, 7, 8, 21, 29, 0.25
2, 8, 9, 21, 6, 0.25
2, 1, 2, 22, 13, 0.25
2, 1, 4, 22, 11, 0.25
2, 2, 3, 22, 24, 0.25
2, 2, 5, 22, 28, 0.25
2, 3, 6, 22, 26, 0.25
2, 4, 5, 22, 6, 0.25
2, 4, 7, 22, 39, 0.25
2, 5, 6, 22, 36, 0.25
2, 5, 8, 22, 28, 0.25
2, 6, 9, 22, 37, 0.25
2, 7, 8, 22, 2, 0.25
2, 8, 9, 22, 4, 0.25
2, 1, 2, 23, 2, 0.25
2, 1, 4, 23, 36, 0.25
2, 2, 3, 23, 3, 0.25
2, 2, 5, 23, 16, 0.25
2, 3, 6, 23, 8, 0.25
2, 4, 5, 23, 8, 0.25
2, 4, 7, 23, 32, 0.25
2, 5, 6, 23, 42, 0.25
2, 5, 8, 23, 19, 0.25
2, 6, 9, 23, 17, 0.25
2, 7, 8, 23, 8, 0.25
2, 8, 9, 23, 11, 0.25
2, 1, 2, 24, 34, 0.25
2, 1, 4, 24, 22, 0.25
2, 2, 3, 24, 10, 0.25
2, 2, 5, 24, 27, 0.25
2, 3, 6, 24, 12, 0.25
2, 4, 5, 24, 13, 0.25
2, 4, 7, 24, 25, 0.25
2, 5, 6, 24, 41, 0.25
2, 5, 8, 24, 12, 0.25
2, 6, 9, 24, 31, 0.25
2, 7, 8, 24, 25, 0.25
2, 8, 9, 24, 15, 0.25
2, 1, 2, 25, 30, 0.25
2, 1, 4, 25, 15, 0.25
2, 2, 3, 25, 10, 0.25
2, 2, 5, 25, 34, 0.25
2, 3, 6, 25, 2, 0.25
2, 4, 5, 25, 6, 0.25
2, 4, 7, 25, 41, 0.25
2, 5, 6, 25, 39, 0.25
2, 5, 8, 25, 10, 0.25
2, 6, 9, 25, 38, 0.25
2, 7, 8, 25, 1, 0.25
2, 8, 9, 25, 44, 0.25
2, 1, 2, 26, 12, 0.25
2, 1, 4, 26, 4, 0.25
2, 2, 3, 26, 25, 0.25
2, 2, 5, 26, 3, 0.25
2, 3, 6, 26, 11, 0.25
2, 4, 5, 26, 25, 0.25
2, 4, 7, 26, 27, 0.25
2, 5, 6, 26, 19, 0.25
2, 5, 8, 26, 34, 0.25
2, 6, 9, 26, 6, 0.25
2, 7, 8, 26, 1, 0.25
2, 8, 9, 26, 29, 0.25
2, 1, 2, 27, 18, 0.25
2, 1, 4, 27, 43, 0.25
2, 2, 3, 27, 38, 0.25
2, 2, 5, 27, 40, 0.25
2, 3, 6, 27, 42, 0.25
2, 4, 5, 27, 41, 0.25
2, 4, 7, 27, 8, 0.25
2, 5, 6, 27, 4, 0.25
2, 5, 8, 27, 41, 0.25
2, 6, 9, 27, 5, 0.25
2, 7, 8, 27, 9, 0.25
2, 8, 9, 27, 2, 0.25
2, 1, 2, 28, 36, 0.25
2, 1, 4, 28, 10, 0.25
2, 2, 3, 28, 3, 0.25
2, 2, 5, 28, 10, 0.25
2, 3, 6, 28, 3, 0.25
2, 4, 5, 28, 24, 0.25
2, 4, 7, 28, 2, 0.25
2, 5, 6, 28, 19, 0.25
2, 5, 8, 28, 27, 0.25
2, 6, 9, 28, 36, 0.25
2, 7, 8, 28, 4, 0.25
2, 8, 9, 28, 1, 0.25
2, 1, 2, 29, 20, 0.25
2, 1, 4, 29, 3, 0.25
2, 2, 3, 29, 17, 0.25
2, 2, 5, 29, 32, 0.25
2, 3, 6, 29, 25, 0.25
2, 4, 5, 29, 13, 0.25
2, 4, 7, 29, 12, 0.25
2, 5, 6, 29, 17, 0.25
2, 5, 8, 29, 19, 0.25
2, 6, 9, 29, 29, 0.25
2, 7, 8, 29, 33, 0.25
2, 8, 9, 29, 33, 0.25
2, 1, 2, 30, 3, 0.25
2, 1, 4, 30, 22, 0.25
2, 2, 3, 30, 16, 0.25
2, 2, 5, 30, 13, 0.25
2, 3, 6, 30, 14, 0.25
2, 4, 5, 30, 36, 0.25
2, 4, 7, 30, 16, 0.25
2, 5, 6, 30, 41, 0.25
2, 5, 8, 30, 34, 0.25
2, 6, 9, 30, 17, 0.25
2, 7, 8, 30, 31, 0.25
2, 8, 9, 30, 25, 0.25
2, 1, 2, 31, 33, 0.25
2, 1, 4, 31, 9, 0.25
2, 2, 3, 31, 8, 0.25
2, 2, 5, 31, 1, 0.25
2, 3, 6, 31, 32, 0.25
2, 4, 5, 31, 28, 0.25
2, 4, 7, 31, 25, 0.25
2, 5, 6, 31, 3, 0.25
2, 5, 8, 31, 5, 0.25
2, 6, 9, 31, 22, 0.25
2, 7, 8, 31, 42, 0.25
2, 8, 9, 31, 4, 0.25
2, 1, 2, 32, 7, 0.25
2, 1, 4, 32, 1, 0.25
2, 2, 3, 32, 7, 0.25
2, 2, 5, 32, 35, 0.25
2, 3, 6, 32, 35, 0.25
2, 4, 5, 32, 24, 0.25
2, 4, 7, 32, 20, 0.25
2, 5, 6, 32, 30, 0.25
2, 5, 8, 32, 9, 0.25
2, 6, 9, 32, 38, 0.25
2, 7, 8, 32, 2, 0.25
2, 8, 9, 32, 29, 0.25
2, 1, 2, 33, 25, 0.25
2, 1, 4, 33, 44, 0.25
2, 2, 3, 33, 20, 0.25
2, 2, 5, 33, 14, 0.25
2, 3, 6, 33, 16, 0.25
2, 4, 5, 33, 19, 0.25
2, 4, 7, 33, 12, 0.25
2, 5, 6, 33, 28, 0.25
2, 5, 8, 33, 15, 0.25
2, 6, 9, 33, 14, 0.25
2, 7, 8, 33, 33, 0.25
2, 8, 9, 33, 11, 0.25
2, 1, 2, 34, 6, 0.25
2, 1, 4, 34, 44, 0.25
2, 2, 3, 34, 16, 0.25
2, 2, 5, 34, 13, 0.25
2, 3, 6, 34, 36, 0.25
2, 4, 5, 34, 30, 0.25
2, 4, 7, 34, 16, 0.25
2, 5, 6, 34, 3, 0.25
2, 5, 8, 34, 31, 0.25
2, 6, 9, 34, 41, 0.25
2, 7, 8, 34, 1, 0.25
2, 8, 9, 34, 35, 0.25
2, 1, 2, 35, 21, 0.25
2, 1, 4, 35, 20, 0.25
2, 2, 3, 35, 31, 0.25
2, 2, 5, 35, 31, 0.25
2, 3, 6, 35, 24, 0.25
2, 4, 5, 35, 24, 0.25
2, 4, 7, 35, 32, 0.25
2, 5, 6, 35, 9, 0.25
2, 5, 8, 35, 25, 0.25
2, 6, 9, 35, 7, 0.25
2, 7, 8, 35, 25, 0.25
2, 8, 9, 35, 37, 0.25
2, 1, 2, 36, 27, 0.25
2, 1, 4, 36, 27, 0.25
2, 2, 3, 36, 36, 0.25
2, 2, 5, 36, 24, 0.25
2, 3, 6, 36, 7, 0.25
2, 4, 5, 36, 23, 0.25
2, 4, 7, 36, 1, 0.25
2, 5, 6, 36, 21, 0.25
2, 5, 8, 36, 32, 0.25
2, 6, 9, 36, 21, 0.25
2, 7, 8, 36, 33, 0.25
2, 8, 9, 36, 27, 0.25
2, 1, 2, 37, 16, 0.25
2, 1, 4, 37, 17, 0.25
2, 2, 3, 37, 35, 0.25
2, 2, 5, 37, 33, 0.25
2, 3, 6, 37, 23, 0.25
2, 4, 5, 37, 39, 0.25
2, 4, 7, 37, 23, 0.25
2, 5, 6, 37, 15, 0.25
2, 5, 8, 37, 4, 0.25
2, 6, 9, 37, 4, 0.25
2, 7, 8, 37, 4, 0.25
2, 8, 9, 37, 40, 0.25
2, 1, 2, 38, 34, 0.25
2, 1, 4, 38, 26, 0.25
2, 2, 3, 38, 23, 0.25
2, 2, 5, 38, 19, 0.25
2, 3, 6, 38, 15, 0.25
2, 4, 5, 38, 32, 0.25
2, 4, 7, 38, 14, 0.25
2, 5, 6, 38, 13, 0.25
2, 5, 8, 38, 8, 0.25
2, 6, 9, 38, 29, 0.25
2, 7, 8, 38, 35, 0.25
2, 8, 9, 38, 32, 0.25
2, 1, 2, 39, 13, 0.25
2, 1, 4, 39, 17, 0.25
2, 2, 3, 39, 20, 0.25
2, 2, 5, 39, 18, 0.25
2, 3, 6, 39, 12, 0.25
2, 4, 5, 39, 43, 0.25
2, 4, 7, 39, 12, 0.25
2, 5, 6, 39, 19, 0.25
2, 5, 8, 39, 34, 0.25
2, 6, 9, 39, 4, 0.25
2, 7, 8, 39, 4, 0.25
2, 8, 9, 39, 6, 0.25
2, 1, 2, 40, 16, 0.25
2, 1, 4, 40, 31, 0.25
2, 2, 3, 40, 39, 0.25
2, 2, 5, 40, 3, 0.25
2, 3, 6, 40, 42, 0.25
2, 4, 5, 40, 15, 0.25
2, 4, 7, 40, 6, 0.25
2, 5, 6, 40, 8, 0.25
2, 5, 8, 40, 17, 0.25
2, 6, 9, 40, 27, 0.25
2, 7, 8, 40, 26, 0.25
2, 8, 9, 40, 20, 0.25
2, 1, 2, 41, 23, 0.25
2, 1, 4, 41, 35, 0.25
2, 2, 3, 41, 21, 0.25
2, 2, 5, 41, 22, 0.25
2, 3, 6, 41, 25, 0.25
2, 4, 5, 41, 29, 0.25
2, 4, 7, 41, 3, 0.25
2, 5, 6, 41, 38, 0.25
2, 5, 8, 41, 9, 0.25
2, 6, 9, 41, 19, 0.25
2, 7, 8, 41, 16, 0.25
2, 8, 9, 41, 5, 0.25
2, 1, 2, 42, 42, 0.25
2, 1, 4, 42, 25, 0.25
2, 2, 3, 42, 20, 0.25
2, 2, 5, 42, 37, 0.25
2, 3, 6, 42, 3, 0.25
2, 4, 5, 42, 25, 0.25
2, 4, 7, 42, 4, 0.25
2, 5, 6, 42, 20, 0.25
2, 5, 8, 42, 12, 0.25
2, 6, 9, 42, 31, 0.25
2, 7, 8, 42, 9, 0.25
2, 8, 9, 42, 16, 0.25
2, 1, 2, 43, 31, 0.25
2, 1, 4, 43, 42, 0.25
2, 2, 3, 43, 7, 0.25
2, 2, 5, 43, 8, 0.25
2, 3, 6, 43, 2, 0.25
2, 4, 5, 43, 20, 0.25
2, 4, 7, 43, 3, 0.25
2, 5, 6, 43, 21, 0.25
2, 5, 8, 43, 34, 0.25
2, 6, 9, 43, 3, 0.25
2, 7, 8, 43, 10, 0.25
2, 8, 9, 43, 3, 0.25
2, 1, 2, 44, 34, 0.25
2, 1, 4, 44, 31, 0.25
2, 2, 3, 44, 25, 0.25
2, 2, 5, 44, 21, 0.25
2, 3, 6, 44, 26, 0.25
2, 4, 5, 44, 17, 0.25
2, 4, 7, 44, 41, 0.25
2, 5, 6, 44, 36, 0.25
2, 5, 8, 44, 31, 0.25
2, 6, 9, 44, 34, 0.25
2, 7, 8, 44, 2, 0.25
2, 8, 9, 44, 22, 0.25
2, 1, 2, 45, 22, 0.25
2, 1, 4, 45, 1, 0.25
2, 2, 3, 45, 36, 0.25
2, 2, 5, 45, 3, 0.25
2, 3, 6, 45, 21, 0.25
2, 4, 5, 45, 16, 0.25
2, 4, 7, 45, 4, 0.25
2, 5, 6, 45, 38, 0.25
2, 5, 8, 45, 35, 0.25
2, 6, 9, 45, 38, 0.25
2, 7, 8, 45, 24, 0.25
2, 8, 9, 45, 25, 0.25
2, 1, 2, 46, 4, 0.25
2, 1, 4, 46, 9, 0.25
2, 2, 3, 46, 27, 0.25
2, 2, 5, 46, 31, 0.25
2, 3, 6, 46, 10, 0.25
2, 4, 5, 46, 6, 0.25
2, 4, 7, 46, 23, 0.25
2, 5, 6, 46, 32, 0.25
2, 5, 8, 46, 34, 0.25
2, 6, 9, 46, 8, 0.25
2, 7, 8, 46, 19, 0.25
2, 8, 9, 46, 43, 0.25
2, 1, 2, 47, 25, 0.25
2, 1, 4, 47, 14, 0.25
2, 2, 3, 47, 10, 0.25
2, 2, 5, 47, 1, 0.25
2, 3, 6, 47, 21, 0.25
2, 4, 5, 47, 23, 0.25
2, 4, 7, 47, 6, 0.25
2, 5, 6, 47, 14, 0.25
2, 5, 8, 47, 9, 0.25
2, 6, 9, 47, 17, 0.25
2, 7, 8, 47, 31, 0.25
2, 8, 9, 47, 34, 0.25
2, 1, 2, 48, 37, 0.25
2, 1, 4, 48, 35, 0.25
2, 2, 3, 48, 20, 0.25
2, 2, 5, 48, 22, 0.25
2, 3, 6, 48, 38, 0.25
2, 4, 5, 48, 4, 0.25
2, 4, 7, 48, 22, 0.25
2, 5, 6, 48, 15, 0.25
2, 5, 8, 48, 33, 0.25
2, 6, 9, 48, 5, 0.25
2, 7, 8, 48, 24, 0.25
2, 8, 9, 48, 21, 0.25
2, 1, 2, 49, 17, 0.25
2, 1, 4, 49, 2, 0.25
2, 2, 3, 49, 15, 0.25
2, 2, 5, 49, 24, 0.25
2, 3, 6, 49, 29, 0.25
2, 4, 5, 49, 32, 0.25
2, 4, 7, 49, 10, 0.25
2, 5, 6, 49, 14, 0.25
2, 5, 8, 49, 2, 0.25
2, 6, 9, 49, 19, 0.25
2, 7, 8, 49, 6, 0.25
2, 8, 9, 49, 14, 0.25
2, 1, 2, 50, 30, 0.25
2, 1, 4, 50, 12, 0.25
2, 2, 3, 50, 32, 0.25
2, 2, 5, 50, 25, 0.25
2, 3, 6, 50, 31, 0.25
2, 4, 5, 50, 35, 0.25
2, 4, 7, 50, 39, 0.25
2, 5, 6, 50, 6, 0.25
2, 5, 8, 50, 28, 0.25
2, 6, 9, 50, 26, 0.25
2, 7, 8, 50, 5, 0.25
2, 8, 9, 50, 30, 0.25
2, 1, 2, 51, 2, 0.25
2, 1, 4, 51, 9, 0.25
2, 2, 3, 51, 28, 0.25
2, 3, 6, 51, 6, 0.25
2, 4, 5, 51, 37, 0.25
2, 4, 7, 51, 26, 0.25
2, 5, 6, 51, 22, 0.25
2, 5, 8, 51, 15, 0.25
2, 6, 9, 51, 14, 0.25
2, 7, 8, 51, 36, 0.25
2, 8, 9, 51, 4, 0.25
2, 1, 2, 52, 10, 0.25
2, 1, 4, 52, 25, 0.25
2, 2, 3, 52, 35, 0.25
2, 2, 5, 52, 37, 0.25
2, 3, 6, 52, 4, 0.25
2, 4, 5, 52, 35, 0.25
2, 5, 6, 52, 22, 0.25
2, 5, 8, 52, 31, 0.25
2, 6, 9, 52, 27, 0.25
2, 7, 8, 52, 27, 0.25
2, 8, 9, 52, 25, 0.25
2, 1, 2, 53, 36, 0.25
2, 1, 4, 53, 7, 0.25
2, 2, 3, 53, 7, 0.25
2, 2, 5, 53, 8, 0.25
2, 4, 7, 53, 25, 0.25
2, 5, 6, 53, 24, 0.25
2, 5, 8, 53, 30, 0.25
2, 6, 9, 53, 32, 0.25
2, 7, 8, 53, 21, 0.25
2, 8, 9, 53, 28, 0.25
2, 1, 2, 54, 17, 0.25
2, 1, 4, 54, 32, 0.25
2, 2, 3, 54, 30, 0.25
2, 2, 5, 54, 17, 0.25
2, 3, 6, 54, 4, 0.25
2, 4, 5, 54, 2, 0.25
2, 5, 8, 54, 10, 0.25
2, 6, 9, 54, 3, 0.25
2, 7, 8, 54, 20, 0.25
2, 8, 9, 54, 9, 0.25
2, 1, 2, 55, 7, 0.25
2, 1, 4, 55, 20, 0.25
2, 2, 3, 55, 33, 0.25
2, 3, 6, 55, 28, 0.25
2, 4, 7, 55, 30, 0.25
2, 5, 6, 55, 12, 0.25
2, 5, 8, 55, 20, 0.25
2, 7, 8, 55, 3, 0.25
2, 8, 9, 55, 5, 0.25
2, 1, 2, 56, 14, 0.25
2, 2, 3, 56, 3, 0.25
2, 2, 5, 56, 21, 0.25
2, 3, 6, 56, 22, 0.25
2, 4, 5, 56, 10, 0.25
2, 4, 7, 56, 12, 0.25
2, 5, 8, 56, 10, 0.25
2, 6, 9, 56, 14, 0.25
2, 7, 8, 56, 27, 0.25
2, 8, 9, 56, 17, 0.25
2, 1, 2, 57, 14, 0.25
2, 1, 4, 57, 3, 0.25
2, 2, 3, 57, 23, 0.25
2, 2, 5, 57, 22, 0.25
2, 3, 6, 57, 13, 0.25
2, 4, 5, 57, 4, 0.25
2, 5, 8, 57, 28, 0.25
2, 6, 9, 57, 26, 0.25
2, 1, 4, 58, 21, 0.25
2, 2, 3, 58, 23, 0.25
2, 2, 5, 58, 12, 0.25
2, 3, 6, 58, 4, 0.25
2, 4, 7, 58, 13, 0.25
2, 5, 6, 58, 11, 0.25
2, 5, 8, 58, 10, 0.25
2, 6, 9, 58, 30, 0.25
2, 8, 9, 58, 31, 0.25
2, 1, 2, 59, 19, 0.25
2, 2, 3, 59, 20, 0.25
2, 2, 5, 59, 24, 0.25
2, 3, 6, 59, 11, 0.25
2, 4, 5, 59, 26, 0.25
2, 4, 7, 59, 21, 0.25
2, 5, 6, 59, 7, 0.25
2, 5, 8, 59, 11, 0.25
2, 6, 9, 59, 30, 0.25
2, 7, 8, 59, 2, 0.25
2, 1, 2, 60, 26, 0.25
2, 1, 4, 60, 5, 0.25
2, 2, 5, 60, 27, 0.25
2, 4, 5, 60, 23, 0.25
2, 5, 6, 60, 2, 0.25
2, 5, 8, 60, 27, 0.25
2, 6, 9, 60, 16, 0.25
2, 7, 8, 60, 4, 0.25
2, 1, 2, 61, 20, 0.25
2, 2, 3, 61, 27, 0.25
2, 2, 5, 61, 9, 0.25
2, 4, 5, 61, 28, 0.25
2, 4, 7, 61, 28, 0.25
2, 5, 6, 61, 9, 0.25
2, 5, 8, 61, 10, 0.25
2, 3, 6, 62, 19, 0.25
2, 4, 5, 62, 9, 0.25
2, 4, 7, 62, 27, 0.25
2, 5, 8, 62, 17, 0.25
2, 6, 9, 62, 1, 0.25
2, 7, 8, 62, 2, 0.25
2, 8, 9, 62, 22, 0.25
2, 2, 3, 63, 8, 0.25
2, 4, 7, 63, 11, 0.25
2, 5, 6, 63, 7, 0.25
2, 5, 8, 63, 9, 0.25
2, 7, 8, 63, 2, 0.25
2, 1, 4, 64, 15, 0.25
2, 2, 3, 64, 16, 0.25
2, 2, 5, 64, 21, 0.25
2, 3, 6, 64, 12, 0.25
2, 5, 6, 64, 25, 0.25
2, 6, 9, 64, 13, 0.25
2, 2, 3, 65, 24, 0.25
2, 4, 5, 65, 18, 0.25
2, 5, 6, 65, 22, 0.25
2, 5, 8, 65, 11, 0.25
2, 2, 3, 66, 16, 0.25
2, 2, 5, 66, 17, 0.25
2, 4, 5, 66, 7, 0.25
2, 4, 7, 66, 19, 0.25
2, 5, 6, 66, 21, 0.25
2, 5, 8, 66, 16, 0.25
2, 7, 8, 66, 15, 0.25
2, 8, 9, 66, 7, 0.25
2, 2, 3, 67, 18, 0.25
2, 3, 6, 67, 3, 0.25
2, 4, 5, 67, 13, 0.25
2, 4, 7, 67, 11, 0.25
2, 5, 6, 67, 4, 0.25
2, 5, 8, 67, 10, 0.25
2, 8, 9, 67, 13, 0.25
2, 1, 2, 68, 8, 0.25
2, 2, 5, 68, 8, 0.25
2, 5, 6, 68, 8, 0.25
2, 5, 8, 68, 7, 0.25
2, 6, 9, 68, 10, 0.25
2, 2, 3, 69, 2, 0.25
2, 3, 6, 69, 3, 0.25
2, 4, 5, 69, 15, 0.25
2, 5, 6, 69, 2, 0.25
2, 6, 9, 69, 5, 0.25
2, 1, 2, 70, 7, 0.25
2, 1, 4, 70, 18, 0.25
2, 3, 6, 70, 16, 0.25
2, 4, 7, 70, 4, 0.25
2, 6, 9, 70, 2, 0.25
2, 7, 8, 70, 19, 0.25
2, 8, 9, 70, 6, 0.25
2, 2, 5, 71, 6, 0.25
2, 3, 6, 71, 13, 0.25
2, 4, 5, 71, 1, 0.25
2, 4, 7, 71, 15, 0.25
2, 5, 6, 71, 3, 0.25
2, 5, 8, 71, 4, 0.25
2, 1, 4, 72, 15, 0.25
2, 2, 3, 72, 6, 0.25
2, 3, 6, 72, 9, 0.25
2, 4, 5, 72, 15, 0.25
2, 5, 8, 72, 4, 0.25
2, 1, 2, 73, 5, 0.25
2, 1, 4, 73, 7, 0.25
2, 2, 5, 73, 7, 0.25
2, 3, 6, 73, 2, 0.25
2, 4, 5, 73, 3, 0.25
2, 7, 8, 73, 16, 0.25
2, 4, 5, 74, 3, 0.25
2, 4, 7, 74, 9, 0.25
2, 5, 6, 74, 7, 0.25
2, 7, 8, 74, 14, 0.25
2, 8, 9, 74, 4, 0.25
2, 8, 9, 75, 7, 0.25
2, 1, 2, 76, 13, 0.25
2, 1, 4, 76, 2, 0.25
2, 2, 5, 76, 12, 0.25
2, 4, 5, 76, 10, 0.25
2, 4, 7, 76, 8, 0.25
2, 5, 8, 76, 2, 0.25
2, 6, 9, 76, 4, 0.25
2, 1, 2, 77, 5, 0.25
2, 2, 5, 77, 4, 0.25
2, 3, 6, 77, 10, 0.25
2, 4, 5, 77, 4, 0.25
2, 7, 8, 77, 4, 0.25
2, 2, 5, 78, 8, 0.25
2, 4, 7, 78, 3, 0.25
2, 1, 4, 79, 3, 0.25
2, 5, 6, 79, 1, 0.25
2, 7, 8, 79, 7, 0.25
2, 8, 9, 79, 7, 0.25
2, 3, 6, 80, 8, 0.25
2, 4, 5, 80, 2, 0.25
2, 5, 8, 80, 2, 0.25
2, 6, 9, 80, 2, 0.25
2, 5, 6, 81, 8, 0.25
2, 5, 8, 81, 6, 0.25
2, 6, 9, 81, 7, 0.25
2, 8, 9, 81, 4, 0.25
2, 2, 5, 83, 5, 0.25
2, 3, 6, 84, 2, 0.25
2, 6, 9, 86, 3, 0.25
2, 5, 6, 87, 2, 0.25
3, 1, 2, 0, 22, 0.25
3, 1, 4, 0, 30, 0.25
3, 2, 3, 0, 39, 0.25
3, 2, 5, 0, 35, 0.25
3, 3, 6, 0, 2, 0.25
3, 4, 5, 0, 16, 0.25
3, 4, 7, 0, 11, 0.25
3, 5, 6, 0, 42, 0.25
3, 5, 8, 0, 13, 0.25
3, 6, 9, 0, 13, 0.25
3, 7, 8, 0, 4, 0.25
3, 8, 9, 0, 16, 0.25
3, 1, 2, 1, 30, 0.25
3, 1, 4, 1, 16, 0.25
3, 2, 3, 1, 12, 0.25
3, 2, 5, 1, 29, 0.25
3, 3, 6, 1, 34, 0.25
3, 4, 5, 1, 34, 0.25
3, 4, 7, 1, 7, 0.25
3, 5, 6, 1, 36, 0.25
3, 5, 8, 1, 14, 0.25
3, 6, 9, 1, 6, 0.25
3, 7, 8, 1, 37, 0.25
3, 8, 9, 1, 36, 0.25
3, 1, 2, 2, 42, 0.25
3, 1, 4, 2, 26, 0.25
3, 2, 3, 2, 24, 0.25
3, 2, 5, 2, 17, 0.25
3, 3, 6, 2, 41, 0.25
3, 4, 5, 2, 17, 0.25
3, 4, 7, 2, 3, 0.25
3, 5, 6, 2, 22, 0.25
3, 5, 8, 2, 6, 0.25
3, 6, 9, 2, 24, 0.25
3, 7, 8, 2, 15, 0.25
3, 8, 9, 2, 30, 0.25
3, 1, 2, 3, 18, 0.25
3, 1, 4, 3, 8, 0.25
3, 2, 3, 3, 3, 0.25
3, 2, 5, 3, 11, 0.25
3, 3, 6, 3, 13, 0.25
3, 4, 5, 3, 27, 0.25
3, 4, 7, 3, 33, 0.25
3, 5, 6, 3, 7, 0.25
3, 5, 8, 3, 14, 0.25
3, 6, 9, 3, 9, 0.25
3, 7, 8, 3, 21, 0.25
3, 8, 9, 3, 4, 0.25
3, 1, 2, 4, 30, 0.25
3, 1, 4, 4, 31, 0.25
3, 2, 3, 4, 1, 0.25
3, 2, 5, 4, 18, 0.25
3, 3, 6, 4, 34, 0.25
3, 4, 5, 4, 32, 0.25
3, 4, 7, 4, 40, 0.25
3, 5, 6, 4, 1, 0.25
3, 5, 8, 4, 3, 0.25
3, 6, 9, 4, 18, 0.25
3, 7, 8, 4, 14, 0.25
3, 8, 9, 4, 22, 0.25
3, 1, 2, 5, 33, 0.25
3, 1, 4, 5, 12, 0.25
3, 2, 3, 5, 36, 0.25
3, 2, 5, 5, 40, 0.25
3, 3, 6, 5, 35, 0.25
3, 4, 5, 5, 20, 0.25
3, 4, 7, 5, 29, 0.25
3, 5, 6, 5, 5, 0.25
3, 5, 8, 5, 28, 0.25
3, 6, 9, 5, 2, 0.25
3, 7, 8, 5, 5, 0.25
3, 8, 9, 5, 31, 0.25
3, 1, 2, 6, 35, 0.25
3, 1, 4, 6, 19, 0.25
3, 2, 3, 6, 17, 0.25
3, 2, 5, 6, 31, 0.25
3, 3, 6, 6, 13, 0.25
3, 4, 5, 6, 19, 0.25
3, 4, 7, 6, 21, 0.25
3, 5, 6, 6, 41, 0.25
3, 5, 8, 6, 38, 0.25
3, 6, 9, 6, 24, 0.25
3, 7, 8, 6, 16, 0.25
3, 8, 9, 6, 21, 0.25
3, 1, 2, 7, 19, 0.25
3, 1, 4, 7, 14, 0.25
3, 2, 3, 7, 37, 0.25
3, 2, 5, 7, 13, 0.25
3, 3, 6, 7, 28, 0.25
3, 4, 5, 7, 25, 0.25
3, 4, 7, 7, 37, 0.25
3, 5, 6, 7, 13, 0.25
3, 5, 8, 7, 34, 0.25
3, 6, 9, 7, 2, 0.25
3, 7, 8, 7, 44, 0.25
3, 8, 9, 7, 14, 0.25
3, 1, 2, 8, 44, 0.25
3, 1, 4, 8, 18, 0.25
3, 2, 3, 8, 43, 0.25
3, 2, 5, 8, 5, 0.25
3, 3, 6, 8, 44, 0.25
3, 4, 5, 8, 3, 0.25
3, 4, 7, 8, 29, 0.25
3, 5, 6, 8, 32, 0.25
3, 5, 8, 8, 28, 0.25
3, 6, 9, 8, 33, 0.25
3, 7, 8, 8, 20, 0.25
3, 8, 9, 8, 25, 0.25
3, 1, 2, 9, 7, 0.25
3, 1, 4, 9, 18, 0.25
3, 2, 3, 9, 43, 0.25
3, 2, 5, 9, 14, 0.25
3, 3, 6, 9, 16, 0.25
3, 4, 5, 9, 11, 0.25
3, 4, 7, 9, 12, 0.25
3, 5, 6, 9, 39, 0.25
3, 5, 8, 9, 19, 0.25
3, 6, 9, 9, 13, 0.25
3, 7, 8, 9, 17, 0.25
3, 8, 9, 9, 38, 0.25
3, 1, 2, 10, 24, 0.25
3, 1, 4, 10, 3, 0.25
3, 2, 3, 10, 20, 0.25
3, 2, 5, 10, 30, 0.25
3, 3, 6, 10, 14, 0.25
3, 4, 5, 10, 7, 0.25
3, 4, 7, 10, 13, 0.25
3, 5, 6, 10, 12, 0.25
3, 5, 8, 10, 41, 0.25
3, 6, 9, 10, 17, 0.25
3, 7, 8, 10, 41, 0.25
3, 8, 9, 10, 38, 0.25
3, 1, 2, 11, 6, 0.25
3, 1, 4, 11, 17, 0.25
3, 2, 3, 11, 26, 0.25
3, 2, 5, 11, 8, 0.25
3, 3, 6, 11, 7, 0.25
3, 4, 5, 11, 20, 0.25
3, 4, 7, 11, 2, 0.25
3, 5, 6, 11, 37, 0.25
3, 5, 8, 11, 26, 0.25
3, 6, 9, 11, 35, 0.25
3, 7, 8, 11, 12, 0.25
3, 8, 9, 11, 28, 0.25
3, 1, 2, 12, 28, 0.25
3, 1, 4, 12, 41, 0.25
3, 2, 3, 12, 1, 0.25
3, 2, 5, 12, 41, 0.25
3, 3, 6, 12, 37, 0.25
3, 4, 5, 12, 30, 0.25
3, 4, 7, 12, 1, 0.25
3, 5, 6, 12, 38, 0.25
3, 5, 8, 12, 27, 0.25
3, 6, 9, 12, 14, 0.25
3, 7, 8, 12, 9, 0.25
3, 8, 9, 12, 43, 0.25
3, 1, 2, 13, 31, 0.25
3, 1, 4, 13, 31, 0.25
3, 2, 3, 13, 10, 0.25
3, 2, 5, 13, 20, 0.25
3, 3, 6, 13, 11, 0.25
3, 4, 5, 13, 6, 0.25
3, 4, 7, 13, 3, 0.25
3, 5, 6, 13, 39, 0.25
3, 5, 8, 13, 17, 0.25
3, 6, 9, 13, 30, 0.25
3, 7, 8, 13, 10, 0.25
3, 8, 9, 13, 37, 0.25
3, 1, 2, 14, 6, 0.25
3, 1, 4, 14, 37, 0.25
3, 2, 3, 14, 43, 0.25
3, 2, 5, 14, 29, 0.25
3, 3, 6, 14, 4, 0.25
3, 4, 5, 14, 8, 0.25
3, 4, 7, 14, 18, 0.25
3, 5, 6, 14, 38, 0.25
3, 5, 8, 14, 10, 0.25
3, 6, 9, 14, 39, 0.25
3, 7, 8, 14, 33, 0.25
3, 8, 9, 14, 14, 0.25
3, 1, 2, 15, 7, 0.25
3, 1, 4, 15, 16, 0.25
3, 2, 3, 15, 35, 0.25
3, 2, 5, 15, 24, 0.25
3, 3, 6, 15, 27, 0.25
3, 4, 5, 15, 16, 0.25
3, 4, 7, 15, 13, 0.25
3, 5, 6, 15, 41, 0.25
3, 5, 8, 15, 19, 0.25
3, 6, 9, 15, 29, 0.25
3, 7, 8, 15, 22, 0.25
3, 8, 9, 15, 2, 0.25
3, 1, 2, 16, 38, 0.25
3, 1, 4, 16, 8, 0.25
3, 2, 3, 16, 2, 0.25
3, 2, 5, 16, 37, 0.25
3, 3, 6, 16, 36, 0.25
3, 4, 5, 16, 41, 0.25
3, 4, 7, 16, 34, 0.25
3, 5, 6, 16, 25, 0.25
3, 5, 8, 16, 10, 0.25
3, 6, 9, 16, 25, 0.25
3, 7, 8, 16, 26, 0.25
3, 8, 9, 16, 33, 0.25
3, 1, 2, 17, 30, 0.25
3, 1, 4, 17, 8, 0.25
3, 2, 3, 17, 43, 0.25
3, 2, 5, 17, 1, 0.25
3, 3, 6, 17, 30, 0.25
3, 4, 5, 17, 16, 0.25
3, 4, 7, 17, 8, 0.25
3, 5, 6, 17, 23, 0.25
3, 5, 8, 17, 33, 0.25
3, 6, 9, 17, 24, 0.25
3, 7, 8, 17, 26, 0.25
3, 8, 9, 17, 8, 0.25
3, 1, 2, 18, 35, 0.25
3, 1, 4, 18, 2, 0.25
3, 2, 3, 18, 9, 0.25
3, 2, 5, 18, 10, 0.25
3, 3, 6, 18, 11, 0.25
3, 4, 5, 18, 4, 0.25
3, 4, 7, 18, 39, 0.25
3, 5, 6, 18, 17, 0.25
3, 5, 8, 18, 33, 0.25
3, 6, 9, 18, 26, 0.25
3, 7, 8, 18, 25, 0.25
3, 8, 9, 18, 3, 0.25
3, 1, 2, 19, 9, 0.25
3, 1, 4, 19, 36, 0.25
3, 2, 3, 19, 5, 0.25
3, 2, 5, 19, 26, 0.25
3, 3, 6, 19, 3, 0.25
3, 4, 5, 19, 35, 0.25
3, 4, 7, 19, 14, 0.25
3, 5, 6, 19, 7, 0.25
3, 5, 8, 19, 19, 0.25
3, 6, 9, 19, 27, 0.25
3, 7, 8, 19, 8, 0.25
3, 8, 9, 19, 25, 0.25
3, 1, 2, 20, 17, 0.25
3, 1, 4, 20, 2, 0.25
3, 2, 3, 20, 39, 0.25
3, 2, 5, 20, 23, 0.25
3, 3, 6, 20, 12, 0.25
3, 4, 5, 20, 17, 0.25
3, 4, 7, 20, 21, 0.25
3, 5, 6, 20, 42, 0.25
3, 5, 8, 20, 4, 0.25
3, 6, 9, 20, 3, 0.25
3, 7, 8, 20, 16, 0.25
3, 8, 9, 20, 43, 0.25
3, 1, 2, 21, 17, 0.25
3, 1, 4, 21, 42, 0.25
3, 2, 3, 21, 38, 0.25
3, 2, 5, 21, 28, 0.25
3, 3, 6, 21, 24, 0.25
3, 4, 5, 21, 27, 0.25
3, 4, 7, 21, 16, 0.25
3, 5, 6, 21, 21, 0.25
3, 5, 8, 21, 6, 0.25
3, 6, 9, 21, 29, 0.25
3, 7, 8, 21, 7, 0.25
3, 8, 9, 21, 35, 0.25
3, 1, 2, 22, 8, 0.25
3, 1, 4, 22, 4, 0.25
3, 2, 3, 22, 19, 0.25
3, 2, 5, 22, 29, 0.25
3, 3, 6, 22, 24, 0.25
3, 4, 5, 22, 6, 0.25
3, 4, 7, 22, 26, 0.25
3, 5, 6, 22, 1, 0.25
3, 5, 8, 22, 3, 0.25
3, 6, 9, 22, 3, 0.25
3, 7, 8, 22, 16, 0.25
3, 8, 9, 22, 19, 0.25
3, 1, 2, 23, 40, 0.25
3, 1, 4, 23, 36, 0.25
3, 2, 3, 23, 20, 0.25
3, 2, 5, 23, 18, 0.25
3, 3, 6, 23, 11, 0.25
3, 4, 5, 23, 39, 0.25
3, 4, 7, 23, 15, 0.25
3, 5, 6, 23, 29, 0.25
3, 5, 8, 23, 40, 0.25
3, 6, 9, 23, 32, 0.25
3, 7, 8, 23, 10, 0.25
3, 8, 9, 23, 30, 0.25
3, 1, 2, 24, 27, 0.25
3, 1, 4, 24, 16, 0.25
3, 2, 3, 24, 38, 0.25
3, 2, 5, 24, 10, 0.25
3, 3, 6, 24, 20, 0.25
3, 4, 5, 24, 36, 0.25
3, 4, 7, 24, 20, 0.25
3, 5, 6, 24, 2, 0.25
3, 5, 8, 24, 37, 0.25
3, 6, 9, 24, 30, 0.25
3, 7, 8, 24, 10, 0.25
3, 8, 9, 24, 12, 0.25
3, 1, 2, 25, 25, 0.25
3, 1, 4, 25, 42, 0.25
3, 2, 3, 25, 21, 0.25
3, 2, 5, 25, 36, 0.25
3, 3, 6, 25, 23, 0.25
3, 4, 5, 25, 42, 0.25
3, 4, 7, 25, 1, 0.25
3, 5, 6, 25, 11, 0.25
3, 5, 8, 25, 39, 0.25
3, 6, 9, 25, 28, 0.25
3, 7, 8, 25, 41, 0.25
3, 8, 9, 25, 6, 0.25
3, 1, 2, 26, 24, 0.25
3, 1, 4, 26, 30, 0.25
3, 2, 3, 26, 22, 0.25
3, 2, 5, 26, 2, 0.25
3, 3, 6, 26, 11, 0.25
3, 4, 5, 26, 40, 0.25
3, 4, 7, 26, 38, 0.25
3, 5, 6, 26, 39, 0.25
3, 5, 8, 26, 15, 0.25
3, 6, 9, 26, 17, 0.25
3, 7, 8, 26, 7, 0.25
3, 8, 9, 26, 15, 0.25
3, 1, 2, 27, 41, 0.25
3, 1, 4, 27, 3, 0.25
3, 2, 3, 27, 42, 0.25
3, 2, 5, 27, 16, 0.25
3, 3, 6, 27, 3, 0.25
3, 4, 5, 27, 13, 0.25
3, 4, 7, 27, 14, 0.25
3, 5, 6, 27, 21, 0.25
3, 5, 8, 27, 28, 0.25
3, 6, 9, 27, 13, 0.25
3, 7, 8, 27, 6, 0.25
3, 8, 9, 27, 30, 0.25
3, 1, 2, 28, 31, 0.25
3, 1, 4, 28, 23, 0.25
3, 2, 3, 28, 23, 0.25
3, 2, 5, 28, 17, 0.25
3, 3, 6, 28, 11, 0.25
3, 4, 5, 28, 16, 0.25
3, 4, 7, 28, 42, 0.25
3, 5, 6, 28, 35, 0.25
3, 5, 8, 28, 38, 0.25
3, 6, 9, 28, 13, 0.25
3, 7, 8, 28, 11, 0.25
3, 8, 9, 28, 31, 0.25
3, 1, 2, 29, 24, 0.25
3, 1, 4, 29, 11, 0.25
3, 2, 3, 29, 40, 0.25
3, 2, 5, 29, 4, 0.25
3, 3, 6, 29, 6, 0.25
3, 4, 5, 29, 41, 0.25
3, 4, 7, 29, 12, 0.25
3, 5, 6, 29, 10, 0.25
3, 5, 8, 29, 13, 0.25
3, 6, 9, 29, 15, 0.25
3, 7, 8, 29, 33, 0.25
3, 8, 9, 29, 28, 0.25
3, 1, 2, 30, 27, 0.25
3, 1, 4, 30, 20, 0.25
3, 2, 3, 30, 29, 0.25
3, 2, 5, 30, 44, 0.25
3, 3, 6, 30, 6, 0.25
3, 4, 5, 30, 36, 0.25
3, 4, 7, 30, 27, 0.25
3, 5, 6, 30, 19, 0.25
3, 5, 8, 30, 15, 0.25
3, 6, 9, 30, 17, 0.25
3, 7, 8, 30, 3, 0.25
3, 8, 9, 30, 7, 0.25
3, 1, 2, 31, 21, 0.25
3, 1, 4, 31, 24, 0.25
3, 2, 3, 31, 7, 0.25
3, 2, 5, 31, 32, 0.25
3, 3, 6, 31, 23, 0.25
3, 4, 5, 31, 16, 0.25
3, 4, 7, 31, 16, 0.25
3, 5, 6, 31, 5, 0.25
3, 5, 8, 31, 26, 0.25
3, 6, 9, 31, 16, 0.25
3, 7, 8, 31, 32, 0.25
3, 8, 9, 31, 29, 0.25
3, 1, 2, 32, 19, 0.25
3, 1, 4, 32, 27, 0.25
3, 2, 3, 32, 32, 0.25
3, 2, 5, 32, 30, 0.25
3, 3, 6, 32, 25, 0.25
3, 4, 5, 32, 13, 0.25
3, 4, 7, 32, 12, 0.25
3, 5, 6, 32, 18, 0.25
3, 5, 8, 32, 14, 0.25
3, 6, 9, 32, 28, 0.25
3, 7, 8, 32, 40, 0.25
3, 8, 9, 32, 5, 0.25
3, 1, 2, 33, 5, 0.25
3, 1, 4, 33, 15, 0.25
3, 2, 3, 33, 11, 0.25
3, 2, 5, 33, 6, 0.25
3, 3, 6, 33, 4, 0.25
3, 4, 5, 33, 29, 0.25
3, 4, 7, 33, 18, 0.25
3, 5, 6, 33, 19, 0.25
3, 5, 8, 33, 25, 0.25
3, 6, 9, 33, 42, 0.25
3, 7, 8, 33, 41, 0.25
3, 8, 9, 33, 31, 0.25
3, 1, 2, 34, 11, 0.25
3, 1, 4, 34, 7, 0.25
3, 2, 3, 34, 25, 0.25
3, 2, 5, 34, 9, 0.25
3, 3, 6, 34, 36, 0.25
3, 4, 5, 34, 16, 0.25
3, 4, 7, 34, 27, 0.25
3, 5, 6, 34, 16, 0.25
3, 5, 8, 34, 41, 0.25
3, 6, 9, 34, 32, 0.25
3, 7, 8, 34, 30, 0.25
3, 8, 9, 34, 16, 0.25
3, 1, 2, 35, 7, 0.25
3, 1, 4, 35, 11, 0.25
3, 2, 3, 35, 26, 0.25
3, 2, 5, 35, 30, 0.25
3, 3, 6, 35, 7, 0.25
3, 4, 5, 35, 14, 0.25
3, 4, 7, 35, 10, 0.25
3, 5, 6, 35, 44, 0.25
3, 5, 8, 35, 34, 0.25
3, 6, 9, 35, 3, 0.25
3, 7, 8, 35, 3, 0.25
3, 8, 9, 35, 15, 0.25
3, 1, 2, 36, 7, 0.25
3, 1, 4, 36, 14, 0.25
3, 2, 3, 36, 2, 0.25
3, 2, 5, 36, 30, 0.25
3, 3, 6, 36, 31, 0.25
3, 4, 5, 36, 32, 0.25
3, 4, 7, 36, 17, 0.25
3, 5, 6, 36, 18, 0.25
3, 5, 8, 36, 41, 0.25
3, 6, 9, 36, 4, 0.25
3, 7, 8, 36, 4, 0.25
3, 8, 9, 36, 38, 0.25
3, 1, 2, 37, 3, 0.25
3, 1, 4, 37, 5, 0.25
3, 2, 3, 37, 32, 0.25
3, 2, 5, 37, 39, 0.25
3, 3, 6, 37, 10, 0.25
3, 4, 5, 37, 38, 0.25
3, 4, 7, 37, 12, 0.25
3, 5, 6, 37, 37, 0.25
3, 5, 8, 37, 36, 0.25
3, 6, 9, 37, 15, 0.25
3, 7, 8, 37, 37, 0.25
3, 8, 9, 37, 17, 0.25
3, 1, 2, 38, 10, 0.25
3, 1, 4, 38, 16, 0.25
3, 2, 3, 38, 17, 0.25
3, 2, 5, 38, 35, 0.25
3, 3, 6, 38, 9, 0.25
3, 4, 5, 38, 10, 0.25
3, 4, 7, 38, 16, 0.25
3, 5, 6, 38, 33, 0.25
3, 5, 8, 38, 37, 0.25
3, 6, 9, 38, 21, 0.25
3, 7, 8, 38, 9, 0.25
3, 8, 9, 38, 22, 0.25
3, 1, 2, 39, 2, 0.25
3, 1, 4, 39, 38, 0.25
3, 2, 3, 39, 31, 0.25
3, 2, 5, 39, 7, 0.25
3, 3, 6, 39, 29, 0.25
3, 4, 5, 39, 17, 0.25
3, 4, 7, 39, 25, 0.25
3, 5, 6, 39, 25, 0.25
3, 5, 8, 39, 13, 0.25
3, 6, 9, 39, 6, 0.25
3, 7, 8, 39, 12, 0.25
3, 8, 9, 39, 21, 0.25
3, 1, 2, 40, 12, 0.25
3, 1, 4, 40, 43, 0.25
3, 2, 3, 40, 7, 0.25
3, 2, 5, 40, 21, 0.25
3, 3, 6, 40, 44, 0.25
3, 4, 5, 40, 38, 0.25
3, 4, 7, 40, 34, 0.25
3, 5, 6, 40, 27, 0.25
3, 5, 8, 40, 18, 0.25
3, 6, 9, 40, 22, 0.25
3, 7, 8, 40, 5, 0.25
3, 8, 9, 40, 5, 0.25
3, 1, 2, 41, 13, 0.25
3, 1, 4, 41, 27, 0.25
3, 2, 3, 41, 42, 0.25
3, 2, 5, 41, 6, 0.25
3, 3, 6, 41, 37, 0.25
3, 4, 5, 41, 26, 0.25
3, 4, 7, 41, 6, 0.25
3, 5, 6, 41, 21, 0.25
3, 5, 8, 41, 43, 0.25
3, 6, 9, 41, 15, 0.25
3, 7, 8, 41, 44, 0.25
3, 8, 9, 41, 27, 0.25
3, 1, 2, 42, 23, 0.25
3, 1, 4, 42, 5, 0.25
3, 2, 3, 42, 11, 0.25
3, 2, 5, 42, 24, 0.25
3, 3, 6, 42, 34, 0.25
3, 4, 5, 42, 3, 0.25
3, 4, 7, 42, 18, 0.25
3, 5, 6, 42, 23, 0.25
3, 5, 8, 42, 9, 0.25
3, 6, 9, 42, 35, 0.25
3, 7, 8, 42, 41, 0.25
3, 8, 9, 42, 37, 0.25
3, 1, 2, 43, 7, 0.25
3, 1, 4, 43, 30, 0.25
3, 2, 3, 43, 35, 0.25
3, 2, 5, 43, 20, 0.25
3, 3, 6, 43, 3, 0.25
3, 4, 5, 43, 31, 0.25
3, 4, 7, 43, 32, 0.25
3, 5, 6, 43, 36, 0.25
3, 5, 8, 43, 20, 0.25
3, 6, 9, 43, 16, 0.25
3, 7, 8, 43, 4, 0.25
3, 8, 9, 43, 10, 0.25
3, 1, 2, 44, 22, 0.25
3, 1, 4, 44, 40, 0.25
3, 2, 3, 44, 9, 0.25
3, 2, 5, 44, 44, 0.25
3, 3, 6, 44, 31, 0.25
3, 4, 5, 44, 9, 0.25
3, 4, 7, 44, 7, 0.25
3, 5, 6, 44, 29, 0.25
3, 5, 8, 44, 7, 0.25
3, 6, 9, 44, 38, 0.25
3, 7, 8, 44, 2, 0.25
3, 8, 9, 44, 38, 0.25
3, 1, 2, 45, 23, 0.25
3, 1, 4, 45, 33, 0.25
3, 2, 3, 45, 37, 0.25
3, 2, 5, 45, 33, 0.25
3, 3, 6, 45, 18, 0.25
3, 4, 5, 45, 19, 0.25
3, 4, 7, 45, 27, 0.25
3, 5, 6, 45, 41, 0.25
3, 5, 8, 45, 3, 0.25
3, 6, 9, 45, 6, 0.25
3, 7, 8, 45, 36, 0.25
3, 8, 9, 45, 38, 0.25
3, 1, 2, 46, 7, 0.25
3, 1, 4, 46, 12, 0.25
3, 2, 3, 46, 18, 0.25
3, 2, 5, 46, 25, 0.25
3, 3, 6, 46, 7, 0.25
3, 4, 5, 46, 20, 0.25
3, 4, 7, 46, 24, 0.25
3, 5, 6, 46, 10, 0.25
3, 5, 8, 46, 2, 0.25
3, 6, 9, 46, 18, 0.25
3, 7, 8, 46, 19, 0.25
3, 8, 9, 46, 40, 0.25
3, 1, 2, 47, 6, 0.25
3, 1, 4, 47, 42, 0.25
3, 2, 5, 47, 31, 0.25
3, 3, 6, 47, 34, 0.25
3, 4, 5, 47, 17, 0.25
3, 4, 7, 47, 16, 0.25
3, 5, 6, 47, 15, 0.25
3, 5, 8, 47, 33, 0.25
3, 6, 9, 47, 35, 0.25
3, 7, 8, 47, 8, 0.25
3, 8, 9, 47, 15, 0.25
3, 1, 2, 48, 6, 0.25
3, 1, 4, 48, 1, 0.25
3, 2, 3, 48, 15, 0.25
3, 2, 5, 48, 12, 0.25
3, 3, 6, 48, 19, 0.25
3, 4, 5, 48, 37, 0.25
3, 4, 7, 48, 16, 0.25
3, 5, 6, 48, 17, 0.25
3, 5, 8, 48, 5, 0.25
3, 6, 9, 48, 39, 0.25
3, 7, 8, 48, 12, 0.25
3, 8, 9, 48, 36, 0.25
3, 1, 2, 49, 36, 0.25
3, 1, 4, 49, 31, 0.25
3, 2, 3, 49, 34, 0.25
3, 2, 5, 49, 19, 0.25
3, 3, 6, 49, 8, 0.25
3, 4, 5, 49, 38, 0.25
3, 4, 7, 49, 24, 0.25
3, 5, 6, 49, 13, 0.25
3, 5, 8, 49, 29, 0.25
3, 6, 9, 49, 24, 0.25
3, 7, 8, 49, 3, 0.25
3, 8, 9, 49, 18, 0.25
3, 1, 2, 50, 36, 0.25
3, 1, 4, 50, 18, 0.25
3, 2, 3, 50, 21, 0.25
3, 2, 5, 50, 2, 0.25
3, 3, 6, 50, 35, 0.25
3, 4, 5, 50, 4, 0.25
3, 4, 7, 50, 21, 0.25
3, 5, 6, 50, 4, 0.25
3, 5, 8, 50, 36, 0.25
3, 6, 9, 50, 19, 0.25
3, 7, 8, 50, 6, 0.25
3, 8, 9, 50, 35, 0.25
3, 2, 3, 51, 33, 0.25
3, 2, 5, 51, 26, 0.25
3, 3, 6, 51, 31, 0.25
3, 4, 5, 51, 31, 0.25
3, 4, 7, 51, 4, 0.25
3, 5, 6, 51, 5, 0.25
3, 5, 8, 51, 25, 0.25
3, 6, 9, 51, 37, 0.25
3, 7, 8, 51, 9, 0.25
3, 8, 9, 51, 9, 0.25
3, 1, 4, 52, 13, 0.25
3, 2, 3, 52, 32, 0.25
3, 2, 5, 52, 19, 0.25
3, 3, 6, 52, 37, 0.25
3, 4, 5, 52, 9, 0.25
3, 5, 8, 52, 4, 0.25
3, 6, 9, 52, 4, 0.25
3, 7, 8, 52, 21, 0.25
3, 1, 4, 53, 30, 0.25
3, 2, 3, 53, 29, 0.25
3, 2, 5, 53, 11, 0.25
3, 3, 6, 53, 20, 0.25
3, 4, 5, 53, 26, 0.25
3, 4, 7, 53, 33, 0.25
3, 5, 8, 53, 26, 0.25
3, 6, 9, 53, 7, 0.25
3, 7, 8, 53, 10, 0.25
3, 8, 9, 53, 14, 0.25
3, 1, 2, 54, 25, 0.25
3, 1, 4, 54, 26, 0.25
3, 2, 3, 54, 32, 0.25
3, 2, 5, 54, 25, 0.25
3, 3, 6, 54, 22, 0.25
3, 4, 5, 54, 29, 0.25
3, 5, 6, 54, 20, 0.25
3, 6, 9, 54, 9, 0.25
3, 7, 8, 54, 4, 0.25
3, 8, 9, 54, 20, 0.25
3, 1, 2, 55, 31, 0.25
3, 1, 4, 55, 33, 0.25
3, 2, 3, 55, 13, 0.25
3, 4, 5, 55, 2, 0.25
3, 4, 7, 55, 16, 0.25
3, 5, 6, 55, 5, 0.25
3, 5, 8, 55, 6, 0.25
3, 6, 9, 55, 12, 0.25
3, 7, 8, 55, 13, 0.25
3, 8, 9, 55, 32, 0.25
3, 1, 4, 56, 3, 0.25
3, 2, 3, 56, 12, 0.25
3, 2, 5, 56, 12, 0.25
3, 4, 7, 56, 2, 0.25
3, 5, 6, 56, 5, 0.25
3, 5, 8, 56, 26, 0.25
3, 6, 9, 56, 27, 0.25
3, 7, 8, 56, 21, 0.25
3, 1, 4, 57, 11, 0.25
3, 2, 3, 57, 25, 0.25
3, 2, 5, 57, 4, 0.25
3, 3, 6, 57, 24, 0.25
3, 4, 5, 57, 27, 0.25
3, 4, 7, 57, 31, 0.25
3, 5, 6, 57, 10, 0.25
3, 6, 9, 57, 32, 0.25
3, 7, 8, 57, 9, 0.25
3, 2, 3, 58, 20, 0.25
3, 2, 5, 58, 15, 0.25
3, 3, 6, 58, 11, 0.25
3, 4, 5, 58, 29, 0.25
3, 4, 7, 58, 30, 0.25
3, 7, 8, 58, 25, 0.25
3, 8, 9, 58, 16, 0.25
3, 1, 2, 59, 22, 0.25
3, 2, 3, 59, 27, 0.25
3, 3, 6, 59, 11, 0.25
3, 4, 7, 59, 5, 0.25
3, 5, 6, 59, 13, 0.25
3, 5, 8, 59, 21, 0.25
3, 6, 9, 59, 7, 0.25
3, 7, 8, 59, 17, 0.25
3, 8, 9, 59, 18, 0.25
3, 1, 2, 60, 26, 0.25
3, 1, 4, 60, 18, 0.25
3, 2, 3, 60, 24, 0.25
3, 2, 5, 60, 21, 0.25
3, 3, 6, 60, 26, 0.25
3, 4, 5, 60, 28, 0.25
3, 5, 8, 60, 18, 0.25
3, 7, 8, 60, 6, 0.25
3, 1, 4, 61, 21, 0.25
3, 2, 3, 61, 18, 0.25
3, 3, 6, 61, 7, 0.25
3, 4, 5, 61, 2, 0.25
3, 5, 6, 61, 21, 0.25
3, 5, 8, 61, 25, 0.25
3, 7, 8, 61, 9, 0.25
3, 1, 2, 62, 17, 0.25
3, 1, 4, 62, 21, 0.25
3, 2, 3, 62, 25, 0.25
3, 2, 5, 62, 27, 0.25
3, 3, 6, 62, 7, 0.25
3, 4, 5, 62, 17, 0.25
3, 4, 7, 62, 5, 0.25
3, 5, 6, 62, 17, 0.25
3, 5, 8, 62, 22, 0.25
3, 1, 4, 63, 25, 0.25
3, 2, 3, 63, 8, 0.25
3, 2, 5, 63, 9, 0.25
3, 5, 6, 63, 2, 0.25
3, 6, 9, 63, 10, 0.25
3, 7, 8, 63, 26, 0.25
3, 8, 9, 63, 16, 0.25
3, 1, 4, 64, 1, 0.25
3, 2, 3, 64, 20, 0.25
3, 2, 5, 64, 18, 0.25
3, 5, 6, 64, 18, 0.25
3, 5, 8, 64, 16, 0.25
3, 7, 8, 64, 11, 0.25
3, 8, 9, 64, 19, 0.25
3, 1, 4, 65, 4, 0.25
3, 2, 5, 65, 18, 0.25
3, 3, 6, 65, 10, 0.25
3, 4, 5, 65, 14, 0.25
3, 4, 7, 65, 9, 0.25
3, 5, 6, 65, 19, 0.25
3, 5, 8, 65, 19, 0.25
3, 6, 9, 65, 15, 0.25
3, 7, 8, 65, 11, 0.25
3, 1, 2, 66, 6, 0.25
3, 1, 4, 66, 17, 0.25
3, 3, 6, 66, 19, 0.25
3, 4, 7, 66, 15, 0.25
3, 5, 6, 66, 17, 0.25
3, 1, 2, 67, 5, 0.25
3, 1, 4, 67, 13, 0.25
3, 2, 5, 67, 4, 0.25
3, 4, 5, 67, 3, 0.25
3, 4, 7, 67, 20, 0.25
3, 5, 6, 67, 19, 0.25
3, 7, 8, 67, 19, 0.25
3, 8, 9, 67, 6, 0.25
3, 1, 4, 68, 11, 0.25
3, 4, 5, 68, 11, 0.25
3, 4, 7, 68, 9, 0.25
3, 5, 6, 68, 1, 0.25
3, 1, 2, 69, 11, 0.25
3, 1, 4, 69, 3, 0.25
3, 2, 3, 69, 19, 0.25
3, 5, 6, 69, 10, 0.25
3, 7, 8, 69, 19, 0.25
3, 8, 9, 69, 3, 0.25
3, 1, 4, 70, 18, 0.25
3, 2, 3, 70, 19, 0.25
3, 6, 9, 70, 16, 0.25
3, 7, 8, 70, 10, 0.25
3, 8, 9, 70, 10, 0.25
3, 1, 2, 71, 9, 0.25
3, 1, 4, 71, 18, 0.25
3, 4, 5, 71, 4, 0.25
3, 6, 9, 71, 13, 0.25
3, 7, 8, 71, 4, 0.25
3, 3, 6, 72, 9, 0.25
3, 4, 5, 72, 2, 0.25
3, 4, 7, 72, 15, 0.25
3, 7, 8, 72, 1, 0.25
3, 8, 9, 72, 5, 0.25
3, 1, 4, 73, 16, 0.25
3, 3, 6, 73, 5, 0.25
3, 4, 5, 73, 7, 0.25
3, 6, 9, 73, 7, 0.25
3, 7, 8, 73, 8, 0.25
3, 1, 2, 74, 5, 0.25
3, 4, 5, 74, 13, 0.25
3, 5, 6, 74, 6, 0.25
3, 5, 8, 74, 11, 0.25
3, 7, 8, 74, 10, 0.25
3, 1, 4, 75, 6, 0.25
3, 2, 5, 75, 2, 0.25
3, 4, 7, 75, 5, 0.25
3, 5, 8, 75, 13, 0.25
3, 6, 9, 75, 8, 0.25
3, 7, 8, 75, 13, 0.25
3, 8, 9, 75, 3, 0.25
3, 5, 8, 76, 9, 0.25
3, 8, 9, 77, 8, 0.25
3, 1, 2, 78, 2, 0.25
3, 2, 3, 78, 2, 0.25
3, 5, 8, 78, 1, 0.25
3, 7, 8, 78, 2, 0.25
3, 1, 2, 79, 6, 0.25
3, 3, 6, 79, 7, 0.25
3, 7, 8, 79, 8, 0.25
3, 4, 7, 80, 5, 0.25
3, 5, 8, 80, 7, 0.25
3, 7, 8, 80, 2, 0.25
3, 7, 8, 82, 4, 0.25
3, 8, 9, 82, 6, 0.25
3, 2, 5, 85, 3, 0.25
3, 4, 5, 85, 1, 0.25
3, 5, 6, 85, 3, 0.25
3, 8, 9, 85, 4, 0.25
4, 1, 2, 0, 27, 0.25
4, 1, 4, 0, 13, 0.25
4, 2, 3, 0, 6, 0.25
4, 2, 5, 0, 30, 0.25
4, 3, 6, 0, 33, 0.25
4, 4, 5, 0, 6, 0.25
4, 4, 7, 0, 15, 0.25
4, 5, 6, 0, 26, 0.25
4, 5, 8, 0, 41, 0.25
4, 6, 9, 0, 18, 0.25
4, 7, 8, 0, 42, 0.25
4, 8, 9, 0, 4, 0.25
4, 1, 2, 1, 35, 0.25
4, 1, 4, 1, 8, 0.25
4, 2, 3, 1, 10, 0.25
4, 2, 5, 1, 6, 0.25
4, 3, 6, 1, 38, 0.25
4, 4, 5, 1, 26, 0.25
4, 4, 7, 1, 39, 0.25
4, 5, 6, 1, 32, 0.25
4, 5, 8, 1, 42, 0.25
4, 6, 9, 1, 39, 0.25
4, 7, 8, 1, 21, 0.25
4, 8, 9, 1, 42, 0.25
4, 1, 2, 2, 13, 0.25
4, 1, 4, 2, 35, 0.25
4, 2, 3, 2, 34, 0.25
4, 2, 5, 2, 40, 0.25
4, 3, 6, 2, 31, 0.25
4, 4, 5, 2, 8, 0.25
4, 4, 7, 2, 13, 0.25
4, 5, 6, 2, 24, 0.25
4, 5, 8, 2, 22, 0.25
4, 6, 9, 2, 25, 0.25
4, 7, 8, 2, 38, 0.25
4, 8, 9, 2, 3, 0.25
4, 1, 2, 3, 8, 0.25
4, 1, 4, 3, 42, 0.25
4, 2, 3, 3, 33, 0.25
4, 2, 5, 3, 21, 0.25
4, 3, 6, 3, 24, 0.25
4, 4, 5, 3, 22, 0.25
4, 4, 7, 3, 22, 0.25
4, 5, 6, 3, 26, 0.25
4, 5, 8, 3, 8, 0.25
4, 6, 9, 3, 18, 0.25
4, 7, 8, 3, 19, 0.25
4, 8, 9, 3, 16, 0.25
4, 1, 2, 4, 2, 0.25
4, 1, 4, 4, 3, 0.25
4, 2, 3, 4, 41, 0.25
4, 2, 5, 4, 6, 0.25
4, 3, 6, 4, 24, 0.25
4, 4, 5, 4, 44, 0.25
4, 4, 7, 4, 26, 0.25
4, 5, 6, 4, 32, 0.25
4, 5, 8, 4, 30, 0.25
4, 6, 9, 4, 39, 0.25
4, 7, 8, 4, 14, 0.25
4, 8, 9, 4, 28, 0.25
4, 1, 2, 5, 1, 0.25
4, 1, 4, 5, 14, 0.25
4, 2, 3, 5, 14, 0.25
4, 2, 5, 5, 41, 0.25
4, 3, 6, 5, 44, 0.25
4, 4, 5, 5, 35, 0.25
4, 4, 7, 5, 41, 0.25
4, 5, 6, 5, 30, 0.25
4, 5, 8, 5, 23, 0.25
4, 6, 9, 5, 8, 0.25
4, 7, 8, 5, 43, 0.25
4, 8, 9, 5, 6, 0.25
4, 1, 2, 6, 7, 0.25
4, 1, 4, 6, 43, 0.25
4, 2, 3, 6, 33, 0.25
4, 2, 5, 6, 35, 0.25
4, 3, 6, 6, 28, 0.25
4, 4, 5, 6, 13, 0.25
4, 4, 7, 6, 4, 0.25
4, 5, 6, 6, 9, 0.25
4, 5, 8, 6, 14, 0.25
4, 6, 9, 6, 20, 0.25
4, 7, 8, 6, 13, 0.25
4, 8, 9, 6, 14, 0.25
4, 1, 2, 7, 28, 0.25
4, 1, 4, 7, 15, 0.25
4, 2, 3, 7, 2, 0.25
4, 2, 5, 7, 9, 0.25
4, 3, 6, 7, 26, 0.25
4, 4, 5, 7, 40, 0.25
4, 4, 7, 7, 38, 0.25
4, 5, 6, 7, 14, 0.25
4, 5, 8, 7, 29, 0.25
4, 6, 9, 7, 19, 0.25
4, 7, 8, 7, 41, 0.25
4, 8, 9, 7, 29, 0.25
4, 1, 2, 8, 34, 0.25
4, 1, 4, 8, 35, 0.25
4, 2, 3, 8, 22, 0.25
4, 2, 5, 8, 8, 0.25
4, 3, 6, 8, 2, 0.25
4, 4, 5, 8, 44, 0.25
4, 4, 7, 8, 20, 0.25
4, 5, 6, 8, 5, 0.25
4, 5, 8, 8, 29, 0.25
4, 6, 9, 8, 5, 0.25
4, 7, 8, 8, 17, 0.25
4, 8, 9, 8, 16, 0.25
4, 1, 2, 9, 41, 0.25
4, 1, 4, 9, 35, 0.25
4, 2, 3, 9, 36, 0.25
4, 2, 5, 9, 14, 0.25
4, 3, 6, 9, 29, 0.25
4, 4, 5, 9, 36, 0.25
4, 4, 7, 9, 7, 0.25
4, 5, 6, 9, 43, 0.25
4, 5, 8, 9, 13, 0.25
4, 6, 9, 9, 27, 0.25
4, 7, 8, 9, 31, 0.25
4, 8, 9, 9, 21, 0.25
4, 1, 2, 10, 16, 0.25
4, 1, 4, 10, 4, 0.25
4, 2, 3, 10, 25, 0.25
4, 2, 5, 10, 24, 0.25
4, 3, 6, 10, 23, 0.25
4, 4, 5, 10, 30, 0.25
4, 4, 7, 10, 39, 0.25
4, 5, 6, 10, 22, 0.25
4, 5, 8, 10, 43, 0.25
4, 6, 9, 10, 15, 0.25
4, 7, 8, 10, 26, 0.25
4, 8, 9, 10, 8, 0.25
4, 1, 2, 11, 7, 0.25
4, 1, 4, 11, 17, 0.25
4, 2, 3, 11, 41, 0.25
4, 2, 5, 11, 37, 0.25
4, 3, 6, 11, 39, 0.25
4, 4, 5, 11, 8, 0.25
4, 4, 7, 11, 44, 0.25
4, 5, 6, 11, 10, 0.25
4, 5, 8, 11, 15, 0.25
4, 6, 9, 11, 4, 0.25
4, 7, 8, 11, 27, 0.25
4, 8, 9, 11, 32, 0.25
4, 1, 2, 12, 4, 0.25
4, 1, 4, 12, 3, 0.25
4, 2, 3, 12, 24, 0.25
4, 2, 5, 12, 22, 0.25
4, 3, 6, 12, 3, 0.25
4, 4, 5, 12, 33, 0.25
4, 4, 7, 12, 23, 0.25
4, 5, 6, 12, 31, 0.25
4, 5, 8, 12, 41, 0.25
4, 6, 9, 12, 28, 0.25
4, 7, 8, 12, 23, 0.25
4, 8, 9, 12, 15, 0.25
4, 1, 2, 13, 35, 0.25
4, 1, 4, 13, 10, 0.25
4, 2, 3, 13, 1, 0.25
4, 2, 5, 13, 34, 0.25
4, 3, 6, 13, 24, 0.25
4, 4, 5, 13, 22, 0.25
4, 4, 7, 13, 2, 0.25
4, 5, 6, 13, 13, 0.25
4, 5, 8, 13, 31, 0.25
4, 6, 9, 13, 9, 0.25
4, 7, 8, 13, 42, 0.25
4, 8, 9, 13, 8, 0.25
4, 1, 2, 14, 9, 0.25
4, 1, 4, 14, 3, 0.25
4, 2, 3, 14, 20, 0.25
4, 2, 5, 14, 34, 0.25
4, 3, 6, 14, 27, 0.25
4, 4, 5, 14, 29, 0.25
4, 4, 7, 14, 5, 0.25
4, 5, 6, 14, 22, 0.25
4, 5, 8, 14, 27, 0.25
4, 6, 9, 14, 2, 0.25
4, 7, 8, 14, 25, 0.25
4, 8, 9, 14, 28, 0.25
4, 1, 2, 15, 22, 0.25
4, 1, 4, 15, 32, 0.25
4, 2, 3, 15, 5, 0.25
4, 2, 5, 15, 30, 0.25
4, 3, 6, 15, 13, 0.25
4, 4, 5, 15, 3, 0.25
4, 4, 7, 15, 33, 0.25
4, 5, 6, 15, 41, 0.25
4, 5, 8, 15, 15, 0.25
4, 6, 9, 15, 25, 0.25
4, 7, 8, 15, 26, 0.25
4, 8, 9, 15, 16, 0.25
4, 1, 2, 16, 18, 0.25
4, 1, 4, 16, 20, 0.25
4, 2, 3, 16, 22, 0.25
4, 2, 5, 16, 5, 0.25
4, 3, 6, 16, 37, 0.25
4, 4, 5, 16, 33, 0.25
4, 4, 7, 16, 29, 0.25
4, 5, 6, 16, 7, 0.25
4, 5, 8, 16, 2, 0.25
4, 6, 9, 16, 2, 0.25
4, 7, 8, 16, 20, 0.25
4, 8, 9, 16, 37, 0.25
4, 1, 2, 17, 11, 0.25
4, 1, 4, 17, 30, 0.25
4, 2, 3, 17, 37, 0.25
4, 2, 5, 17, 3, 0.25
4, 3, 6, 17, 30, 0.25
4, 4, 5, 17, 22, 0.25
4, 4, 7, 17, 23, 0.25
4, 5, 6, 17, 37, 0.25
4, 5, 8, 17, 2, 0.25
4, 6, 9, 17, 35, 0.25
4, 7, 8, 17, 5, 0.25
4, 8, 9, 17, 41, 0.25
4, 1, 2, 18, 38, 0.25
4, 1, 4, 18, 19, 0.25
4, 2, 3, 18, 2, 0.25
4, 2, 5, 18, 25, 0.25
4, 3, 6, 18, 40, 0.25
4, 4, 5, 18, 14, 0.25
4, 4, 7, 18, 22, 0.25
4, 5, 6, 18, 26, 0.25
4, 5, 8, 18, 4, 0.25
4, 6, 9, 18, 37, 0.25
4, 7, 8, 18, 5, 0.25
4, 8, 9, 18, 9, 0.25
4, 1, 2, 19, 35, 0.25
4, 1, 4, 19, 3, 0.25
4, 2, 3, 19, 26, 0.25
4, 2, 5, 19, 2, 0.25
4, 3, 6, 19, 32, 0.25
4, 4, 5, 19, 17, 0.25
4, 4, 7, 19, 19, 0.25
4, 5, 6, 19, 24, 0.25
4, 5, 8, 19, 21, 0.25
4, 6, 9, 19, 7, 0.25
4, 7, 8, 19, 20, 0.25
4, 8, 9, 19, 19, 0.25
4, 1, 2, 20, 40, 0.25
4, 1, 4, 20, 43, 0.25
4, 2, 3, 20, 11, 0.25
4, 2, 5, 20, 12, 0.25
4, 3, 6, 20, 19, 0.25
4, 4, 5, 20, 38, 0.25
4, 4, 7, 20, 25, 0.25
4, 5, 6, 20, 37, 0.25
4, 5, 8, 20, 28, 0.25
4, 6, 9, 20, 11, 0.25
4, 7, 8, 20, 22, 0.25
4, 8, 9, 20, 16, 0.25
4, 1, 2, 21, 38, 0.25
4, 1, 4, 21, 6, 0.25
4, 2, 3, 21, 6, 0.25
4, 2, 5, 21, 34, 0.25
4, 3, 6, 21, 39, 0.25
4, 4, 5, 21, 4, 0.25
4, 4, 7, 21, 34, 0.25
4, 5, 6, 21, 16, 0.25
4, 5, 8, 21, 31, 0.25
4, 6, 9, 21, 30, 0.25
4, 7, 8, 21, 43, 0.25
4, 8, 9, 21, 23, 0.25
4, 1, 2, 22, 37, 0.25
4, 1, 4, 22, 39, 0.25
4, 2, 3, 22, 31, 0.25
4, 2, 5, 22, 16, 0.25
4, 3, 6, 22, 11, 0.25
4, 4, 5, 22, 40, 0.25
4, 4, 7, 22, 4, 0.25
4, 5, 6, 22, 8, 0.25
4, 5, 8, 22, 12, 0.25
4, 6, 9, 22, 13, 0.25
4, 7, 8, 22, 39, 0.25
4, 8, 9, 22, 8, 0.25
4, 1, 2, 23, 42, 0.25
4, 1, 4, 23, 6, 0.25
4, 2, 3, 23, 21, 0.25
4, 2, 5, 23, 40, 0.25
4, 3, 6, 23, 12, 0.25
4, 4, 5, 23, 4, 0.25
4, 4, 7, 23, 43, 0.25
4, 5, 6, 23, 41, 0.25
4, 5, 8, 23, 23, 0.25
4, 6, 9, 23, 32, 0.25
4, 7, 8, 23, 26, 0.25
4, 8, 9, 23, 11, 0.25
4, 1, 2, 24, 25, 0.25
4, 1, 4, 24, 15, 0.25
4, 2, 3, 24, 31, 0.25
4, 2, 5, 24, 39, 0.25
4, 3, 6, 24, 42, 0.25
4, 4, 5, 24, 21, 0.25
4, 4, 7, 24, 26, 0.25
4, 5, 6, 24, 20, 0.25
4, 5, 8, 24, 31, 0.25
4, 6, 9, 24, 34, 0.25
4, 7, 8, 24, 1, 0.25
4, 8, 9, 24, 42, 0.25
4, 1, 2, 25, 16, 0.25
4, 1, 4, 25, 14, 0.25
4, 2, 3, 25, 21, 0.25
4, 2, 5, 25, 19, 0.25
4, 3, 6, 25, 8, 0.25
4, 4, 5, 25, 27, 0.25
4, 4, 7, 25, 41, 0.25
4, 5, 6, 25, 30, 0.25
4, 5, 8, 25, 32, 0.25
4, 6, 9, 25, 44, 0.25
4, 7, 8, 25, 31, 0.25
4, 8, 9, 25, 40, 0.25
4, 1, 2, 26, 41, 0.25
4, 1, 4, 26, 30, 0.25
4, 2, 3, 26, 12, 0.25
4, 2, 5, 26, 29, 0.25
4, 3, 6, 26, 26, 0.25
4, 4, 5, 26, 34, 0.25
4, 4, 7, 26, 11, 0.25
4, 5, 6, 26, 13, 0.25
4, 5, 8, 26, 5, 0.25
4, 6, 9, 26, 1, 0.25
4, 7, 8, 26, 36, 0.25
4, 8, 9, 26, 42, 0.25
4, 1, 2, 27, 22, 0.25
4, 1, 4, 27, 30, 0.25
4, 2, 3, 27, 7, 0.25
4, 2, 5, 27, 37, 0.25
4, 3, 6, 27, 18, 0.25
4, 4, 5, 27, 35, 0.25
4, 4, 7, 27, 21, 0.25
4, 5, 6, 27, 39, 0.25
4, 5, 8, 27, 29, 0.25
4, 6, 9, 27, 22, 0.25
4, 7, 8, 27, 36, 0.25
4, 8, 9, 27, 35, 0.25
4, 1, 2, 28, 33, 0.25
4, 1, 4, 28, 4, 0.25
4, 2, 3, 28, 41, 0.25
4, 2, 5, 28, 36, 0.25
4, 3, 6, 28, 32, 0.25
4, 4, 5, 28, 12, 0.25
4, 4, 7, 28, 18, 0.25
4, 5, 6, 28, 25, 0.25
4, 5, 8, 28, 10, 0.25
4, 6, 9, 28, 17, 0.25
4, 7, 8, 28, 41, 0.25
4, 8, 9, 28, 15, 0.25
4, 1, 2, 29, 23, 0.25
4, 1, 4, 29, 30, 0.25
4, 2, 3, 29, 8, 0.25
4, 2, 5, 29, 8, 0.25
4, 3, 6, 29, 30, 0.25
4, 4, 5, 29, 5, 0.25
4, 4, 7, 29, 23, 0.25
4, 5, 6, 29, 40, 0.25
4, 5, 8, 29, 18, 0.25
4, 6, 9, 29, 36, 0.25
4, 7, 8, 29, 39, 0.25
4, 8, 9, 29, 34, 0.25
4, 1, 2, 30, 34, 0.25
4, 1, 4, 30, 21, 0.25
4, 2, 3, 30, 5, 0.25
4, 2, 5, 30, 37, 0.25
4, 3, 6, 30, 5, 0.25
4, 4, 5, 30, 19, 0.25
4, 4, 7, 30, 21, 0.25
4, 5, 6, 30, 9, 0.25
4, 5, 8, 30, 27, 0.25
4, 6, 9, 30, 43, 0.25
4, 7, 8, 30, 15, 0.25
4, 8, 9, 30, 27, 0.25
4, 1, 2, 31, 13, 0.25
4, 1, 4, 31, 13, 0.25
4, 2, 3, 31, 9, 0.25
4, 2, 5, 31, 5, 0.25
4, 3, 6, 31, 34, 0.25
4, 4, 5, 31, 25, 0.25
4, 4, 7, 31, 32, 0.25
4, 5, 6, 31, 35, 0.25
4, 5, 8, 31, 37, 0.25
4, 6, 9, 31, 22, 0.25
4, 7, 8, 31, 42, 0.25
4, 8, 9, 31, 36, 0.25
4, 1, 2, 32, 4, 0.25
4, 1, 4, 32, 16, 0.25
4, 2, 3, 32, 24, 0.25
4, 2, 5, 32, 2, 0.25
4, 3, 6, 32, 41, 0.25
4, 4, 5, 32, 4, 0.25
4, 4, 7, 32, 8, 0.25
4, 5, 6, 32, 40, 0.25
4, 5, 8, 32, 32, 0.25
4, 6, 9, 32, 3, 0.25
4, 7, 8, 32, 40, 0.25
4, 8, 9, 32, 32, 0.25
4, 1, 2, 33, 20, 0.25
4, 1, 4, 33, 16, 0.25
4, 2, 3, 33, 1, 0.25
4, 2, 5, 33, 15, 0.25
4, 3, 6, 33, 17, 0.25
4, 4, 5, 33, 36, 0.25
4, 4, 7, 33, 26, 0.25
4, 5, 6, 33, 42, 0.25
4, 5, 8, 33, 36, 0.25
4, 6, 9, 33, 32, 0.25
4, 7, 8, 33, 8, 0.25
4, 8, 9, 33, 34, 0.25
4, 1, 2, 34, 19, 0.25
4, 1, 4, 34, 34, 0.25
4, 2, 3, 34, 27, 0.25
4, 2, 5, 34, 12, 0.25
4, 3, 6, 34, 23, 0.25
4, 4, 5, 34, 35, 0.25
4, 4, 7, 34, 22, 0.25
4, 5, 6, 34, 21, 0.25
4, 5, 8, 34, 33, 0.25
4, 6, 9, 34, 6, 0.25
4, 7, 8, 34, 28, 0.25
4, 8, 9, 34, 21, 0.25
4, 1, 2, 35, 3, 0.25
4, 1, 4, 35, 23, 0.25
4, 2, 3, 35, 6, 0.25
4, 2, 5, 35, 16, 0.25
4, 3, 6, 35, 12, 0.25
4, 4, 5, 35, 27, 0.25
4, 4, 7, 35, 18, 0.25
4, 5, 6, 35, 18, 0.25
4, 5, 8, 35, 19, 0.25
4, 6, 9, 35, 35, 0.25
4, 7, 8, 35, 10, 0.25
4, 8, 9, 35, 22, 0.25
4, 1, 2, 36, 20, 0.25
4, 1, 4, 36, 31, 0.25
4, 2, 3, 36, 44, 0.25
4, 2, 5, 36, 40, 0.25
4, 3, 6, 36, 43, 0.25
4, 4, 5, 36, 19, 0.25
4, 4, 7, 36, 39, 0.25
4, 5, 6, 36, 26, 0.25
4, 5, 8, 36, 11, 0.25
4, 6, 9, 36, 25, 0.25
4, 7, 8, 36, 44, 0.25
4, 8, 9, 36, 11, 0.25
4, 1, 2, 37, 21, 0.25
4, 1, 4, 37, 43, 0.25
4, 2, 3, 37, 10, 0.25
4, 2, 5, 37, 26, 0.25
4, 3, 6, 37, 21, 0.25
4, 4, 5, 37, 42, 0.25
4, 4, 7, 37, 35, 0.25
4, 5, 6, 37, 6, 0.25
4, 5, 8, 37, 29, 0.25
4, 6, 9, 37, 11, 0.25
4, 7, 8, 37, 43, 0.25
4, 8, 9, 37, 24, 0.25
4, 1, 2, 38, 3, 0.25
4, 1, 4, 38, 16, 0.25
4, 2, 3, 38, 6, 0.25
4, 2, 5, 38, 9, 0.25
4, 3, 6, 38, 40, 0.25
4, 4, 5, 38, 23, 0.25
4, 4, 7, 38, 1, 0.25
4, 5, 6, 38, 29, 0.25
4, 5, 8, 38, 43, 0.25
4, 6, 9, 38, 11, 0.25
4, 7, 8, 38, 21, 0.25
4, 8, 9, 38, 40, 0.25
4, 1, 2, 39, 7, 0.25
4, 1, 4, 39, 18, 0.25
4, 2, 3, 39, 20, 0.25
4, 2, 5, 39, 11, 0.25
4, 3, 6, 39, 10, 0.25
4, 4, 5, 39, 7, 0.25
4, 4, 7, 39, 32, 0.25
4, 5, 6, 39, 33, 0.25
4, 5, 8, 39, 29, 0.25
4, 6, 9, 39, 5, 0.25
4, 7, 8, 39, 23, 0.25
4, 8, 9, 39, 7, 0.25
4, 1, 2, 40, 33, 0.25
4, 1, 4, 40, 28, 0.25
4, 2, 3, 40, 24, 0.25
4, 2, 5, 40, 6, 0.25
4, 3, 6, 40, 20, 0.25
4, 4, 5, 40, 30, 0.25
4, 4, 7, 40, 27, 0.25
4, 5, 6, 40, 30, 0.25
4, 5, 8, 40, 15, 0.25
4, 6, 9, 40, 20, 0.25
4, 7, 8, 40, 39, 0.25
4, 8, 9, 40, 20, 0.25
4, 1, 2, 41, 23, 0.25
4, 1, 4, 41, 26, 0.25
4, 2, 3, 41, 29, 0.25
4, 2, 5, 41, 19, 0.25
4, 3, 6, 41, 25, 0.25
4, 4, 5, 41, 27, 0.25
4, 4, 7, 41, 8, 0.25
4, 5, 6, 41, 11, 0.25
4, 5, 8, 41, 13, 0.25
4, 6, 9, 41, 22, 0.25
4, 7, 8, 41, 3, 0.25
4, 8, 9, 41, 21, 0.25
4, 1, 2, 42, 5, 0.25
4, 1, 4, 42, 7, 0.25
4, 2, 3, 42, 29, 0.25
4, 2, 5, 42, 29, 0.25
4, 3, 6, 42, 11, 0.25
4, 4, 5, 42, 30, 0.25
4, 4, 7, 42, 1, 0.25
4, 5, 6, 42, 35, 0.25
4, 5, 8, 42, 32, 0.25
4, 6, 9, 42, 24, 0.25
4, 7, 8, 42, 1, 0.25
4, 8, 9, 42, 20, 0.25
4, 1, 2, 43, 6, 0.25
4, 1, 4, 43, 10, 0.25
4, 2, 3, 43, 28, 0.25
4, 2, 5, 43, 35, 0.25
4, 3, 6, 43, 9, 0.25
4, 4, 5, 43, 17, 0.25
4, 4, 7, 43, 2, 0.25
4, 5, 6, 43, 8, 0.25
4, 5, 8, 43, 18, 0.25
4, 6, 9, 43, 11, 0.25
4, 7, 8, 43, 2, 0.25
4, 8, 9, 43, 32, 0.25
4, 1, 2, 44, 11, 0.25
4, 1, 4, 44, 32, 0.25
4, 2, 3, 44, 2, 0.25
4, 2, 5, 44, 7, 0.25
4, 3, 6, 44, 34, 0.25
4, 4, 5, 44, 10, 0.25
4, 4, 7, 44, 14, 0.25
4, 5, 6, 44, 5, 0.25
4, 5, 8, 44, 35, 0.25
4, 6, 9, 44, 40, 0.25
4, 7, 8, 44, 39, 0.25
4, 8, 9, 44, 19, 0.25
4, 1, 2, 45, 28, 0.25
4, 1, 4, 45, 33, 0.25
4, 2, 3, 45, 10, 0.25
4, 2, 5, 45, 27, 0.25
4, 3, 6, 45, 30, 0.25
4, 4, 5, 45, 22, 0.25
4, 4, 7, 45, 35, 0.25
4, 5, 6, 45, 12, 0.25
4, 5, 8, 45, 24, 0.25
4, 6, 9, 45, 25, 0.25
4, 7, 8, 45, 6, 0.25
4, 8, 9, 45, 32, 0.25
4, 1, 2, 46, 23, 0.25
4, 1, 4, 46, 18, 0.25
4, 2, 3, 46, 34, 0.25
4, 2, 5, 46, 9, 0.25
4, 3, 6, 46, 11, 0.25
4, 4, 5, 46, 10, 0.25
4, 4, 7, 46, 33, 0.25
4, 5, 6, 46, 39, 0.25
4, 5, 8, 46, 36, 0.25
4, 6, 9, 46, 7, 0.25
4, 7, 8, 46, 32, 0.25
4, 8, 9, 46, 12, 0.25
4, 1, 2, 47, 30, 0.25
4, 1, 4, 47, 41, 0.25
4, 2, 3, 47, 34, 0.25
4, 2, 5, 47, 40, 0.25
4, 3, 6, 47, 36, 0.25
4, 4, 5, 47, 38, 0.25
4, 4, 7, 47, 29, 0.25
4, 5, 6, 47, 28, 0.25
4, 5, 8, 47, 5, 0.25
4, 6, 9, 47, 15, 0.25
4, 7, 8, 47, 21, 0.25
4, 8, 9, 47, 8, 0.25
4, 1, 2, 48, 39, 0.25
4, 1, 4, 48, 10, 0.25
4, 2, 3, 48, 20, 0.25
4, 2, 5, 48, 38, 0.25
4, 3, 6, 48, 28, 0.25
4, 4, 5, 48, 32, 0.25
4, 4, 7, 48, 34, 0.25
4, 5, 6, 48, 24, 0.25
4, 5, 8, 48, 38, 0.25
4, 6, 9, 48, 37, 0.25
4, 7, 8, 48, 8, 0.25
4, 8, 9, 48, 10, 0.25
4, 1, 2, 49, 9, 0.25
4, 1, 4, 49, 29, 0.25
4, 2, 3, 49, 22, 0.25
4, 2, 5, 49, 16, 0.25
4, 3, 6, 49, 7, 0.25
4, 4, 5, 49, 26, 0.25
4, 5, 6, 49, 29, 0.25
4, 5, 8, 49, 20, 0.25
4, 6, 9, 49, 13, 0.25
4, 7, 8, 49, 30, 0.25
4, 8, 9, 49, 34, 0.25
4, 1, 2, 50, 18, 0.25
4, 1, 4, 50, 36, 0.25
4, 2, 3, 50, 7, 0.25
4, 2, 5, 50, 34, 0.25
4, 3, 6, 50, 24, 0.25
4, 4, 5, 50, 5, 0.25
4, 4, 7, 50, 27, 0.25
4, 5, 6, 50, 11, 0.25
4, 5, 8, 50, 3, 0.25
4, 6, 9, 50, 14, 0.25
4, 8, 9, 50, 34, 0.25
4, 1, 2, 51, 12, 0.25
4, 2, 3, 51, 5, 0.25
4, 2, 5, 51, 18, 0.25
4, 3, 6, 51, 4, 0.25
4, 5, 6, 51, 11, 0.25
4, 5, 8, 51, 25, 0.25
4, 6, 9, 51, 26, 0.25
4, 7, 8, 51, 32, 0.25
4, 8, 9, 51, 32, 0.25
4, 1, 2, 52, 21, 0.25
4, 1, 4, 52, 20, 0.25
4, 2, 3, 52, 22, 0.25
4, 2, 5, 52, 21, 0.25
4, 3, 6, 52, 33, 0.25
4, 4, 5, 52, 23, 0.25
4, 4, 7, 52, 12, 0.25
4, 5, 6, 52, 35, 0.25
4, 5, 8, 52, 33, 0.25
4, 8, 9, 52, 3, 0.25
4, 1, 4, 53, 35, 0.25
4, 2, 3, 53, 15, 0.25
4, 2, 5, 53, 9, 0.25
4, 4, 5, 53, 26, 0.25
4, 5, 6, 53, 36, 0.25
4, 5, 8, 53, 18, 0.25
4, 6, 9, 53, 34, 0.25
4, 8, 9, 53, 26, 0.25
4, 2, 3, 54, 16, 0.25
4, 4, 5, 54, 4, 0.25
4, 4, 7, 54, 8, 0.25
4, 5, 8, 54, 25, 0.25
4, 6, 9, 54, 28, 0.25
4, 8, 9, 54, 18, 0.25
4, 1, 4, 55, 3, 0.25
4, 4, 7, 55, 3, 0.25
4, 5, 8, 55, 29, 0.25
4, 6, 9, 55, 31, 0.25
4, 7, 8, 55, 11, 0.25
4, 1, 2, 56, 25, 0.25
4, 1, 4, 56, 13, 0.25
4, 2, 3, 56, 23, 0.25
4, 3, 6, 56, 7, 0.25
4, 5, 6, 56, 17, 0.25
4, 6, 9, 56, 10, 0.25
4, 7, 8, 56, 23, 0.25
4, 8, 9, 56, 23, 0.25
4, 1, 4, 57, 19, 0.25
4, 2, 5, 57, 10, 0.25
4, 3, 6, 57, 25, 0.25
4, 5, 6, 57, 19, 0.25
4, 5, 8, 57, 9, 0.25
4, 7, 8, 57, 4, 0.25
4, 8, 9, 57, 20, 0.25
4, 1, 2, 58, 4, 0.25
4, 1, 4, 58, 17, 0.25
4, 2, 3, 58, 20, 0.25
4, 2, 5, 58, 5, 0.25
4, 3, 6, 58, 5, 0.25
4, 4, 5, 58, 21, 0.25
4, 5, 6, 58, 14, 0.25
4, 5, 8, 58, 9, 0.25
4, 7, 8, 58, 26, 0.25
4, 8, 9, 58, 5, 0.25
4, 1, 2, 59, 9, 0.25
4, 1, 4, 59, 11, 0.25
4, 2, 3, 59, 27, 0.25
4, 2, 5, 59, 26, 0.25
4, 4, 5, 59, 7, 0.25
4, 4, 7, 59, 1, 0.25
4, 5, 6, 59, 30, 0.25
4, 5, 8, 59, 18, 0.25
4, 6, 9, 59, 2, 0.25
4, 7, 8, 59, 12, 0.25
4, 8, 9, 59, 11, 0.25
4, 1, 4, 60, 22, 0.25
4, 2, 3, 60, 12, 0.25
4, 2, 5, 60, 28, 0.25
4, 3, 6, 60, 4, 0.25
4, 4, 7, 60, 6, 0.25
4, 5, 6, 60, 18, 0.25
4, 7, 8, 60, 4, 0.25
4, 8, 9, 60, 4, 0.25
4, 1, 2, 61, 25, 0.25
4, 1, 4, 61, 18, 0.25
4, 3, 6, 61, 18, 0.25
4, 5, 6, 61, 2, 0.25
4, 5, 8, 61, 4, 0.25
4, 7, 8, 61, 23, 0.25
4, 8, 9, 61, 24, 0.25
4, 1, 2, 62, 14, 0.25
4, 3, 6, 62, 16, 0.25
4, 4, 5, 62, 27, 0.25
4, 5, 6, 62, 23, 0.25
4, 5, 8, 62, 11, 0.25
4, 8, 9, 62, 14, 0.25
4, 1, 4, 63, 13, 0.25
4, 2, 3, 63, 12, 0.25
4, 2, 5, 63, 1, 0.25
4, 3, 6, 63, 17, 0.25
4, 4, 5, 63, 3, 0.25
4, 5, 6, 63, 22, 0.25
4, 5, 8, 63, 20, 0.25
4, 2, 3, 64, 6, 0.25
4, 5, 6, 64, 5, 0.25
4, 5, 8, 64, 11, 0.25
4, 6, 9, 64, 13, 0.25
4, 1, 2, 65, 18, 0.25
4, 4, 5, 65, 4, 0.25
4, 4, 7, 65, 13, 0.25
4, 5, 6, 65, 7, 0.25
4, 5, 8, 65, 15, 0.25
4, 7, 8, 65, 10, 0.25
4, 8, 9, 65, 12, 0.25
4, 2, 5, 66, 10, 0.25
4, 3, 6, 66, 17, 0.25
4, 4, 7, 66, 12, 0.25
4, 6, 9, 66, 14, 0.25
4, 8, 9, 66, 18, 0.25
4, 1, 4, 67, 3, 0.25
4, 4, 5, 67, 17, 0.25
4, 4, 7, 67, 13, 0.25
4, 7, 8, 67, 2, 0.25
4, 1, 2, 68, 1, 0.25
4, 1, 4, 68, 12, 0.25
4, 4, 7, 68, 7, 0.25
4, 5, 6, 68, 13, 0.25
4, 5, 8, 68, 3, 0.25
4, 7, 8, 68, 11, 0.25
4, 1, 4, 69, 18, 0.25
4, 2, 3, 69, 6, 0.25
4, 4, 7, 69, 7, 0.25
4, 5, 6, 69, 14, 0.25
4, 5, 8, 69, 7, 0.25
4, 7, 8, 69, 8, 0.25
4, 8, 9, 69, 9, 0.25
4, 1, 2, 70, 13, 0.25
4, 2, 3, 70, 13, 0.25
4, 4, 5, 70, 19, 0.25
4, 5, 6, 70, 2, 0.25
4, 8, 9, 70, 18, 0.25
4, 2, 5, 71, 17, 0.25
4, 4, 7, 71, 12, 0.25
4, 5, 8, 71, 6, 0.25
4, 7, 8, 71, 4, 0.25
4, 8, 9, 71, 9, 0.25
4, 1, 4, 72, 9, 0.25
4, 2, 5, 72, 6, 0.25
4, 4, 5, 72, 3, 0.25
4, 4, 7, 72, 8, 0.25
4, 6, 9, 72, 10, 0.25
4, 8, 9, 72, 3, 0.25
4, 2, 3, 73, 10, 0.25
4, 4, 5, 73, 8, 0.25
4, 6, 9, 73, 6, 0.25
4, 1, 2, 74, 13, 0.25
4, 1, 4, 74, 13, 0.25
4, 2, 5, 74, 8, 0.25
4, 4, 5, 74, 3, 0.25
4, 4, 7, 74, 2, 0.25
4, 7, 8, 74, 13, 0.25
4, 3, 6, 75, 3, 0.25
4, 5, 8, 75, 12, 0.25
4, 1, 4, 76, 13, 0.25
4, 2, 5, 76, 8, 0.25
4, 3, 6, 76, 3, 0.25
4, 6, 9, 76, 6, 0.25
4, 2, 5, 77, 9, 0.25
4, 2, 3, 78, 6, 0.25
4, 3, 6, 78, 11, 0.25
4, 6, 9, 78, 1, 0.25
4, 7, 8, 78, 9, 0.25
4, 5, 6, 79, 10, 0.25
4, 2, 3, 80, 6, 0.25
4, 3, 6, 80, 2, 0.25
4, 4, 5, 80, 7, 0.25
4, 5, 6, 80, 9, 0.25
4, 6, 9, 80, 5, 0.25
4, 7, 8, 80, 4, 0.25
4, 2, 3, 82, 7, 0.25
4, 7, 8, 82, 5, 0.25
4, 2, 5, 83, 5, 0.25
4, 4, 7, 84, 5, 0.25
4, 2, 5, 85, 1, 0.25
4, 7, 8, 85, 2, 0.25
4, 3, 6, 86, 3, 0.25
4, 5, 8, 87, 2, 0.25
