k, i, j, t, w, pr
1, 1, 2, 0, 29, 0.50
1, 1, 4, 0, 18, 0.50
1, 2, 3, 0, 37, 0.50
1, 2, 5, 0, 24, 0.50
1, 3, 6, 0, 30, 0.50
1, 4, 5, 0, 40, 0.50
1, 4, 7, 0, 8, 0.50
1, 5, 6, 0, 43, 0.50
1, 5, 8, 0, 15, 0.50
1, 6, 9, 0, 42, 0.50
1, 7, 8, 0, 5, 0.50
1, 8, 9, 0, 28, 0.50
1, 1, 2, 1, 36, 0.50
1, 1, 4, 1, 13, 0.50
1, 2, 3, 1, 10, 0.50
1, 2, 5, 1, 27, 0.50
1, 3, 6, 1, 2, 0.50
1, 4, 5, 1, 21, 0.50
1, 4, 7, 1, 35, 0.50
1, 5, 6, 1, 17, 0.50
1, 5, 8, 1, 9, 0.50
1, 6, 9, 1, 16, 0.50
1, 7, 8, 1, 19, 0.50
1, 8, 9, 1, 24, 0.50
1, 1, 2, 2, 26, 0.50
1, 1, 4, 2, 9, 0.50
1, 2, 3, 2, 40, 0.50
1, 2, 5, 2, 37, 0.50
1, 3, 6, 2, 33, 0.50
1, 4, 5, 2, 41, 0.50
1, 4, 7, 2, 22, 0.50
1, 5, 6, 2, 21, 0.50
1, 5, 8, 2, 30, 0.50
1, 6, 9, 2, 28, 0.50
1, 7, 8, 2, 17, 0.50
1, 8, 9, 2, 5, 0.50
1, 1, 2, 3, 31, 0.50
1, 1, 4, 3, 38, 0.50
1, 2, 3, 3, 7, 0.50
1, 2, 5, 3, 11, 0.50
1, 3, 6, 3, 18, 0.50
1, 4, 5, 3, 34, 0.50
1, 4, 7, 3, 12, 0.50
1, 5, 6, 3, 13, 0.50
1, 5, 8, 3, 12, 0.50
1, 6, 9, 3, 1, 0.50
1, 7, 8, 3, 10, 0.50
1, 8, 9, 3, 37, 0.50
1, 1, 2, 4, 6, 0.50
1, 1, 4, 4, 20, 0.50
1, 2, 3, 4, 13, 0.50
1, 2, 5, 4, 25, 0.50
1, 3, 6, 4, 24, 0.50
1, 4, 5, 4, 34, 0.50
1, 4, 7, 4, 32, 0.50
1, 5, 6, 4, 23, 0.50
1, 5, 8, 4, 8, 0.50
1, 6, 9, 4, 30, 0.50
1, 7, 8, 4, 44, 0.50
1, 8, 9, 4, 37, 0.50
1, 1, 2, 5, 34, 0.50
1, 1, 4, 5, 38, 0.50
1, 2, 3, 5, 3, 0.50
1, 2, 5, 5, 3, 0.50
1, 3, 6, 5, 40, 0.50
1, 4, 5, 5, 7, 0.50
1, 4, 7, 5, 11, 0.50
1, 5, 6, 5, 20, 0.50
1, 5, 8, 5, 21, 0.50
1, 6, 9, 5, 4, 0.50
1, 7, 8, 5, 37, 0.50
1, 8, 9, 5, 38, 0.50
1, 1, 2, 6, 39, 0.50
1, 1, 4, 6, 11, 0.50
1, 2, 3, 6, 27, 0.50
1, 2, 5, 6, 41, 0.50
1, 3, 6, 6, 28, 0.50
1, 4, 5, 6, 11, 0.50
1, 4, 7, 6, 2, 0.50
1, 5, 6, 6, 5, 0.50
1, 5, 8, 6, 33, 0.50
1, 6, 9, 6, 33, 0.50
1, 7, 8, 6, 38, 0.50
1, 8, 9, 6, 37, 0.50
1, 1, 2, 7, 8, 0.50
1, 1, 4, 7, 38, 0.50
1, 2, 3, 7, 12, 0.50
1, 2, 5, 7, 9, 0.50
1, 3, 6, 7, 37, 0.50
1, 4, 5, 7, 15, 0.50
1, 4, 7, 7, 20, 0.50
1, 5, 6, 7, 21, 0.50
1, 5, 8, 7, 6, 0.50
1, 6, 9, 7, 26, 0.50
1, 7, 8, 7, 19, 0.50
1, 8, 9, 7, 14, 0.50
1, 1, 2, 8, 41, 0.50
1, 1, 4, 8, 12, 0.50
1, 2, 3, 8, 15, 0.50
1, 2, 5, 8, 26, 0.50
1, 3, 6, 8, 33, 0.50
1, 4, 5, 8, 20, 0.50
1, 4, 7, 8, 36, 0.50
1, 5, 6, 8, 17, 0.50
1, 5, 8, 8, 31, 0.50
1, 6, 9, 8, 42, 0.50
1, 7, 8, 8, 28, 0.50
1, 8, 9, 8, 42, 0.50
1, 1, 2, 9, 27, 0.50
1, 1, 4, 9, 29, 0.50
1, 2, 3, 9, 2, 0.50
1, 2, 5, 9, 42, 0.50
1, 3, 6, 9, 5, 0.50
1, 4, 5, 9, 43, 0.50
1, 4, 7, 9, 36, 0.50
1, 5, 6, 9, 31, 0.50
1, 5, 8, 9, 2, 0.50
1, 6, 9, 9, 15, 0.50
1, 7, 8, 9, 14, 0.50
1, 8, 9, 9, 27, 0.50
1, 1, 2, 10, 31, 0.50
1, 1, 4, 10, 37, 0.50
1, 2, 3, 10, 34, 0.50
1, 2, 5, 10, 6, 0.50
1, 3, 6, 10, 42, 0.50
1, 4, 5, 10, 24, 0.50
1, 4, 7, 10, 1, 0.50
1, 5, 6, 10, 30, 0.50
1, 5, 8, 10, 24, 0.50
1, 6, 9, 10, 29, 0.50
1, 7, 8, 10, 16, 0.50
1, 8, 9, 10, 23, 0.50
1, 1, 2, 11, 9, 0.50
1, 1, 4, 11, 38, 0.50
1, 2, 3, 11, 29, 0.50
1, 2, 5, 11, 12, 0.50
1, 3, 6, 11, 23, 0.50
1, 4, 5, 11, 32, 0.50
1, 4, 7, 11, 37, 0.50
1, 5, 6, 11, 31, 0.50
1, 5, 8, 11, 17, 0.50
1, 6, 9, 11, 41, 0.50
1, 7, 8, 11, 17, 0.50
1, 8, 9, 11, 17, 0.50
1, 1, 2, 12, 12, 0.50
1, 1, 4, 12, 21, 0.50
1, 2, 3, 12, 11, 0.50
1, 2, 5, 12, 31, 0.50
1, 3, 6, 12, 3, 0.50
1, 4, 5, 12, 29, 0.50
1, 4, 7, 12, 32, 0.50
1, 5, 6, 12, 11, 0.50
1, 5, 8, 12, 13, 0.50
1, 6, 9, 12, 31, 0.50
1, 7, 8, 12, 24, 0.50
1, 8, 9, 12, 8, 0.50
1, 1, 2, 13, 21, 0.50
1, 1, 4, 13, 43, 0.50
1, 2, 3, 13, 36, 0.50
1, 2, 5, 13, 30, 0.50
1, 3, 6, 13, 2, 0.50
1, 4, 5, 13, 34, 0.50
1, 4, 7, 13, 28, 0.50
1, 5, 6, 13, 39, 0.50
1, 5, 8, 13, 2, 0.50
1, 6, 9, 13, 39, 0.50
1, 7, 8, 13, 10, 0.50
1, 8, 9, 13, 40, 0.50
1, 1, 2, 14, 12, 0.50
1, 1, 4, 14, 29, 0.50
1, 2, 3, 14, 19, 0.50
1, 2, 5, 14, 34, 0.50
1, 3, 6, 14, 42, 0.50
1, 4, 5, 14, 25, 0.50
1, 4, 7, 14, 14, 0.50
1, 5, 6, 14, 24, 0.50
1, 5, 8, 14, 37, 0.50
1, 6, 9, 14, 14, 0.50
1, 7, 8, 14, 22, 0.50
1, 8, 9, 14, 11, 0.50
1, 1, 2, 15, 42, 0.50
1, 1, 4, 15, 37, 0.50
1, 2, 3, 15, 12, 0.50
1, 2, 5, 15, 20, 0.50
1, 3, 6, 15, 13, 0.50
1, 4, 5, 15, 42, 0.50
1, 4, 7, 15, 3, 0.50
1, 5, 6, 15, 5, 0.50
1, 5, 8, 15, 38, 0.50
1, 6, 9, 15, 40, 0.50
1, 7, 8, 15, 26, 0.50
1, 8, 9, 15, 21, 0.50
1, 1, 2, 16, 2, 0.50
1, 1, 4, 16, 19, 0.50
1, 2, 3, 16, 6, 0.50
1, 2, 5, 16, 8, 0.50
1, 3, 6, 16, 19, 0.50
1, 4, 5, 16, 42, 0.50
1, 4, 7, 16, 17, 0.50
1, 5, 6, 16, 40, 0.50
1, 5, 8, 16, 3, 0.50
1, 6, 9, 16, 7, 0.50
1, 7, 8, 16, 2, 0.50
1, 8, 9, 16, 11, 0.50
1, 1, 2, 17, 8, 0.50
1, 1, 4, 17, 22, 0.50
1, 2, 3, 17, 25, 0.50
1, 2, 5, 17, 20, 0.50
1, 3, 6, 17, 4, 0.50
1, 4, 5, 17, 9, 0.50
1, 4, 7, 17, 41, 0.50
1, 5, 6, 17, 18, 0.50
1, 5, 8, 17, 18, 0.50
1, 6, 9, 17, 5, 0.50
1, 7, 8, 17, 25, 0.50
1, 8, 9, 17, 31, 0.50
1, 1, 2, 18, 25, 0.50
1, 1, 4, 18, 15, 0.50
1, 2, 3, 18, 18, 0.50
1, 2, 5, 18, 23, 0.50
1, 3, 6, 18, 2, 0.50
1, 4, 5, 18, 22, 0.50
1, 4, 7, 18, 15, 0.50
1, 5, 6, 18, 19, 0.50
1, 5, 8, 18, 16, 0.50
1, 6, 9, 18, 14, 0.50
1, 7, 8, 18, 28, 0.50
1, 8, 9, 18, 8, 0.50
1, 1, 2, 19, 43, 0.50
1, 1, 4, 19, 31, 0.50
1, 2, 3, 19, 32, 0.50
1, 2, 5, 19, 16, 0.50
1, 3, 6, 19, 10, 0.50
1, 4, 5, 19, 41, 0.50
1, 4, 7, 19, 4, 0.50
1, 5, 6, 19, 5, 0.50
1, 5, 8, 19, 25, 0.50
1, 6, 9, 19, 25, 0.50
1, 7, 8, 19, 36, 0.50
1, 8, 9, 19, 12, 0.50
1, 1, 2, 20, 14, 0.50
1, 1, 4, 20, 21, 0.50
1, 2, 3, 20, 33, 0.50
1, 2, 5, 20, 32, 0.50
1, 3, 6, 20, 29, 0.50
1, 4, 5, 20, 30, 0.50
1, 4, 7, 20, 19, 0.50
1, 5, 6, 20, 3, 0.50
1, 5, 8, 20, 38, 0.50
1, 6, 9, 20, 40, 0.50
1, 7, 8, 20, 42, 0.50
1, 8, 9, 20, 24, 0.50
1, 1, 2, 21, 33, 0.50
1, 1, 4, 21, 29, 0.50
1, 2, 3, 21, 37, 0.50
1, 2, 5, 21, 17, 0.50
1, 3, 6, 21, 11, 0.50
1, 4, 5, 21, 11, 0.50
1, 4, 7, 21, 12, 0.50
1, 5, 6, 21, 36, 0.50
1, 5, 8, 21, 32, 0.50
1, 6, 9, 21, 12, 0.50
1, 7, 8, 21, 22, 0.50
1, 8, 9, 21, 23, 0.50
1, 1, 2, 22, 21, 0.50
1, 1, 4, 22, 41, 0.50
1, 2, 3, 22, 38, 0.50
1, 2, 5, 22, 43, 0.50
1, 3, 6, 22, 44, 0.50
1, 4, 5, 22, 21, 0.50
1, 4, 7, 22, 20, 0.50
1, 5, 6, 22, 23, 0.50
1, 5, 8, 22, 33, 0.50
1, 6, 9, 22, 38, 0.50
1, 7, 8, 22, 24, 0.50
1, 8, 9, 22, 2, 0.50
1, 1, 2, 23, 43, 0.50
1, 1, 4, 23, 29, 0.50
1, 2, 3, 23, 23, 0.50
1, 2, 5, 23, 25, 0.50
1, 3, 6, 23, 42, 0.50
1, 4, 5, 23, 42, 0.50
1, 4, 7, 23, 28, 0.50
1, 5, 6, 23, 9, 0.50
1, 5, 8, 23, 14, 0.50
1, 6, 9, 23, 16, 0.50
1, 7, 8, 23, 22, 0.50
1, 8, 9, 23, 24, 0.50
1, 1, 2, 24, 38, 0.50
1, 1, 4, 24, 2, 0.50
1, 2, 3, 24, 37, 0.50
1, 2, 5, 24, 9, 0.50
1, 3, 6, 24, 39, 0.50
1, 4, 5, 24, 28, 0.50
1, 4, 7, 24, 5, 0.50
1, 5, 6, 24, 11, 0.50
1, 5, 8, 24, 25, 0.50
1, 6, 9, 24, 34, 0.50
1, 7, 8, 24, 33, 0.50
1, 8, 9, 24, 5, 0.50
1, 1, 2, 25, 36, 0.50
1, 1, 4, 25, 35, 0.50
1, 2, 3, 25, 39, 0.50
1, 2, 5, 25, 3, 0.50
1, 3, 6, 25, 1, 0.50
1, 4, 5, 25, 32, 0.50
1, 4, 7, 25, 9, 0.50
1, 5, 6, 25, 31, 0.50
1, 5, 8, 25, 29, 0.50
1, 6, 9, 25, 8, 0.50
1, 7, 8, 25, 14, 0.50
1, 8, 9, 25, 1, 0.50
1, 1, 2, 26, 7, 0.50
1, 1, 4, 26, 12, 0.50
1, 2, 3, 26, 13, 0.50
1, 2, 5, 26, 27, 0.50
1, 3, 6, 26, 32, 0.50
1, 4, 5, 26, 35, 0.50
1, 4, 7, 26, 10, 0.50
1, 5, 6, 26, 18, 0.50
1, 5, 8, 26, 27, 0.50
1, 6, 9, 26, 23, 0.50
1, 7, 8, 26, 35, 0.50
1, 8, 9, 26, 42, 0.50
1, 1, 2, 27, 37, 0.50
1, 1, 4, 27, 25, 0.50
1, 2, 3, 27, 30, 0.50
1, 2, 5, 27, 24, 0.50
1, 3, 6, 27, 38, 0.50
1, 4, 5, 27, 29, 0.50
1, 4, 7, 27, 29, 0.50
1, 5, 6, 27, 2, 0.50
1, 5, 8, 27, 10, 0.50
1, 6, 9, 27, 40, 0.50
1, 7, 8, 27, 38, 0.50
1, 8, 9, 27, 9, 0.50
1, 1, 2, 28, 23, 0.50
1, 1, 4, 28, 33, 0.50
1, 2, 3, 28, 2, 0.50
1, 2, 5, 28, 21, 0.50
1, 3, 6, 28, 33, 0.50
1, 4, 5, 28, 10, 0.50
1, 4, 7, 28, 31, 0.50
1, 5, 6, 28, 6, 0.50
1, 5, 8, 28, 23, 0.50
1, 6, 9, 28, 41, 0.50
1, 7, 8, 28, 33, 0.50
1, 8, 9, 28, 12, 0.50
1, 1, 2, 29, 23, 0.50
1, 1, 4, 29, 2, 0.50
1, 2, 3, 29, 2, 0.50
1, 2, 5, 29, 11, 0.50
1, 3, 6, 29, 37, 0.50
1, 4, 5, 29, 32, 0.50
1, 4, 7, 29, 34, 0.50
1, 5, 6, 29, 16, 0.50
1, 5, 8, 29, 40, 0.50
1, 6, 9, 29, 44, 0.50
1, 7, 8, 29, 42, 0.50
1, 8, 9, 29, 21, 0.50
1, 1, 2, 30, 16, 0.50
1, 1, 4, 30, 43, 0.50
1, 2, 3, 30, 12, 0.50
1, 2, 5, 30, 35, 0.50
1, 3, 6, 30, 6, 0.50
1, 4, 5, 30, 7, 0.50
1, 4, 7, 30, 40, 0.50
1, 5, 6, 30, 35, 0.50
1, 5, 8, 30, 12, 0.50
1, 6, 9, 30, 19, 0.50
1, 7, 8, 30, 37, 0.50
1, 8, 9, 30, 14, 0.50
1, 1, 2, 31, 30, 0.50
1, 1, 4, 31, 35, 0.50
1, 2, 3, 31, 27, 0.50
1, 2, 5, 31, 22, 0.50
1, 3, 6, 31, 4, 0.50
1, 4, 5, 31, 37, 0.50
1, 4, 7, 31, 25, 0.50
1, 5, 6, 31, 30, 0.50
1, 5, 8, 31, 9, 0.50
1, 6, 9, 31, 5, 0.50
1, 7, 8, 31, 6, 0.50
1, 8, 9, 31, 16, 0.50
1, 1, 2, 32, 8, 0.50
1, 1, 4, 32, 27, 0.50
1, 2, 3, 32, 22, 0.50
1, 2, 5, 32, 12, 0.50
1, 3, 6, 32, 23, 0.50
1, 4, 5, 32, 22, 0.50
1, 4, 7, 32, 24, 0.50
1, 5, 6, 32, 35, 0.50
1, 5, 8, 32, 25, 0.50
1, 6, 9, 32, 15, 0.50
1, 7, 8, 32, 20, 0.50
1, 8, 9, 32, 44, 0.50
1, 1, 2, 33, 2, 0.50
1, 1, 4, 33, 21, 0.50
1, 2, 3, 33, 29, 0.50
1, 2, 5, 33, 14, 0.50
1, 3, 6, 33, 33, 0.50
1, 4, 5, 33, 13, 0.50
1, 4, 7, 33, 43, 0.50
1, 5, 6, 33, 37, 0.50
1, 5, 8, 33, 6, 0.50
1, 6, 9, 33, 40, 0.50
1, 7, 8, 33, 32, 0.50
1, 8, 9, 33, 15, 0.50
1, 1, 2, 34, 9, 0.50
1, 1, 4, 34, 13, 0.50
1, 2, 3, 34, 28, 0.50
1, 2, 5, 34, 9, 0.50
1, 3, 6, 34, 10, 0.50
1, 4, 5, 34, 12, 0.50
1, 4, 7, 34, 35, 0.50
1, 5, 6, 34, 22, 0.50
1, 5, 8, 34, 36, 0.50
1, 6, 9, 34, 19, 0.50
1, 7, 8, 34, 13, 0.50
1, 8, 9, 34, 11, 0.50
1, 1, 2, 35, 38, 0.50
1, 1, 4, 35, 4, 0.50
1, 2, 3, 35, 39, 0.50
1, 2, 5, 35, 20, 0.50
1, 3, 6, 35, 22, 0.50
1, 4, 5, 35, 10, 0.50
1, 4, 7, 35, 36, 0.50
1, 5, 6, 35, 34, 0.50
1, 5, 8, 35, 19, 0.50
1, 6, 9, 35, 10, 0.50
1, 7, 8, 35, 10, 0.50
1, 8, 9, 35, 2, 0.50
1, 1, 2, 36, 21, 0.50
1, 1, 4, 36, 18, 0.50
1, 2, 3, 36, 25, 0.50
1, 2, 5, 36, 23, 0.50
1, 3, 6, 36, 42, 0.50
1, 4, 5, 36, 9, 0.50
1, 4, 7, 36, 10, 0.50
1, 5, 6, 36, 18, 0.50
1, 5, 8, 36, 24, 0.50
1, 6, 9, 36, 7, 0.50
1, 7, 8, 36, 43, 0.50
1, 8, 9, 36, 4, 0.50
1, 1, 2, 37, 28, 0.50
1, 1, 4, 37, 29, 0.50
1, 2, 3, 37, 36, 0.50
1, 2, 5, 37, 29, 0.50
1, 3, 6, 37, 19, 0.50
1, 4, 5, 37, 13, 0.50
1, 4, 7, 37, 41, 0.50
1, 5, 6, 37, 37, 0.50
1, 5, 8, 37, 40, 0.50
1, 6, 9, 37, 35, 0.50
1, 7, 8, 37, 20, 0.50
1, 8, 9, 37, 31, 0.50
1, 1, 2, 38, 19, 0.50
1, 1, 4, 38, 27, 0.50
1, 2, 3, 38, 17, 0.50
1, 2, 5, 38, 10, 0.50
1, 3, 6, 38, 9, 0.50
1, 4, 5, 38, 8, 0.50
1, 4, 7, 38, 27, 0.50
1, 5, 6, 38, 15, 0.50
1, 5, 8, 38, 1, 0.50
1, 6, 9, 38, 37, 0.50
1, 7, 8, 38, 14, 0.50
1, 8, 9, 38, 43, 0.50
1, 1, 2, 39, 35, 0.50
1, 1, 4, 39, 11, 0.50
1, 2, 3, 39, 22, 0.50
1, 2, 5, 39, 19, 0.50
1, 3, 6, 39, 18, 0.50
1, 4, 5, 39, 27, 0.50
1, 4, 7, 39, 16, 0.50
1, 5, 6, 39, 7, 0.50
1, 5, 8, 39, 41, 0.50
1, 6, 9, 39, 29, 0.50
1, 7, 8, 39, 15, 0.50
1, 8, 9, 39, 3, 0.50
1, 1, 2, 40, 8, 0.50
1, 1, 4, 40, 18, 0.50
1, 2, 3, 40, 8, 0.50
1, 2, 5, 40, 17, 0.50
1, 3, 6, 40, 26, 0.50
1, 4, 5, 40, 35, 0.50
1, 4, 7, 40, 17, 0.50
1, 5, 6, 40, 42, 0.50
1, 5, 8, 40, 28, 0.50
1, 6, 9, 40, 8, 0.50
1, 7, 8, 40, 43, 0.50
1, 8, 9, 40, 24, 0.50
1, 1, 2, 41, 42, 0.50
1, 1, 4, 41, 26, 0.50
1, 2, 3, 41, 43, 0.50
1, 2, 5, 41, 41, 0.50
1, 3, 6, 41, 37, 0.50
1, 4, 5, 41, 16, 0.50
1, 4, 7, 41, 20, 0.50
1, 5, 6, 41, 2, 0.50
1, 5, 8, 41, 13, 0.50
1, 6, 9, 41, 8, 0.50
1, 7, 8, 41, 28, 0.50
1, 8, 9, 41, 7, 0.50
1, 1, 2, 42, 9, 0.50
1, 1, 4, 42, 31, 0.50
1, 2, 3, 42, 23, 0.50
1, 2, 5, 42, 16, 0.50
1, 3, 6, 42, 9, 0.50
1, 4, 5, 42, 39, 0.50
1, 4, 7, 42, 13, 0.50
1, 5, 6, 42, 38, 0.50
1, 5, 8, 42, 6, 0.50
1, 6, 9, 42, 20, 0.50
1, 7, 8, 42, 12, 0.50
1, 8, 9, 42, 11, 0.50
1, 1, 2, 43, 8, 0.50
1, 1, 4, 43, 35, 0.50
1, 2, 3, 43, 26, 0.50
1, 2, 5, 43, 39, 0.50
1, 3, 6, 43, 14, 0.50
1, 4, 5, 43, 7, 0.50
1, 4, 7, 43, 39, 0.50
1, 5, 6, 43, 26, 0.50
1, 5, 8, 43, 42, 0.50
1, 6, 9, 43, 27, 0.50
1, 7, 8, 43, 33, 0.50
1, 8, 9, 43, 2, 0.50
1, 1, 2, 44, 33, 0.50
1, 1, 4, 44, 40, 0.50
1, 2, 3, 44, 12, 0.50
1, 2, 5, 44, 2, 0.50
1, 3, 6, 44, 27, 0.50
1, 4, 5, 44, 30, 0.50
1, 4, 7, 44, 16, 0.50
1, 5, 6, 44, 42, 0.50
1, 5, 8, 44, 12, 0.50
1, 6, 9, 44, 26, 0.50
1, 7, 8, 44, 12, 0.50
1, 8, 9, 44, 18, 0.50
1, 1, 2, 45, 22, 0.50
1, 1, 4, 45, 15, 0.50
1, 2, 3, 45, 28, 0.50
1, 2, 5, 45, 22, 0.50
1, 3, 6, 45, 9, 0.50
1, 4, 5, 45, 21, 0.50
1, 4, 7, 45, 24, 0.50
1, 5, 6, 45, 20, 0.50
1, 5, 8, 45, 33, 0.50
1, 6, 9, 45, 3, 0.50
1, 7, 8, 45, 41, 0.50
1, 8, 9, 45, 16, 0.50
1, 1, 2, 46, 36, 0.50
1, 1, 4, 46, 29, 0.50
1, 2, 3, 46, 1, 0.50
1, 3, 6, 46, 43, 0.50
1, 4, 5, 46, 31, 0.50
1, 4, 7, 46, 21, 0.50
1, 5, 6, 46, 22, 0.50
1, 5, 8, 46, 37, 0.50
1, 6, 9, 46, 29, 0.50
1, 7, 8, 46, 23, 0.50
1, 8, 9, 46, 17, 0.50
1, 1, 2, 47, 14, 0.50
1, 1, 4, 47, 13, 0.50
1, 2, 5, 47, 11, 0.50
1, 3, 6, 47, 14, 0.50
1, 4, 5, 47, 20, 0.50
1, 4, 7, 47, 26, 0.50
1, 5, 6, 47, 27, 0.50
1, 5, 8, 47, 40, 0.50
1, 6, 9, 47, 37, 0.50
1, 7, 8, 47, 7, 0.50
1, 8, 9, 47, 36, 0.50
1, 1, 2, 48, 24, 0.50
1, 1, 4, 48, 7, 0.50
1, 2, 3, 48, 25, 0.50
1, 2, 5, 48, 27, 0.50
1, 3, 6, 48, 15, 0.50
1, 4, 5, 48, 25, 0.50
1, 4, 7, 48, 22, 0.50
1, 5, 6, 48, 6, 0.50
1, 5, 8, 48, 20, 0.50
1, 6, 9, 48, 26, 0.50
1, 7, 8, 48, 35, 0.50
1, 8, 9, 48, 40, 0.50
1, 1, 2, 49, 22, 0.50
1, 1, 4, 49, 14, 0.50
1, 2, 3, 49, 31, 0.50
1, 2, 5, 49, 24, 0.50
1, 3, 6, 49, 11, 0.50
1, 4, 5, 49, 12, 0.50
1, 4, 7, 49, 20, 0.50
1, 5, 6, 49, 37, 0.50
1, 5, 8, 49, 24, 0.50
1, 7, 8, 49, 31, 0.50
1, 8, 9, 49, 24, 0.50
1, 1, 2, 50, 33, 0.50
1, 1, 4, 50, 9, 0.50
1, 2, 3, 50, 13, 0.50
1, 2, 5, 50, 33, 0.50
1, 3, 6, 50, 27, 0.50
1, 4, 5, 50, 12, 0.50
1, 4, 7, 50, 10, 0.50
1, 5, 6, 50, 37, 0.50
1, 5, 8, 50, 37, 0.50
1, 6, 9, 50, 38, 0.50
1, 7, 8, 50, 27, 0.50
1, 1, 2, 51, 18, 0.50
1, 1, 4, 51, 1, 0.50
1, 2, 3, 51, 32, 0.50
1, 2, 5, 51, 12, 0.50
1, 3, 6, 51, 11, 0.50
1, 4, 5, 51, 37, 0.50
1, 4, 7, 51, 30, 0.50
1, 5, 6, 51, 31, 0.50
1, 5, 8, 51, 2, 0.50
1, 6, 9, 51, 27, 0.50
1, 7, 8, 51, 35, 0.50
1, 8, 9, 51, 8, 0.50
1, 1, 2, 52, 37, 0.50
1, 2, 3, 52, 32, 0.50
1, 2, 5, 52, 1, 0.50
1, 3, 6, 52, 32, 0.50
1, 4, 5, 52, 22, 0.50
1, 4, 7, 52, 32, 0.50
1, 5, 6, 52, 4, 0.50
1, 5, 8, 52, 16, 0.50
1, 6, 9, 52, 11, 0.50
1, 7, 8, 52, 9, 0.50
1, 1, 2, 53, 28, 0.50
1, 1, 4, 53, 20, 0.50
1, 2, 5, 53, 8, 0.50
1, 3, 6, 53, 36, 0.50
1, 4, 5, 53, 23, 0.50
1, 4, 7, 53, 33, 0.50
1, 5, 6, 53, 32, 0.50
1, 6, 9, 53, 36, 0.50
1, 7, 8, 53, 13, 0.50
1, 8, 9, 53, 6, 0.50
1, 1, 2, 54, 18, 0.50
1, 2, 3, 54, 19, 0.50
1, 2, 5, 54, 29, 0.50
1, 3, 6, 54, 9, 0.50
1, 4, 5, 54, 26, 0.50
1, 4, 7, 54, 11, 0.50
1, 5, 6, 54, 32, 0.50
1, 5, 8, 54, 22, 0.50
1, 6, 9, 54, 18, 0.50
1, 7, 8, 54, 20, 0.50
1, 8, 9, 54, 1, 0.50
1, 1, 4, 55, 23, 0.50
1, 2, 3, 55, 34, 0.50
1, 2, 5, 55, 13, 0.50
1, 3, 6, 55, 28, 0.50
1, 4, 5, 55, 7, 0.50
1, 5, 6, 55, 25, 0.50
1, 5, 8, 55, 10, 0.50
1, 7, 8, 55, 27, 0.50
1, 8, 9, 55, 29, 0.50
1, 1, 2, 56, 22, 0.50
1, 1, 4, 56, 13, 0.50
1, 2, 3, 56, 14, 0.50
1, 2, 5, 56, 6, 0.50
1, 4, 5, 56, 13, 0.50
1, 4, 7, 56, 13, 0.50
1, 5, 6, 56, 24, 0.50
1, 5, 8, 56, 10, 0.50
1, 6, 9, 56, 13, 0.50
1, 1, 2, 57, 3, 0.50
1, 1, 4, 57, 23, 0.50
1, 2, 3, 57, 6, 0.50
1, 2, 5, 57, 14, 0.50
1, 5, 6, 57, 12, 0.50
1, 5, 8, 57, 12, 0.50
1, 6, 9, 57, 16, 0.50
1, 7, 8, 57, 13, 0.50
1, 8, 9, 57, 32, 0.50
1, 1, 2, 58, 1, 0.50
1, 2, 3, 58, 7, 0.50
1, 2, 5, 58, 14, 0.50
1, 4, 5, 58, 7, 0.50
1, 5, 6, 58, 22, 0.50
1, 5, 8, 58, 8, 0.50
1, 6, 9, 58, 2, 0.50
1, 8, 9, 58, 22, 0.50
1, 1, 2, 59, 17, 0.50
1, 1, 4, 59, 8, 0.50
1, 2, 5, 59, 9, 0.50
1, 4, 5, 59, 29, 0.50
1, 4, 7, 59, 21, 0.50
1, 5, 8, 59, 9, 0.50
1, 6, 9, 59, 18, 0.50
1, 8, 9, 59, 11, 0.50
1, 1, 2, 60, 14, 0.50
1, 1, 4, 60, 15, 0.50
1, 2, 3, 60, 18, 0.50
1, 2, 5, 60, 21, 0.50
1, 3, 6, 60, 28, 0.50
1, 4, 5, 60, 23, 0.50
1, 5, 6, 60, 5, 0.50
1, 5, 8, 60, 24, 0.50
1, 7, 8, 60, 24, 0.50
1, 1, 2, 61, 28, 0.50
1, 4, 5, 61, 21, 0.50
1, 5, 6, 61, 17, 0.50
1, 6, 9, 61, 14, 0.50
1, 7, 8, 61, 5, 0.50
1, 8, 9, 61, 24, 0.50
1, 1, 2, 62, 11, 0.50
1, 1, 4, 62, 25, 0.50
1, 2, 3, 62, 23, 0.50
1, 5, 6, 62, 23, 0.50
1, 5, 8, 62, 1, 0.50
1, 7, 8, 62, 20, 0.50
1, 8, 9, 62, 10, 0.50
1, 1, 2, 63, 24, 0.50
1, 1, 4, 63, 6, 0.50
1, 2, 3, 63, 3, 0.50
1, 3, 6, 63, 24, 0.50
1, 5, 6, 63, 21, 0.50
1, 6, 9, 63, 16, 0.50
1, 7, 8, 63, 1, 0.50
1, 1, 2, 64, 19, 0.50
1, 1, 4, 64, 15, 0.50
1, 2, 3, 64, 2, 0.50
1, 4, 7, 64, 24, 0.50
1, 5, 8, 64, 25, 0.50
1, 6, 9, 64, 13, 0.50
1, 7, 8, 64, 17, 0.50
1, 1, 2, 65, 3, 0.50
1, 2, 3, 65, 14, 0.50
1, 3, 6, 65, 24, 0.50
1, 4, 5, 65, 15, 0.50
1, 5, 6, 65, 24, 0.50
1, 5, 8, 65, 10, 0.50
1, 6, 9, 65, 2, 0.50
1, 7, 8, 65, 12, 0.50
1, 8, 9, 65, 10, 0.50
1, 1, 2, 66, 20, 0.50
1, 1, 4, 66, 11, 0.50
1, 2, 3, 66, 18, 0.50
1, 4, 5, 66, 9, 0.50
1, 5, 6, 66, 18, 0.50
1, 7, 8, 66, 7, 0.50
1, 8, 9, 66, 11, 0.50
1, 1, 4, 67, 3, 0.50
1, 2, 3, 67, 3, 0.50
1, 2, 5, 67, 6, 0.50
1, 4, 7, 67, 21, 0.50
1, 5, 8, 67, 9, 0.50
1, 8, 9, 67, 13, 0.50
1, 1, 4, 68, 8, 0.50
1, 2, 3, 68, 12, 0.50
1, 4, 5, 68, 17, 0.50
1, 7, 8, 68, 14, 0.50
1, 1, 2, 69, 10, 0.50
1, 4, 7, 69, 12, 0.50
1, 5, 6, 69, 5, 0.50
1, 5, 8, 69, 20, 0.50
1, 1, 2, 70, 5, 0.50
1, 2, 3, 70, 18, 0.50
1, 4, 7, 70, 1, 0.50
1, 6, 9, 70, 17, 0.50
1, 1, 4, 71, 3, 0.50
1, 5, 6, 71, 9, 0.50
1, 5, 8, 71, 6, 0.50
1, 8, 9, 71, 3, 0.50
1, 1, 2, 72, 8, 0.50
1, 1, 4, 72, 13, 0.50
1, 2, 5, 72, 3, 0.50
1, 3, 6, 72, 14, 0.50
1, 4, 5, 72, 11, 0.50
1, 4, 7, 72, 9, 0.50
1, 5, 6, 72, 5, 0.50
1, 5, 8, 72, 8, 0.50
1, 8, 9, 72, 7, 0.50
1, 2, 3, 73, 9, 0.50
1, 3, 6, 73, 15, 0.50
1, 4, 7, 73, 9, 0.50
1, 5, 8, 73, 2, 0.50
1, 6, 9, 73, 5, 0.50
1, 8, 9, 73, 1, 0.50
1, 1, 2, 74, 2, 0.50
1, 3, 6, 74, 8, 0.50
1, 5, 8, 74, 8, 0.50
1, 1, 4, 75, 10, 0.50
1, 2, 5, 75, 8, 0.50
1, 5, 6, 75, 1, 0.50
1, 1, 4, 76, 10, 0.50
1, 4, 5, 76, 12, 0.50
1, 2, 5, 77, 3, 0.50
1, 4, 7, 77, 11, 0.50
1, 5, 8, 77, 3, 0.50
1, 8, 9, 77, 8, 0.50
1, 1, 2, 78, 1, 0.50
1, 3, 6, 78, 9, 0.50
1, 5, 6, 78, 6, 0.50
1, 5, 8, 78, 11, 0.50
1, 8, 9, 78, 9, 0.50
1, 4, 5, 79, 2, 0.50
1, 4, 7, 79, 6, 0.50
1, 8, 9, 79, 5, 0.50
1, 2, 5, 80, 4, 0.50
1, 5, 6, 80, 6, 0.50
1, 4, 7, 81, 5, 0.50
1, 6, 9, 81, 5, 0.50
1, 2, 5, 83, 4, 0.50
1, 5, 6, 83, 1, 0.50
1, 1, 2, 85, 1, 0.50
1, 1, 4, 85, 1, 0.50
1, 2, 5, 88, 1, 0.50
2, 1, 2, 0, 19, 0.50
2, 1, 4, 0, 2, 0.50
2, 2, 3, 0, 34, 0.50
2, 2, 5, 0, 18, 0.50
2, 3, 6, 0, 4, 0.50
2, 4, 5, 0, 10, 0.50
2, 4, 7, 0, 3, 0.50
2, 5, 6, 0, 34, 0.50
2, 5, 8, 0, 33, 0.50
2, 6, 9, 0, 3, 0.50
2, 7, 8, 0, 13, 0.50
2, 8, 9, 0, 4, 0.50
2, 1, 2, 1, 39, 0.50
2, 1, 4, 1, 34, 0.50
2, 2, 3, 1, 30, 0.50
2, 2, 5, 1, 33, 0.50
2, 3, 6, 1, 5, 0.50
2, 4, 5, 1, 8, 0.50
2, 4, 7, 1, 30, 0.50
2, 5, 6, 1, 5, 0.50
2, 5, 8, 1, 3, 0.50
2, 6, 9, 1, 7, 0.50
2, 7, 8, 1, 15, 0.50
2, 8, 9, 1, 34, 0.50
2, 1, 2, 2, 35, 0.50
2, 1, 4, 2, 20, 0.50
2, 2, 3, 2, 42, 0.50
2, 2, 5, 2, 11, 0.50
2, 3, 6, 2, 34, 0.50
2, 4, 5, 2, 3, 0.50
2, 4, 7, 2, 22, 0.50
2, 5, 6, 2, 21, 0.50
2, 5, 8, 2, 32, 0.50
2, 6, 9, 2, 43, 0.50
2, 7, 8, 2, 2, 0.50
2, 8, 9, 2, 38, 0.50
2, 1, 2, 3, 34, 0.50
2, 1, 4, 3, 43, 0.50
2, 2, 3, 3, 22, 0.50
2, 2, 5, 3, 11, 0.50
2, 3, 6, 3, 21, 0.50
2, 4, 5, 3, 38, 0.50
2, 4, 7, 3, 19, 0.50
2, 5, 6, 3, 28, 0.50
2, 5, 8, 3, 40, 0.50
2, 6, 9, 3, 6, 0.50
2, 7, 8, 3, 9, 0.50
2, 8, 9, 3, 24, 0.50
2, 1, 2, 4, 38, 0.50
2, 1, 4, 4, 19, 0.50
2, 2, 3, 4, 27, 0.50
2, 2, 5, 4, 44, 0.50
2, 3, 6, 4, 15, 0.50
2, 4, 5, 4, 26, 0.50
2, 4, 7, 4, 4, 0.50
2, 5, 6, 4, 14, 0.50
2, 5, 8, 4, 4, 0.50
2, 6, 9, 4, 23, 0.50
2, 7, 8, 4, 7, 0.50
2, 8, 9, 4, 11, 0.50
2, 1, 2, 5, 29, 0.50
2, 1, 4, 5, 42, 0.50
2, 2, 3, 5, 14, 0.50
2, 2, 5, 5, 33, 0.50
2, 3, 6, 5, 21, 0.50
2, 4, 5, 5, 39, 0.50
2, 4, 7, 5, 35, 0.50
2, 5, 6, 5, 14, 0.50
2, 5, 8, 5, 3, 0.50
2, 6, 9, 5, 31, 0.50
2, 7, 8, 5, 27, 0.50
2, 8, 9, 5, 34, 0.50
2, 1, 2, 6, 36, 0.50
2, 1, 4, 6, 22, 0.50
2, 2, 3, 6, 6, 0.50
2, 2, 5, 6, 38, 0.50
2, 3, 6, 6, 16, 0.50
2, 4, 5, 6, 12, 0.50
2, 4, 7, 6, 18, 0.50
2, 5, 6, 6, 15, 0.50
2, 5, 8, 6, 4, 0.50
2, 6, 9, 6, 21, 0.50
2, 7, 8, 6, 16, 0.50
2, 8, 9, 6, 5, 0.50
2, 1, 2, 7, 3, 0.50
2, 1, 4, 7, 38, 0.50
2, 2, 3, 7, 9, 0.50
2, 2, 5, 7, 10, 0.50
2, 3, 6, 7, 15, 0.50
2, 4, 5, 7, 14, 0.50
2, 4, 7, 7, 41, 0.50
2, 5, 6, 7, 27, 0.50
2, 5, 8, 7, 5, 0.50
2, 6, 9, 7, 13, 0.50
2, 7, 8, 7, 6, 0.50
2, 8, 9, 7, 15, 0.50
2, 1, 2, 8, 2, 0.50
2, 1, 4, 8, 5, 0.50
2, 2, 3, 8, 8, 0.50
2, 2, 5, 8, 1, 0.50
2, 3, 6, 8, 3, 0.50
2, 4, 5, 8, 10, 0.50
2, 4, 7, 8, 20, 0.50
2, 5, 6, 8, 22, 0.50
2, 5, 8, 8, 22, 0.50
2, 6, 9, 8, 37, 0.50
2, 7, 8, 8, 37, 0.50
2, 8, 9, 8, 40, 0.50
2, 1, 2, 9, 30, 0.50
2, 1, 4, 9, 27, 0.50
2, 2, 3, 9, 3, 0.50
2, 2, 5, 9, 32, 0.50
2, 3, 6, 9, 2, 0.50
2, 4, 5, 9, 31, 0.50
2, 4, 7, 9, 43, 0.50
2, 5, 6, 9, 3, 0.50
2, 5, 8, 9, 22, 0.50
2, 6, 9, 9, 36, 0.50
2, 7, 8, 9, 38, 0.50
2, 8, 9, 9, 35, 0.50
2, 1, 2, 10, 39, 0.50
2, 1, 4, 10, 5, 0.50
2, 2, 3, 10, 23, 0.50
2, 2, 5, 10, 1, 0.50
2, 3, 6, 10, 9, 0.50
2, 4, 5, 10, 20, 0.50
2, 4, 7, 10, 6, 0.50
2, 5, 6, 10, 20, 0.50
2, 5, 8, 10, 16, 0.50
2, 6, 9, 10, 40, 0.50
2, 7, 8, 10, 37, 0.50
2, 8, 9, 10, 28, 0.50
2, 1, 2, 11, 12, 0.50
2, 1, 4, 11, 40, 0.50
2, 2, 3, 11, 4, 0.50
2, 2, 5, 11, 35, 0.50
2, 3, 6, 11, 40, 0.50
2, 4, 5, 11, 37, 0.50
2, 4, 7, 11, 18, 0.50
2, 5, 6, 11, 25, 0.50
2, 5, 8, 11, 37, 0.50
2, 6, 9, 11, 35, 0.50
2, 7, 8, 11, 18, 0.50
2, 8, 9, 11, 22, 0.50
2, 1, 2, 12, 18, 0.50
2, 1, 4, 12, 8, 0.50
2, 2, 3, 12, 25, 0.50
2, 2, 5, 12, 6, 0.50
2, 3, 6, 12, 29, 0.50
2, 4, 5, 12, 10, 0.50
2, 4, 7, 12, 9, 0.50
2, 5, 6, 12, 29, 0.50
2, 5, 8, 12, 43, 0.50
2, 6, 9, 12, 42, 0.50
2, 7, 8, 12, 22, 0.50
2, 8, 9, 12, 24, 0.50
2, 1, 2, 13, 40, 0.50
2, 1, 4, 13, 25, 0.50
2, 2, 3, 13, 36, 0.50
2, 2, 5, 13, 14, 0.50
2, 3, 6, 13, 25, 0.50
2, 4, 5, 13, 33, 0.50
2, 4, 7, 13, 33, 0.50
2, 5, 6, 13, 27, 0.50
2, 5, 8, 13, 9, 0.50
2, 6, 9, 13, 33, 0.50
2, 7, 8, 13, 7, 0.50
2, 8, 9, 13, 3, 0.50
2, 1, 2, 14, 32, 0.50
2, 1, 4, 14, 17, 0.50
2, 2, 3, 14, 22, 0.50
2, 2, 5, 14, 27, 0.50
2, 3, 6, 14, 21, 0.50
2, 4, 5, 14, 19, 0.50
2, 4, 7, 14, 23, 0.50
2, 5, 6, 14, 9, 0.50
2, 5, 8, 14, 9, 0.50
2, 6, 9, 14, 13, 0.50
2, 7, 8, 14, 37, 0.50
2, 8, 9, 14, 31, 0.50
2, 1, 2, 15, 3, 0.50
2, 1, 4, 15, 7, 0.50
2, 2, 3, 15, 23, 0.50
2, 2, 5, 15, 30, 0.50
2, 3, 6, 15, 28, 0.50
2, 4, 5, 15, 9, 0.50
2, 4, 7, 15, 29, 0.50
2, 5, 6, 15, 5, 0.50
2, 5, 8, 15, 33, 0.50
2, 6, 9, 15, 33, 0.50
2, 7, 8, 15, 38, 0.50
2, 8, 9, 15, 36, 0.50
2, 1, 2, 16, 15, 0.50
2, 1, 4, 16, 17, 0.50
2, 2, 3, 16, 33, 0.50
2, 2, 5, 16, 25, 0.50
2, 3, 6, 16, 19, 0.50
2, 4, 5, 16, 16, 0.50
2, 4, 7, 16, 18, 0.50
2, 5, 6, 16, 43, 0.50
2, 5, 8, 16, 11, 0.50
2, 6, 9, 16, 10, 0.50
2, 7, 8, 16, 9, 0.50
2, 8, 9, 16, 34, 0.50
2, 1, 2, 17, 21, 0.50
2, 1, 4, 17, 42, 0.50
2, 2, 3, 17, 29, 0.50
2, 2, 5, 17, 26, 0.50
2, 3, 6, 17, 8, 0.50
2, 4, 5, 17, 29, 0.50
2, 4, 7, 17, 18, 0.50
2, 5, 6, 17, 16, 0.50
2, 5, 8, 17, 15, 0.50
2, 6, 9, 17, 32, 0.50
2, 7, 8, 17, 4, 0.50
2, 8, 9, 17, 28, 0.50
2, 1, 2, 18, 16, 0.50
2, 1, 4, 18, 23, 0.50
2, 2, 3, 18, 30, 0.50
2, 2, 5, 18, 34, 0.50
2, 3, 6, 18, 13, 0.50
2, 4, 5, 18, 44, 0.50
2, 4, 7, 18, 43, 0.50
2, 5, 6, 18, 7, 0.50
2, 5, 8, 18, 32, 0.50
2, 6, 9, 18, 21, 0.50
2, 7, 8, 18, 3, 0.50
2, 8, 9, 18, 37, 0.50
2, 1, 2, 19, 7, 0.50
2, 1, 4, 19, 22, 0.50
2, 2, 3, 19, 12, 0.50
2, 2, 5, 19, 33, 0.50
2, 3, 6, 19, 26, 0.50
2, 4, 5, 19, 30, 0.50
2, 4, 7, 19, 24, 0.50
2, 5, 6, 19, 8, 0.50
2, 5, 8, 19, 28, 0.50
2, 6, 9, 19, 36, 0.50
2, 7, 8, 19, 21, 0.50
2, 8, 9, 19, 25, 0.50
2, 1, 2, 20, 7, 0.50
2, 1, 4, 20, 5, 0.50
2, 2, 3, 20, 20, 0.50
2, 2, 5, 20, 14, 0.50
2, 3, 6, 20, 9, 0.50
2, 4, 5, 20, 21, 0.50
2, 4, 7, 20, 12, 0.50
2, 5, 6, 20, 28, 0.50
2, 5, 8, 20, 8, 0.50
2, 6, 9, 20, 39, 0.50
2, 7, 8, 20, 26, 0.50
2, 8, 9, 20, 26, 0.50
2, 1, 2, 21, 3, 0.50
2, 1, 4, 21, 30, 0.50
2, 2, 3, 21, 34, 0.50
2, 2, 5, 21, 14, 0.50
2, 3, 6, 21, 38, 0.50
2, 4, 5, 21, 18, 0.50
2, 4, 7, 21, 23, 0.50
2, 5, 6, 21, 30, 0.50
2, 5, 8, 21, 11, 0.50
2, 6, 9, 21, 27, 0.50
2, 7, 8, 21, 24, 0.50
2, 8, 9, 21, 24, 0.50
2, 1, 2, 22, 1, 0.50
2, 1, 4, 22, 41, 0.50
2, 2, 3, 22, 9, 0.50
2, 2, 5, 22, 7, 0.50
2, 3, 6, 22, 26, 0.50
2, 4, 5, 22, 39, 0.50
2, 4, 7, 22, 14, 0.50
2, 5, 6, 22, 37, 0.50
2, 5, 8, 22, 13, 0.50
2, 6, 9, 22, 1, 0.50
2, 7, 8, 22, 13, 0.50
2, 8, 9, 22, 34, 0.50
2, 1, 2, 23, 33, 0.50
2, 1, 4, 23, 25, 0.50
2, 2, 3, 23, 32, 0.50
2, 2, 5, 23, 6, 0.50
2, 3, 6, 23, 1, 0.50
2, 4, 5, 23, 3, 0.50
2, 4, 7, 23, 37, 0.50
2, 5, 6, 23, 12, 0.50
2, 5, 8, 23, 39, 0.50
2, 6, 9, 23, 34, 0.50
2, 7, 8, 23, 43, 0.50
2, 8, 9, 23, 40, 0.50
2, 1, 2, 24, 34, 0.50
2, 1, 4, 24, 25, 0.50
2, 2, 3, 24, 44, 0.50
2, 2, 5, 24, 33, 0.50
2, 3, 6, 24, 34, 0.50
2, 4, 5, 24, 7, 0.50
2, 4, 7, 24, 29, 0.50
2, 5, 6, 24, 6, 0.50
2, 5, 8, 24, 42, 0.50
2, 6, 9, 24, 16, 0.50
2, 7, 8, 24, 14, 0.50
2, 8, 9, 24, 18, 0.50
2, 1, 2, 25, 30, 0.50
2, 1, 4, 25, 29, 0.50
2, 2, 3, 25, 12, 0.50
2, 2, 5, 25, 15, 0.50
2, 3, 6, 25, 17, 0.50
2, 4, 5, 25, 41, 0.50
2, 4, 7, 25, 5, 0.50
2, 5, 6, 25, 31, 0.50
2, 5, 8, 25, 3, 0.50
2, 6, 9, 25, 4, 0.50
2, 7, 8, 25, 43, 0.50
2, 8, 9, 25, 27, 0.50
2, 1, 2, 26, 18, 0.50
2, 1, 4, 26, 25, 0.50
2, 2, 3, 26, 32, 0.50
2, 2, 5, 26, 12, 0.50
2, 3, 6, 26, 13, 0.50
2, 4, 5, 26, 19, 0.50
2, 4, 7, 26, 21, 0.50
2, 5, 6, 26, 39, 0.50
2, 5, 8, 26, 11, 0.50
2, 6, 9, 26, 42, 0.50
2, 7, 8, 26, 35, 0.50
2, 8, 9, 26, 38, 0.50
2, 1, 2, 27, 14, 0.50
2, 1, 4, 27, 19, 0.50
2, 2, 3, 27, 23, 0.50
2, 2, 5, 27, 40, 0.50
2, 3, 6, 27, 19, 0.50
2, 4, 5, 27, 39, 0.50
2, 4, 7, 27, 7, 0.50
2, 5, 6, 27, 37, 0.50
2, 5, 8, 27, 2, 0.50
2, 6, 9, 27, 41, 0.50
2, 7, 8, 27, 23, 0.50
2, 8, 9, 27, 37, 0.50
2, 1, 2, 28, 26, 0.50
2, 1, 4, 28, 22, 0.50
2, 2, 3, 28, 5, 0.50
2, 2, 5, 28, 26, 0.50
2, 3, 6, 28, 12, 0.50
2, 4, 5, 28, 5, 0.50
2, 4, 7, 28, 1, 0.50
2, 5, 6, 28, 12, 0.50
2, 5, 8, 28, 21, 0.50
2, 6, 9, 28, 14, 0.50
2, 7, 8, 28, 27, 0.50
2, 8, 9, 28, 16, 0.50
2, 1, 2, 29, 43, 0.50
2, 1, 4, 29, 16, 0.50
2, 2, 3, 29, 23, 0.50
2, 2, 5, 29, 42, 0.50
2, 3, 6, 29, 41, 0.50
2, 4, 5, 29, 6, 0.50
2, 4, 7, 29, 23, 0.50
2, 5, 6, 29, 17, 0.50
2, 5, 8, 29, 14, 0.50
2, 6, 9, 29, 1, 0.50
2, 7, 8, 29, 5, 0.50
2, 8, 9, 29, 21, 0.50
2, 1, 2, 30, 37, 0.50
2, 1, 4, 30, 14, 0.50
2, 2, 3, 30, 34, 0.50
2, 2, 5, 30, 22, 0.50
2, 3, 6, 30, 34, 0.50
2, 4, 5, 30, 22, 0.50
2, 4, 7, 30, 8, 0.50
2, 5, 6, 30, 3, 0.50
2, 5, 8, 30, 19, 0.50
2, 6, 9, 30, 10, 0.50
2, 7, 8, 30, 11, 0.50
2, 8, 9, 30, 31, 0.50
2, 1, 2, 31, 19, 0.50
2, 1, 4, 31, 26, 0.50
2, 2, 3, 31, 17, 0.50
2, 2, 5, 31, 29, 0.50
2, 3, 6, 31, 38, 0.50
2, 4, 5, 31, 19, 0.50
2, 4, 7, 31, 26, 0.50
2, 5, 6, 31, 13, 0.50
2, 5, 8, 31, 42, 0.50
2, 6, 9, 31, 39, 0.50
2, 7, 8, 31, 15, 0.50
2, 8, 9, 31, 3, 0.50
2, 1, 2, 32, 15, 0.50
2, 1, 4, 32, 34, 0.50
2, 2, 3, 32, 13, 0.50
2, 2, 5, 32, 24, 0.50
2, 3, 6, 32, 23, 0.50
2, 4, 5, 32, 33, 0.50
2, 4, 7, 32, 6, 0.50
2, 5, 6, 32, 6, 0.50
2, 5, 8, 32, 23, 0.50
2, 6, 9, 32, 27, 0.50
2, 7, 8, 32, 39, 0.50
2, 8, 9, 32, 4, 0.50
2, 1, 2, 33, 17, 0.50
2, 1, 4, 33, 26, 0.50
2, 2, 3, 33, 43, 0.50
2, 2, 5, 33, 41, 0.50
2, 3, 6, 33, 13, 0.50
2, 4, 5, 33, 36, 0.50
2, 4, 7, 33, 32, 0.50
2, 5, 6, 33, 16, 0.50
2, 5, 8, 33, 6, 0.50
2, 6, 9, 33, 13, 0.50
2, 7, 8, 33, 36, 0.50
2, 8, 9, 33, 27, 0.50
2, 1, 2, 34, 36, 0.50
2, 1, 4, 34, 25, 0.50
2, 2, 3, 34, 31, 0.50
2, 2, 5, 34, 9, 0.50
2, 3, 6, 34, 6, 0.50
2, 4, 5, 34, 5, 0.50
2, 4, 7, 34, 24, 0.50
2, 5, 6, 34, 13, 0.50
2, 5, 8, 34, 35, 0.50
2, 6, 9, 34, 28, 0.50
2, 7, 8, 34, 13, 0.50
2, 8, 9, 34, 10, 0.50
2, 1, 2, 35, 17, 0.50
2, 1, 4, 35, 37, 0.50
2, 2, 3, 35, 33, 0.50
2, 2, 5, 35, 4, 0.50
2, 3, 6, 35, 43, 0.50
2, 4, 5, 35, 25, 0.50
2, 4, 7, 35, 13, 0.50
2, 5, 6, 35, 34, 0.50
2, 5, 8, 35, 29, 0.50
2, 6, 9, 35, 33, 0.50
2, 7, 8, 35, 34, 0.50
2, 8, 9, 35, 20, 0.50
2, 1, 2, 36, 26, 0.50
2, 1, 4, 36, 10, 0.50
2, 2, 3, 36, 32, 0.50
2, 2, 5, 36, 14, 0.50
2, 3, 6, 36, 19, 0.50
2, 4, 5, 36, 2, 0.50
2, 4, 7, 36, 14, 0.50
2, 5, 6, 36, 33, 0.50
2, 5, 8, 36, 20, 0.50
2, 6, 9, 36, 13, 0.50
2, 7, 8, 36, 8, 0.50
2, 8, 9, 36, 27, 0.50
2, 1, 2, 37, 37, 0.50
2, 1, 4, 37, 14, 0.50
2, 2, 3, 37, 29, 0.50
2, 2, 5, 37, 35, 0.50
2, 3, 6, 37, 17, 0.50
2, 4, 5, 37, 32, 0.50
2, 4, 7, 37, 22, 0.50
2, 5, 6, 37, 17, 0.50
2, 5, 8, 37, 40, 0.50
2, 6, 9, 37, 16, 0.50
2, 7, 8, 37, 7, 0.50
2, 8, 9, 37, 14, 0.50
2, 1, 2, 38, 43, 0.50
2, 1, 4, 38, 30, 0.50
2, 2, 3, 38, 20, 0.50
2, 2, 5, 38, 7, 0.50
2, 3, 6, 38, 3, 0.50
2, 4, 5, 38, 10, 0.50
2, 4, 7, 38, 4, 0.50
2, 5, 6, 38, 43, 0.50
2, 5, 8, 38, 27, 0.50
2, 6, 9, 38, 40, 0.50
2, 7, 8, 38, 37, 0.50
2, 8, 9, 38, 3, 0.50
2, 1, 2, 39, 6, 0.50
2, 1, 4, 39, 12, 0.50
2, 2, 3, 39, 6, 0.50
2, 2, 5, 39, 22, 0.50
2, 3, 6, 39, 33, 0.50
2, 4, 5, 39, 34, 0.50
2, 4, 7, 39, 16, 0.50
2, 5, 6, 39, 36, 0.50
2, 5, 8, 39, 36, 0.50
2, 6, 9, 39, 6, 0.50
2, 7, 8, 39, 41, 0.50
2, 8, 9, 39, 22, 0.50
2, 1, 2, 40, 15, 0.50
2, 1, 4, 40, 14, 0.50
2, 2, 3, 40, 23, 0.50
2, 2, 5, 40, 30, 0.50
2, 3, 6, 40, 23, 0.50
2, 4, 5, 40, 28, 0.50
2, 4, 7, 40, 11, 0.50
2, 5, 6, 40, 29, 0.50
2, 5, 8, 40, 34, 0.50
2, 6, 9, 40, 10, 0.50
2, 7, 8, 40, 4, 0.50
2, 8, 9, 40, 40, 0.50
2, 1, 2, 41, 8, 0.50
2, 1, 4, 41, 27, 0.50
2, 2, 3, 41, 34, 0.50
2, 2, 5, 41, 32, 0.50
2, 3, 6, 41, 12, 0.50
2, 4, 5, 41, 34, 0.50
2, 4, 7, 41, 24, 0.50
2, 5, 6, 41, 31, 0.50
2, 5, 8, 41, 22, 0.50
2, 6, 9, 41, 8, 0.50
2, 7, 8, 41, 17, 0.50
2, 8, 9, 41, 28, 0.50
2, 1, 2, 42, 30, 0.50
2, 1, 4, 42, 23, 0.50
2, 2, 3, 42, 33, 0.50
2, 2, 5, 42, 5, 0.50
2, 3, 6, 42, 7, 0.50
2, 4, 5, 42, 18, 0.50
2, 4, 7, 42, 10, 0.50
2, 5, 6, 42, 30, 0.50
2, 5, 8, 42, 35, 0.50
2, 6, 9, 42, 28, 0.50
2, 7, 8, 42, 7, 0.50
2, 8, 9, 42, 25, 0.50
2, 1, 2, 43, 16, 0.50
2, 1, 4, 43, 29, 0.50
2, 2, 3, 43, 18, 0.50
2, 2, 5, 43, 43, 0.50
2, 3, 6, 43, 36, 0.50
2, 4, 5, 43, 24, 0.50
2, 4, 7, 43, 4, 0.50
2, 5, 6, 43, 22, 0.50
2, 5, 8, 43, 41, 0.50
2, 6, 9, 43, 38, 0.50
2, 7, 8, 43, 8, 0.50
2, 8, 9, 43, 39, 0.50
2, 1, 2, 44, 11, 0.50
2, 1, 4, 44, 9, 0.50
2, 2, 3, 44, 16, 0.50
2, 2, 5, 44, 25, 0.50
2, 3, 6, 44, 14, 0.50
2, 4, 5, 44, 36, 0.50
2, 4, 7, 44, 19, 0.50
2, 5, 6, 44, 36, 0.50
2, 5, 8, 44, 9, 0.50
2, 6, 9, 44, 6, 0.50
2, 7, 8, 44, 21, 0.50
2, 8, 9, 44, 41, 0.50
2, 1, 2, 45, 33, 0.50
2, 1, 4, 45, 28, 0.50
2, 2, 3, 45, 5, 0.50
2, 2, 5, 45, 35, 0.50
2, 3, 6, 45, 26, 0.50
2, 4, 5, 45, 39, 0.50
2, 4, 7, 45, 9, 0.50
2, 5, 6, 45, 8, 0.50
2, 5, 8, 45, 41, 0.50
2, 6, 9, 45, 36, 0.50
2, 7, 8, 45, 24, 0.50
2, 8, 9, 45, 26, 0.50
2, 1, 2, 46, 9, 0.50
2, 1, 4, 46, 5, 0.50
2, 2, 3, 46, 6, 0.50
2, 2, 5, 46, 18, 0.50
2, 3, 6, 46, 3, 0.50
2, 4, 5, 46, 27, 0.50
2, 4, 7, 46, 5, 0.50
2, 5, 6, 46, 16, 0.50
2, 5, 8, 46, 15, 0.50
2, 6, 9, 46, 24, 0.50
2, 7, 8, 46, 2, 0.50
2, 8, 9, 46, 26, 0.50
2, 1, 2, 47, 27, 0.50
2, 1, 4, 47, 30, 0.50
2, 2, 5, 47, 15, 0.50
2, 3, 6, 47, 23, 0.50
2, 4, 5, 47, 29, 0.50
2, 4, 7, 47, 29, 0.50
2, 5, 6, 47, 7, 0.50
2, 5, 8, 47, 27, 0.50
2, 6, 9, 47, 20, 0.50
2, 7, 8, 47, 1, 0.50
2, 8, 9, 47, 38, 0.50
2, 1, 2, 48, 28, 0.50
2, 1, 4, 48, 25, 0.50
2, 2, 3, 48, 15, 0.50
2, 2, 5, 48, 7, 0.50
2, 3, 6, 48, 32, 0.50
2, 4, 5, 48, 41, 0.50
2, 4, 7, 48, 25, 0.50
2, 5, 6, 48, 18, 0.50
2, 5, 8, 48, 24, 0.50
2, 6, 9, 48, 32, 0.50
2, 7, 8, 48, 9, 0.50
2, 8, 9, 48, 25, 0.50
2, 1, 2, 49, 3, 0.50
2, 1, 4, 49, 16, 0.50
2, 2, 3, 49, 17, 0.50
2, 2, 5, 49, 28, 0.50
2, 3, 6, 49, 3, 0.50
2, 4, 5, 49, 20, 0.50
2, 5, 8, 49, 17, 0.50
2, 6, 9, 49, 16, 0.50
2, 7, 8, 49, 19, 0.50
2, 8, 9, 49, 5, 0.50
2, 1, 2, 50, 31, 0.50
2, 1, 4, 50, 39, 0.50
2, 2, 3, 50, 10, 0.50
2, 2, 5, 50, 14, 0.50
2, 3, 6, 50, 38, 0.50
2, 4, 5, 50, 4, 0.50
2, 5, 6, 50, 37, 0.50
2, 5, 8, 50, 7, 0.50
2, 6, 9, 50, 17, 0.50
2, 7, 8, 50, 14, 0.50
2, 8, 9, 50, 2, 0.50
2, 1, 2, 51, 21, 0.50
2, 1, 4, 51, 30, 0.50
2, 2, 3, 51, 22, 0.50
2, 3, 6, 51, 22, 0.50
2, 4, 5, 51, 25, 0.50
2, 5, 8, 51, 23, 0.50
2, 6, 9, 51, 15, 0.50
2, 7, 8, 51, 2, 0.50
2, 8, 9, 51, 34, 0.50
2, 1, 4, 52, 21, 0.50
2, 2, 3, 52, 24, 0.50
2, 2, 5, 52, 7, 0.50
2, 3, 6, 52, 2, 0.50
2, 4, 5, 52, 19, 0.50
2, 4, 7, 52, 23, 0.50
2, 5, 6, 52, 9, 0.50
2, 5, 8, 52, 23, 0.50
2, 6, 9, 52, 34, 0.50
2, 8, 9, 52, 27, 0.50
2, 1, 2, 53, 34, 0.50
2, 1, 4, 53, 5, 0.50
2, 2, 5, 53, 15, 0.50
2, 3, 6, 53, 28, 0.50
2, 4, 5, 53, 7, 0.50
2, 4, 7, 53, 17, 0.50
2, 5, 8, 53, 8, 0.50
2, 6, 9, 53, 27, 0.50
2, 7, 8, 53, 25, 0.50
2, 8, 9, 53, 22, 0.50
2, 1, 2, 54, 30, 0.50
2, 1, 4, 54, 18, 0.50
2, 2, 3, 54, 8, 0.50
2, 2, 5, 54, 17, 0.50
2, 3, 6, 54, 10, 0.50
2, 4, 5, 54, 35, 0.50
2, 4, 7, 54, 11, 0.50
2, 5, 6, 54, 13, 0.50
2, 6, 9, 54, 8, 0.50
2, 7, 8, 54, 8, 0.50
2, 8, 9, 54, 3, 0.50
2, 1, 2, 55, 13, 0.50
2, 1, 4, 55, 34, 0.50
2, 2, 3, 55, 31, 0.50
2, 2, 5, 55, 31, 0.50
2, 3, 6, 55, 20, 0.50
2, 4, 7, 55, 29, 0.50
2, 5, 6, 55, 16, 0.50
2, 5, 8, 55, 1, 0.50
2, 6, 9, 55, 34, 0.50
2, 7, 8, 55, 6, 0.50
2, 1, 2, 56, 24, 0.50
2, 1, 4, 56, 25, 0.50
2, 2, 3, 56, 16, 0.50
2, 2, 5, 56, 4, 0.50
2, 3, 6, 56, 11, 0.50
2, 5, 6, 56, 26, 0.50
2, 5, 8, 56, 25, 0.50
2, 6, 9, 56, 10, 0.50
2, 7, 8, 56, 24, 0.50
2, 8, 9, 56, 30, 0.50
2, 1, 2, 57, 9, 0.50
2, 2, 3, 57, 13, 0.50
2, 2, 5, 57, 26, 0.50
2, 3, 6, 57, 4, 0.50
2, 4, 7, 57, 27, 0.50
2, 5, 6, 57, 9, 0.50
2, 5, 8, 57, 27, 0.50
2, 7, 8, 57, 17, 0.50
2, 1, 2, 58, 20, 0.50
2, 1, 4, 58, 2, 0.50
2, 2, 3, 58, 21, 0.50
2, 2, 5, 58, 22, 0.50
2, 4, 7, 58, 3, 0.50
2, 5, 8, 58, 31, 0.50
2, 6, 9, 58, 13, 0.50
2, 8, 9, 58, 6, 0.50
2, 1, 2, 59, 22, 0.50
2, 1, 4, 59, 1, 0.50
2, 2, 3, 59, 20, 0.50
2, 3, 6, 59, 11, 0.50
2, 4, 7, 59, 21, 0.50
2, 5, 6, 59, 27, 0.50
2, 5, 8, 59, 14, 0.50
2, 6, 9, 59, 24, 0.50
2, 1, 4, 60, 27, 0.50
2, 2, 3, 60, 12, 0.50
2, 3, 6, 60, 22, 0.50
2, 5, 6, 60, 10, 0.50
2, 5, 8, 60, 10, 0.50
2, 6, 9, 60, 28, 0.50
2, 7, 8, 60, 25, 0.50
2, 8, 9, 60, 15, 0.50
2, 1, 2, 61, 12, 0.50
2, 1, 4, 61, 28, 0.50
2, 2, 3, 61, 23, 0.50
2, 2, 5, 61, 16, 0.50
2, 4, 5, 61, 23, 0.50
2, 8, 9, 61, 19, 0.50
2, 1, 4, 62, 5, 0.50
2, 2, 3, 62, 14, 0.50
2, 2, 5, 62, 6, 0.50
2, 3, 6, 62, 2, 0.50
2, 4, 5, 62, 22, 0.50
2, 6, 9, 62, 23, 0.50
2, 7, 8, 62, 18, 0.50
2, 1, 2, 63, 21, 0.50
2, 1, 4, 63, 17, 0.50
2, 2, 5, 63, 26, 0.50
2, 3, 6, 63, 9, 0.50
2, 5, 6, 63, 17, 0.50
2, 5, 8, 63, 1, 0.50
2, 6, 9, 63, 21, 0.50
2, 7, 8, 63, 23, 0.50
2, 8, 9, 63, 14, 0.50
2, 1, 2, 64, 23, 0.50
2, 2, 3, 64, 24, 0.50
2, 4, 5, 64, 9, 0.50
2, 4, 7, 64, 17, 0.50
2, 5, 8, 64, 13, 0.50
2, 7, 8, 64, 8, 0.50
2, 1, 2, 65, 18, 0.50
2, 1, 4, 65, 7, 0.50
2, 2, 3, 65, 10, 0.50
2, 3, 6, 65, 15, 0.50
2, 4, 5, 65, 18, 0.50
2, 5, 6, 65, 21, 0.50
2, 7, 8, 65, 17, 0.50
2, 1, 2, 66, 21, 0.50
2, 1, 4, 66, 9, 0.50
2, 2, 3, 66, 11, 0.50
2, 2, 5, 66, 17, 0.50
2, 3, 6, 66, 15, 0.50
2, 4, 7, 66, 1, 0.50
2, 5, 6, 66, 21, 0.50
2, 5, 8, 66, 5, 0.50
2, 6, 9, 66, 11, 0.50
2, 1, 2, 67, 6, 0.50
2, 1, 4, 67, 18, 0.50
2, 2, 3, 67, 10, 0.50
2, 3, 6, 67, 2, 0.50
2, 4, 7, 67, 13, 0.50
2, 5, 6, 67, 7, 0.50
2, 6, 9, 67, 5, 0.50
2, 7, 8, 67, 7, 0.50
2, 1, 4, 68, 20, 0.50
2, 2, 5, 68, 4, 0.50
2, 4, 7, 68, 14, 0.50
2, 5, 8, 68, 4, 0.50
2, 6, 9, 68, 20, 0.50
2, 7, 8, 68, 7, 0.50
2, 1, 2, 69, 18, 0.50
2, 1, 4, 69, 2, 0.50
2, 4, 5, 69, 8, 0.50
2, 4, 7, 69, 17, 0.50
2, 5, 6, 69, 8, 0.50
2, 5, 8, 69, 10, 0.50
2, 6, 9, 69, 13, 0.50
2, 7, 8, 69, 4, 0.50
2, 8, 9, 69, 5, 0.50
2, 1, 4, 70, 15, 0.50
2, 2, 3, 70, 16, 0.50
2, 5, 6, 70, 19, 0.50
2, 5, 8, 70, 17, 0.50
2, 7, 8, 70, 13, 0.50
2, 4, 5, 71, 4, 0.50
2, 8, 9, 71, 9, 0.50
2, 1, 2, 72, 7, 0.50
2, 1, 4, 72, 13, 0.50
2, 2, 3, 72, 8, 0.50
2, 2, 5, 72, 5, 0.50
2, 3, 6, 72, 5, 0.50
2, 1, 4, 73, 6, 0.50
2, 2, 3, 73, 12, 0.50
2, 2, 5, 73, 14, 0.50
2, 4, 5, 73, 5, 0.50
2, 5, 8, 73, 7, 0.50
2, 1, 2, 74, 11, 0.50
2, 1, 4, 74, 4, 0.50
2, 2, 3, 74, 12, 0.50
2, 3, 6, 74, 3, 0.50
2, 4, 7, 74, 12, 0.50
2, 5, 8, 74, 13, 0.50
2, 7, 8, 74, 14, 0.50
2, 4, 5, 75, 14, 0.50
2, 7, 8, 75, 3, 0.50
2, 1, 2, 76, 12, 0.50
2, 2, 5, 76, 8, 0.50
2, 4, 5, 76, 6, 0.50
2, 4, 7, 76, 4, 0.50
2, 5, 8, 76, 10, 0.50
2, 1, 4, 77, 2, 0.50
2, 4, 7, 77, 5, 0.50
2, 6, 9, 77, 6, 0.50
2, 2, 5, 78, 10, 0.50
2, 7, 8, 78, 5, 0.50
2, 1, 4, 79, 7, 0.50
2, 5, 6, 79, 10, 0.50
2, 7, 8, 79, 5, 0.50
2, 5, 8, 80, 5, 0.50
2, 6, 9, 80, 7, 0.50
2, 5, 6, 81, 8, 0.50
2, 5, 8, 81, 4, 0.50
2, 2, 5, 82, 6, 0.50
2, 8, 9, 82, 4, 0.50
2, 1, 2, 83, 5, 0.50
2, 2, 5, 83, 3, 0.50
2, 4, 5, 83, 4, 0.50
2, 4, 7, 83, 6, 0.50
2, 5, 6, 83, 4, 0.50
2, 4, 5, 84, 3, 0.50
2, 7, 8, 84, 3, 0.50
2, 4, 5, 85, 1, 0.50
2, 4, 5, 88, 1, 0.50
