k, i, j, t, w, pr
1, 1, 2, 0, 14, 0.25
1, 1, 4, 0, 17, 0.25
1, 2, 3, 0, 36, 0.25
1, 2, 5, 0, 13, 0.25
1, 3, 6, 0, 18, 0.25
1, 4, 5, 0, 17, 0.25
1, 4, 7, 0, 5, 0.25
1, 5, 6, 0, 32, 0.25
1, 5, 8, 0, 36, 0.25
1, 6, 9, 0, 6, 0.25
1, 7, 8, 0, 10, 0.25
1, 8, 9, 0, 8, 0.25
1, 1, 2, 1, 36, 0.25
1, 1, 4, 1, 34, 0.25
1, 2, 3, 1, 17, 0.25
1, 2, 5, 1, 28, 0.25
1, 3, 6, 1, 7, 0.25
1, 4, 5, 1, 1, 0.25
1, 4, 7, 1, 2, 0.25
1, 5, 6, 1, 38, 0.25
1, 5, 8, 1, 2, 0.25
1, 6, 9, 1, 31, 0.25
1, 7, 8, 1, 4, 0.25
1, 8, 9, 1, 25, 0.25
1, 1, 2, 2, 3, 0.25
1, 1, 4, 2, 33, 0.25
1, 2, 3, 2, 16, 0.25
1, 2, 5, 2, 33, 0.25
1, 3, 6, 2, 20, 0.25
1, 4, 5, 2, 42, 0.25
1, 4, 7, 2, 35, 0.25
1, 5, 6, 2, 29, 0.25
1, 5, 8, 2, 2, 0.25
1, 6, 9, 2, 26, 0.25
1, 7, 8, 2, 4, 0.25
1, 8, 9, 2, 42, 0.25
1, 1, 2, 3, 16, 0.25
1, 1, 4, 3, 36, 0.25
1, 2, 3, 3, 28, 0.25
1, 2, 5, 3, 38, 0.25
1, 3, 6, 3, 11, 0.25
1, 4, 5, 3, 27, 0.25
1, 4, 7, 3, 2, 0.25
1, 5, 6, 3, 40, 0.25
1, 5, 8, 3, 41, 0.25
1, 6, 9, 3, 27, 0.25
1, 7, 8, 3, 37, 0.25
1, 8, 9, 3, 30, 0.25
1, 1, 2, 4, 7, 0.25
1, 1, 4, 4, 2, 0.25
1, 2, 3, 4, 22, 0.25
1, 2, 5, 4, 35, 0.25
1, 3, 6, 4, 15, 0.25
1, 4, 5, 4, 20, 0.25
1, 4, 7, 4, 40, 0.25
1, 5, 6, 4, 28, 0.25
1, 5, 8, 4, 20, 0.25
1, 6, 9, 4, 30, 0.25
1, 7, 8, 4, 2, 0.25
1, 8, 9, 4, 2, 0.25
1, 1, 2, 5, 22, 0.25
1, 1, 4, 5, 7, 0.25
1, 2, 3, 5, 14, 0.25
1, 2, 5, 5, 20, 0.25
1, 3, 6, 5, 10, 0.25
1, 4, 5, 5, 25, 0.25
1, 4, 7, 5, 11, 0.25
1, 5, 6, 5, 19, 0.25
1, 5, 8, 5, 21, 0.25
1, 6, 9, 5, 20, 0.25
1, 7, 8, 5, 11, 0.25
1, 8, 9, 5, 35, 0.25
1, 1, 2, 6, 14, 0.25
1, 1, 4, 6, 33, 0.25
1, 2, 3, 6, 27, 0.25
1, 2, 5, 6, 44, 0.25
1, 3, 6, 6, 18, 0.25
1, 4, 5, 6, 18, 0.25
1, 4, 7, 6, 11, 0.25
1, 5, 6, 6, 20, 0.25
1, 5, 8, 6, 8, 0.25
1, 6, 9, 6, 39, 0.25
1, 7, 8, 6, 26, 0.25
1, 8, 9, 6, 33, 0.25
1, 1, 2, 7, 35, 0.25
1, 1, 4, 7, 4, 0.25
1, 2, 3, 7, 32, 0.25
1, 2, 5, 7, 10, 0.25
1, 3, 6, 7, 19, 0.25
1, 4, 5, 7, 42, 0.25
1, 4, 7, 7, 36, 0.25
1, 5, 6, 7, 5, 0.25
1, 5, 8, 7, 35, 0.25
1, 6, 9, 7, 22, 0.25
1, 7, 8, 7, 16, 0.25
1, 8, 9, 7, 9, 0.25
1, 1, 2, 8, 19, 0.25
1, 1, 4, 8, 21, 0.25
1, 2, 3, 8, 6, 0.25
1, 2, 5, 8, 44, 0.25
1, 3, 6, 8, 9, 0.25
1, 4, 5, 8, 4, 0.25
1, 4, 7, 8, 21, 0.25
1, 5, 6, 8, 21, 0.25
1, 5, 8, 8, 19, 0.25
1, 6, 9, 8, 6, 0.25
1, 7, 8, 8, 32, 0.25
1, 8, 9, 8, 5, 0.25
1, 1, 2, 9, 21, 0.25
1, 1, 4, 9, 30, 0.25
1, 2, 3, 9, 34, 0.25
1, 2, 5, 9, 7, 0.25
1, 3, 6, 9, 33, 0.25
1, 4, 5, 9, 7, 0.25
1, 4, 7, 9, 32, 0.25
1, 5, 6, 9, 40, 0.25
1, 5, 8, 9, 27, 0.25
1, 6, 9, 9, 4, 0.25
1, 7, 8, 9, 1, 0.25
1, 8, 9, 9, 38, 0.25
1, 1, 2, 10, 18, 0.25
1, 1, 4, 10, 36, 0.25
1, 2, 3, 10, 9, 0.25
1, 2, 5, 10, 12, 0.25
1, 3, 6, 10, 3, 0.25
1, 4, 5, 10, 23, 0.25
1, 4, 7, 10, 16, 0.25
1, 5, 6, 10, 38, 0.25
1, 5, 8, 10, 39, 0.25
1, 6, 9, 10, 20, 0.25
1, 7, 8, 10, 22, 0.25
1, 8, 9, 10, 3, 0.25
1, 1, 2, 11, 7, 0.25
1, 1, 4, 11, 32, 0.25
1, 2, 3, 11, 36, 0.25
1, 2, 5, 11, 41, 0.25
1, 3, 6, 11, 18, 0.25
1, 4, 5, 11, 41, 0.25
1, 4, 7, 11, 8, 0.25
1, 5, 6, 11, 30, 0.25
1, 5, 8, 11, 3, 0.25
1, 6, 9, 11, 19, 0.25
1, 7, 8, 11, 30, 0.25
1, 8, 9, 11, 17, 0.25
1, 1, 2, 12, 43, 0.25
1, 1, 4, 12, 22, 0.25
1, 2, 3, 12, 10, 0.25
1, 2, 5, 12, 15, 0.25
1, 3, 6, 12, 26, 0.25
1, 4, 5, 12, 16, 0.25
1, 4, 7, 12, 17, 0.25
1, 5, 6, 12, 44, 0.25
1, 5, 8, 12, 3, 0.25
1, 6, 9, 12, 17, 0.25
1, 7, 8, 12, 32, 0.25
1, 8, 9, 12, 24, 0.25
1, 1, 2, 13, 24, 0.25
1, 1, 4, 13, 5, 0.25
1, 2, 3, 13, 36, 0.25
1, 2, 5, 13, 44, 0.25
1, 3, 6, 13, 12, 0.25
1, 4, 5, 13, 39, 0.25
1, 4, 7, 13, 16, 0.25
1, 5, 6, 13, 18, 0.25
1, 5, 8, 13, 26, 0.25
1, 6, 9, 13, 16, 0.25
1, 7, 8, 13, 29, 0.25
1, 8, 9, 13, 2, 0.25
1, 1, 2, 14, 13, 0.25
1, 1, 4, 14, 39, 0.25
1, 2, 3, 14, 9, 0.25
1, 2, 5, 14, 37, 0.25
1, 3, 6, 14, 30, 0.25
1, 4, 5, 14, 26, 0.25
1, 4, 7, 14, 23, 0.25
1, 5, 6, 14, 35, 0.25
1, 5, 8, 14, 36, 0.25
1, 6, 9, 14, 2, 0.25
1, 7, 8, 14, 19, 0.25
1, 8, 9, 14, 20, 0.25
1, 1, 2, 15, 19, 0.25
1, 1, 4, 15, 41, 0.25
1, 2, 3, 15, 13, 0.25
1, 2, 5, 15, 9, 0.25
1, 3, 6, 15, 19, 0.25
1, 4, 5, 15, 44, 0.25
1, 4, 7, 15, 12, 0.25
1, 5, 6, 15, 40, 0.25
1, 5, 8, 15, 4, 0.25
1, 6, 9, 15, 19, 0.25
1, 7, 8, 15, 20, 0.25
1, 8, 9, 15, 11, 0.25
1, 1, 2, 16, 16, 0.25
1, 1, 4, 16, 23, 0.25
1, 2, 3, 16, 44, 0.25
1, 2, 5, 16, 41, 0.25
1, 3, 6, 16, 6, 0.25
1, 4, 5, 16, 30, 0.25
1, 4, 7, 16, 27, 0.25
1, 5, 6, 16, 6, 0.25
1, 5, 8, 16, 42, 0.25
1, 6, 9, 16, 36, 0.25
1, 7, 8, 16, 37, 0.25
1, 8, 9, 16, 29, 0.25
1, 1, 2, 17, 6, 0.25
1, 1, 4, 17, 34, 0.25
1, 2, 3, 17, 34, 0.25
1, 2, 5, 17, 8, 0.25
1, 3, 6, 17, 4, 0.25
1, 4, 5, 17, 20, 0.25
1, 4, 7, 17, 34, 0.25
1, 5, 6, 17, 15, 0.25
1, 5, 8, 17, 2, 0.25
1, 6, 9, 17, 34, 0.25
1, 7, 8, 17, 3, 0.25
1, 8, 9, 17, 3, 0.25
1, 1, 2, 18, 36, 0.25
1, 1, 4, 18, 28, 0.25
1, 2, 3, 18, 15, 0.25
1, 2, 5, 18, 31, 0.25
1, 3, 6, 18, 39, 0.25
1, 4, 5, 18, 34, 0.25
1, 4, 7, 18, 32, 0.25
1, 5, 6, 18, 41, 0.25
1, 5, 8, 18, 28, 0.25
1, 6, 9, 18, 35, 0.25
1, 7, 8, 18, 26, 0.25
1, 8, 9, 18, 15, 0.25
1, 1, 2, 19, 40, 0.25
1, 1, 4, 19, 36, 0.25
1, 2, 3, 19, 10, 0.25
1, 2, 5, 19, 40, 0.25
1, 3, 6, 19, 2, 0.25
1, 4, 5, 19, 17, 0.25
1, 4, 7, 19, 2, 0.25
1, 5, 6, 19, 5, 0.25
1, 5, 8, 19, 24, 0.25
1, 6, 9, 19, 6, 0.25
1, 7, 8, 19, 24, 0.25
1, 8, 9, 19, 9, 0.25
1, 1, 2, 20, 38, 0.25
1, 1, 4, 20, 7, 0.25
1, 2, 3, 20, 20, 0.25
1, 2, 5, 20, 30, 0.25
1, 3, 6, 20, 38, 0.25
1, 4, 5, 20, 33, 0.25
1, 4, 7, 20, 25, 0.25
1, 5, 6, 20, 32, 0.25
1, 5, 8, 20, 2, 0.25
1, 6, 9, 20, 31, 0.25
1, 7, 8, 20, 37, 0.25
1, 8, 9, 20, 22, 0.25
1, 1, 2, 21, 44, 0.25
1, 1, 4, 21, 18, 0.25
1, 2, 3, 21, 17, 0.25
1, 2, 5, 21, 19, 0.25
1, 3, 6, 21, 7, 0.25
1, 4, 5, 21, 31, 0.25
1, 4, 7, 21, 32, 0.25
1, 5, 6, 21, 7, 0.25
1, 5, 8, 21, 25, 0.25
1, 6, 9, 21, 22, 0.25
1, 7, 8, 21, 7, 0.25
1, 8, 9, 21, 17, 0.25
1, 1, 2, 22, 5, 0.25
1, 1, 4, 22, 36, 0.25
1, 2, 3, 22, 33, 0.25
1, 2, 5, 22, 22, 0.25
1, 3, 6, 22, 30, 0.25
1, 4, 5, 22, 4, 0.25
1, 4, 7, 22, 34, 0.25
1, 5, 6, 22, 30, 0.25
1, 5, 8, 22, 3, 0.25
1, 6, 9, 22, 18, 0.25
1, 7, 8, 22, 24, 0.25
1, 8, 9, 22, 17, 0.25
1, 1, 2, 23, 24, 0.25
1, 1, 4, 23, 35, 0.25
1, 2, 3, 23, 5, 0.25
1, 2, 5, 23, 30, 0.25
1, 3, 6, 23, 40, 0.25
1, 4, 5, 23, 16, 0.25
1, 4, 7, 23, 8, 0.25
1, 5, 6, 23, 38, 0.25
1, 5, 8, 23, 2, 0.25
1, 6, 9, 23, 41, 0.25
1, 7, 8, 23, 37, 0.25
1, 8, 9, 23, 3, 0.25
1, 1, 2, 24, 27, 0.25
1, 1, 4, 24, 43, 0.25
1, 2, 3, 24, 12, 0.25
1, 2, 5, 24, 39, 0.25
1, 3, 6, 24, 24, 0.25
1, 4, 5, 24, 40, 0.25
1, 4, 7, 24, 32, 0.25
1, 5, 6, 24, 18, 0.25
1, 5, 8, 24, 14, 0.25
1, 6, 9, 24, 35, 0.25
1, 7, 8, 24, 9, 0.25
1, 8, 9, 24, 28, 0.25
1, 1, 2, 25, 32, 0.25
1, 1, 4, 25, 19, 0.25
1, 2, 3, 25, 5, 0.25
1, 2, 5, 25, 3, 0.25
1, 3, 6, 25, 22, 0.25
1, 4, 5, 25, 11, 0.25
1, 4, 7, 25, 4, 0.25
1, 5, 6, 25, 35, 0.25
1, 5, 8, 25, 12, 0.25
1, 6, 9, 25, 23, 0.25
1, 7, 8, 25, 39, 0.25
1, 8, 9, 25, 42, 0.25
1, 1, 2, 26, 7, 0.25
1, 1, 4, 26, 22, 0.25
1, 2, 3, 26, 17, 0.25
1, 2, 5, 26, 11, 0.25
1, 3, 6, 26, 33, 0.25
1, 4, 5, 26, 22, 0.25
1, 4, 7, 26, 12, 0.25
1, 5, 6, 26, 33, 0.25
1, 5, 8, 26, 3, 0.25
1, 6, 9, 26, 10, 0.25
1, 7, 8, 26, 25, 0.25
1, 8, 9, 26, 30, 0.25
1, 1, 2, 27, 28, 0.25
1, 1, 4, 27, 33, 0.25
1, 2, 3, 27, 6, 0.25
1, 2, 5, 27, 12, 0.25
1, 3, 6, 27, 30, 0.25
1, 4, 5, 27, 11, 0.25
1, 4, 7, 27, 41, 0.25
1, 5, 6, 27, 17, 0.25
1, 5, 8, 27, 35, 0.25
1, 6, 9, 27, 27, 0.25
1, 7, 8, 27, 9, 0.25
1, 8, 9, 27, 21, 0.25
1, 1, 2, 28, 38, 0.25
1, 1, 4, 28, 38, 0.25
1, 2, 3, 28, 9, 0.25
1, 2, 5, 28, 43, 0.25
1, 3, 6, 28, 41, 0.25
1, 4, 5, 28, 11, 0.25
1, 4, 7, 28, 9, 0.25
1, 5, 6, 28, 33, 0.25
1, 5, 8, 28, 19, 0.25
1, 6, 9, 28, 15, 0.25
1, 7, 8, 28, 22, 0.25
1, 8, 9, 28, 16, 0.25
1, 1, 2, 29, 7, 0.25
1, 1, 4, 29, 31, 0.25
1, 2, 3, 29, 8, 0.25
1, 2, 5, 29, 40, 0.25
1, 3, 6, 29, 13, 0.25
1, 4, 5, 29, 24, 0.25
1, 4, 7, 29, 22, 0.25
1, 5, 6, 29, 8, 0.25
1, 5, 8, 29, 15, 0.25
1, 6, 9, 29, 43, 0.25
1, 7, 8, 29, 42, 0.25
1, 8, 9, 29, 8, 0.25
1, 1, 2, 30, 29, 0.25
1, 1, 4, 30, 20, 0.25
1, 2, 3, 30, 22, 0.25
1, 2, 5, 30, 30, 0.25
1, 3, 6, 30, 32, 0.25
1, 4, 5, 30, 2, 0.25
1, 4, 7, 30, 35, 0.25
1, 5, 6, 30, 37, 0.25
1, 5, 8, 30, 38, 0.25
1, 6, 9, 30, 18, 0.25
1, 7, 8, 30, 25, 0.25
1, 8, 9, 30, 13, 0.25
1, 1, 2, 31, 15, 0.25
1, 1, 4, 31, 4, 0.25
1, 2, 3, 31, 36, 0.25
1, 2, 5, 31, 9, 0.25
1, 3, 6, 31, 18, 0.25
1, 4, 5, 31, 31, 0.25
1, 4, 7, 31, 1, 0.25
1, 5, 6, 31, 20, 0.25
1, 5, 8, 31, 36, 0.25
1, 6, 9, 31, 27, 0.25
1, 7, 8, 31, 33, 0.25
1, 8, 9, 31, 15, 0.25
1, 1, 2, 32, 41, 0.25
1, 1, 4, 32, 32, 0.25
1, 2, 3, 32, 28, 0.25
1, 2, 5, 32, 22, 0.25
1, 3, 6, 32, 20, 0.25
1, 4, 5, 32, 7, 0.25
1, 4, 7, 32, 37, 0.25
1, 5, 6, 32, 4, 0.25
1, 5, 8, 32, 10, 0.25
1, 6, 9, 32, 5, 0.25
1, 7, 8, 32, 23, 0.25
1, 8, 9, 32, 7, 0.25
1, 1, 2, 33, 3, 0.25
1, 1, 4, 33, 13, 0.25
1, 2, 3, 33, 9, 0.25
1, 2, 5, 33, 41, 0.25
1, 3, 6, 33, 5, 0.25
1, 4, 5, 33, 18, 0.25
1, 4, 7, 33, 27, 0.25
1, 5, 6, 33, 2, 0.25
1, 5, 8, 33, 3, 0.25
1, 6, 9, 33, 7, 0.25
1, 7, 8, 33, 19, 0.25
1, 8, 9, 33, 38, 0.25
1, 1, 2, 34, 25, 0.25
1, 1, 4, 34, 9, 0.25
1, 2, 3, 34, 20, 0.25
1, 2, 5, 34, 6, 0.25
1, 3, 6, 34, 37, 0.25
1, 4, 5, 34, 15, 0.25
1, 4, 7, 34, 16, 0.25
1, 5, 6, 34, 37, 0.25
1, 5, 8, 34, 9, 0.25
1, 6, 9, 34, 2, 0.25
1, 7, 8, 34, 26, 0.25
1, 8, 9, 34, 33, 0.25
1, 1, 2, 35, 18, 0.25
1, 1, 4, 35, 2, 0.25
1, 2, 3, 35, 21, 0.25
1, 2, 5, 35, 44, 0.25
1, 3, 6, 35, 7, 0.25
1, 4, 5, 35, 11, 0.25
1, 4, 7, 35, 26, 0.25
1, 5, 6, 35, 38, 0.25
1, 5, 8, 35, 25, 0.25
1, 6, 9, 35, 40, 0.25
1, 7, 8, 35, 16, 0.25
1, 8, 9, 35, 43, 0.25
1, 1, 2, 36, 21, 0.25
1, 1, 4, 36, 15, 0.25
1, 2, 3, 36, 31, 0.25
1, 2, 5, 36, 32, 0.25
1, 3, 6, 36, 31, 0.25
1, 4, 5, 36, 6, 0.25
1, 4, 7, 36, 28, 0.25
1, 5, 6, 36, 22, 0.25
1, 5, 8, 36, 11, 0.25
1, 6, 9, 36, 28, 0.25
1, 7, 8, 36, 35, 0.25
1, 8, 9, 36, 35, 0.25
1, 1, 2, 37, 19, 0.25
1, 1, 4, 37, 38, 0.25
1, 2, 3, 37, 38, 0.25
1, 2, 5, 37, 20, 0.25
1, 3, 6, 37, 26, 0.25
1, 4, 5, 37, 40, 0.25
1, 4, 7, 37, 2, 0.25
1, 5, 6, 37, 25, 0.25
1, 5, 8, 37, 36, 0.25
1, 6, 9, 37, 8, 0.25
1, 7, 8, 37, 39, 0.25
1, 8, 9, 37, 13, 0.25
1, 1, 2, 38, 24, 0.25
1, 1, 4, 38, 14, 0.25
1, 2, 3, 38, 17, 0.25
1, 2, 5, 38, 9, 0.25
1, 3, 6, 38, 43, 0.25
1, 4, 5, 38, 8, 0.25
1, 4, 7, 38, 19, 0.25
1, 5, 6, 38, 41, 0.25
1, 5, 8, 38, 12, 0.25
1, 6, 9, 38, 28, 0.25
1, 7, 8, 38, 40, 0.25
1, 8, 9, 38, 2, 0.25
1, 1, 2, 39, 7, 0.25
1, 1, 4, 39, 28, 0.25
1, 2, 3, 39, 6, 0.25
1, 2, 5, 39, 26, 0.25
1, 3, 6, 39, 38, 0.25
1, 4, 5, 39, 14, 0.25
1, 4, 7, 39, 31, 0.25
1, 5, 6, 39, 28, 0.25
1, 5, 8, 39, 31, 0.25
1, 6, 9, 39, 12, 0.25
1, 7, 8, 39, 5, 0.25
1, 8, 9, 39, 34, 0.25
1, 1, 2, 40, 14, 0.25
1, 1, 4, 40, 30, 0.25
1, 2, 3, 40, 43, 0.25
1, 2, 5, 40, 8, 0.25
1, 3, 6, 40, 17, 0.25
1, 4, 5, 40, 44, 0.25
1, 4, 7, 40, 35, 0.25
1, 5, 6, 40, 31, 0.25
1, 5, 8, 40, 40, 0.25
1, 6, 9, 40, 35, 0.25
1, 7, 8, 40, 23, 0.25
1, 8, 9, 40, 19, 0.25
1, 1, 2, 41, 21, 0.25
1, 1, 4, 41, 9, 0.25
1, 2, 3, 41, 32, 0.25
1, 2, 5, 41, 2, 0.25
1, 3, 6, 41, 33, 0.25
1, 4, 5, 41, 4, 0.25
1, 4, 7, 41, 21, 0.25
1, 5, 6, 41, 18, 0.25
1, 5, 8, 41, 42, 0.25
1, 6, 9, 41, 6, 0.25
1, 7, 8, 41, 1, 0.25
1, 8, 9, 41, 5, 0.25
1, 1, 2, 42, 4, 0.25
1, 1, 4, 42, 15, 0.25
1, 2, 3, 42, 3, 0.25
1, 2, 5, 42, 27, 0.25
1, 3, 6, 42, 4, 0.25
1, 4, 5, 42, 8, 0.25
1, 4, 7, 42, 38, 0.25
1, 5, 6, 42, 15, 0.25
1, 5, 8, 42, 33, 0.25
1, 6, 9, 42, 6, 0.25
1, 7, 8, 42, 42, 0.25
1, 8, 9, 42, 24, 0.25
1, 1, 2, 43, 41, 0.25
1, 1, 4, 43, 12, 0.25
1, 2, 3, 43, 15, 0.25
1, 2, 5, 43, 9, 0.25
1, 3, 6, 43, 32, 0.25
1, 4, 5, 43, 12, 0.25
1, 4, 7, 43, 19, 0.25
1, 5, 6, 43, 36, 0.25
1, 5, 8, 43, 21, 0.25
1, 6, 9, 43, 16, 0.25
1, 7, 8, 43, 12, 0.25
1, 8, 9, 43, 2, 0.25
1, 1, 2, 44, 24, 0.25
1, 1, 4, 44, 40, 0.25
1, 2, 3, 44, 14, 0.25
1, 2, 5, 44, 40, 0.25
1, 3, 6, 44, 4, 0.25
1, 4, 5, 44, 41, 0.25
1, 4, 7, 44, 33, 0.25
1, 5, 6, 44, 22, 0.25
1, 5, 8, 44, 30, 0.25
1, 6, 9, 44, 35, 0.25
1, 7, 8, 44, 33, 0.25
1, 8, 9, 44, 2, 0.25
1, 1, 2, 45, 35, 0.25
1, 1, 4, 45, 28, 0.25
1, 2, 3, 45, 38, 0.25
1, 2, 5, 45, 22, 0.25
1, 3, 6, 45, 21, 0.25
1, 4, 5, 45, 39, 0.25
1, 4, 7, 45, 41, 0.25
1, 5, 6, 45, 40, 0.25
1, 5, 8, 45, 39, 0.25
1, 6, 9, 45, 15, 0.25
1, 7, 8, 45, 37, 0.25
1, 8, 9, 45, 18, 0.25
1, 1, 2, 46, 23, 0.25
1, 1, 4, 46, 7, 0.25
1, 2, 3, 46, 17, 0.25
1, 2, 5, 46, 29, 0.25
1, 3, 6, 46, 35, 0.25
1, 4, 5, 46, 1, 0.25
1, 4, 7, 46, 2, 0.25
1, 5, 6, 46, 25, 0.25
1, 5, 8, 46, 13, 0.25
1, 6, 9, 46, 35, 0.25
1, 7, 8, 46, 25, 0.25
1, 8, 9, 46, 34, 0.25
1, 1, 2, 47, 33, 0.25
1, 1, 4, 47, 17, 0.25
1, 2, 3, 47, 27, 0.25
1, 2, 5, 47, 5, 0.25
1, 3, 6, 47, 38, 0.25
1, 4, 5, 47, 30, 0.25
1, 4, 7, 47, 39, 0.25
1, 5, 6, 47, 41, 0.25
1, 5, 8, 47, 20, 0.25
1, 6, 9, 47, 13, 0.25
1, 7, 8, 47, 42, 0.25
1, 8, 9, 47, 24, 0.25
1, 1, 2, 48, 5, 0.25
1, 1, 4, 48, 5, 0.25
1, 2, 3, 48, 37, 0.25
1, 2, 5, 48, 17, 0.25
1, 3, 6, 48, 40, 0.25
1, 4, 7, 48, 15, 0.25
1, 5, 6, 48, 16, 0.25
1, 5, 8, 48, 11, 0.25
1, 7, 8, 48, 16, 0.25
1, 8, 9, 48, 40, 0.25
1, 1, 2, 49, 14, 0.25
1, 1, 4, 49, 13, 0.25
1, 2, 3, 49, 38, 0.25
1, 3, 6, 49, 24, 0.25
1, 4, 5, 49, 25, 0.25
1, 4, 7, 49, 27, 0.25
1, 5, 6, 49, 12, 0.25
1, 5, 8, 49, 17, 0.25
1, 6, 9, 49, 28, 0.25
1, 7, 8, 49, 9, 0.25
1, 8, 9, 49, 32, 0.25
1, 1, 2, 50, 16, 0.25
1, 1, 4, 50, 38, 0.25
1, 2, 3, 50, 31, 0.25
1, 2, 5, 50, 32, 0.25
1, 3, 6, 50, 39, 0.25
1, 5, 6, 50, 9, 0.25
1, 5, 8, 50, 30, 0.25
1, 6, 9, 50, 35, 0.25
1, 7, 8, 50, 11, 0.25
1, 8, 9, 50, 22, 0.25
1, 1, 2, 51, 2, 0.25
1, 1, 4, 51, 25, 0.25
1, 2, 3, 51, 26, 0.25
1, 3, 6, 51, 19, 0.25
1, 4, 5, 51, 25, 0.25
1, 4, 7, 51, 36, 0.25
1, 5, 8, 51, 32, 0.25
1, 6, 9, 51, 34, 0.25
1, 7, 8, 51, 35, 0.25
1, 8, 9, 51, 31, 0.25
1, 1, 2, 52, 19, 0.25
1, 1, 4, 52, 2, 0.25
1, 2, 3, 52, 8, 0.25
1, 2, 5, 52, 26, 0.25
1, 3, 6, 52, 13, 0.25
1, 4, 5, 52, 10, 0.25
1, 4, 7, 52, 37, 0.25
1, 5, 6, 52, 25, 0.25
1, 5, 8, 52, 10, 0.25
1, 6, 9, 52, 13, 0.25
1, 7, 8, 52, 13, 0.25
1, 8, 9, 52, 24, 0.25
1, 1, 2, 53, 12, 0.25
1, 1, 4, 53, 22, 0.25
1, 2, 3, 53, 18, 0.25
1, 2, 5, 53, 7, 0.25
1, 3, 6, 53, 6, 0.25
1, 4, 5, 53, 33, 0.25
1, 4, 7, 53, 17, 0.25
1, 5, 6, 53, 18, 0.25
1, 5, 8, 53, 5, 0.25
1, 6, 9, 53, 7, 0.25
1, 7, 8, 53, 29, 0.25
1, 8, 9, 53, 5, 0.25
1, 1, 2, 54, 15, 0.25
1, 1, 4, 54, 32, 0.25
1, 2, 3, 54, 8, 0.25
1, 2, 5, 54, 8, 0.25
1, 3, 6, 54, 26, 0.25
1, 4, 5, 54, 21, 0.25
1, 5, 6, 54, 8, 0.25
1, 5, 8, 54, 10, 0.25
1, 6, 9, 54, 9, 0.25
1, 7, 8, 54, 13, 0.25
1, 8, 9, 54, 17, 0.25
1, 1, 2, 55, 5, 0.25
1, 1, 4, 55, 10, 0.25
1, 2, 3, 55, 3, 0.25
1, 2, 5, 55, 28, 0.25
1, 3, 6, 55, 19, 0.25
1, 4, 7, 55, 9, 0.25
1, 5, 6, 55, 1, 0.25
1, 6, 9, 55, 10, 0.25
1, 7, 8, 55, 5, 0.25
1, 8, 9, 55, 29, 0.25
1, 1, 2, 56, 26, 0.25
1, 2, 3, 56, 9, 0.25
1, 2, 5, 56, 8, 0.25
1, 3, 6, 56, 8, 0.25
1, 4, 7, 56, 33, 0.25
1, 5, 6, 56, 10, 0.25
1, 5, 8, 56, 2, 0.25
1, 6, 9, 56, 19, 0.25
1, 7, 8, 56, 24, 0.25
1, 1, 2, 57, 17, 0.25
1, 2, 3, 57, 22, 0.25
1, 2, 5, 57, 23, 0.25
1, 4, 5, 57, 31, 0.25
1, 5, 6, 57, 12, 0.25
1, 5, 8, 57, 5, 0.25
1, 7, 8, 57, 18, 0.25
1, 8, 9, 57, 14, 0.25
1, 1, 4, 58, 5, 0.25
1, 2, 5, 58, 15, 0.25
1, 3, 6, 58, 4, 0.25
1, 4, 5, 58, 14, 0.25
1, 4, 7, 58, 24, 0.25
1, 6, 9, 58, 25, 0.25
1, 8, 9, 58, 15, 0.25
1, 1, 2, 59, 10, 0.25
1, 2, 3, 59, 14, 0.25
1, 2, 5, 59, 21, 0.25
1, 3, 6, 59, 14, 0.25
1, 4, 5, 59, 29, 0.25
1, 7, 8, 59, 23, 0.25
1, 8, 9, 59, 20, 0.25
1, 1, 4, 60, 13, 0.25
1, 2, 3, 60, 24, 0.25
1, 4, 5, 60, 21, 0.25
1, 5, 6, 60, 24, 0.25
1, 6, 9, 60, 17, 0.25
1, 8, 9, 60, 28, 0.25
1, 1, 4, 61, 28, 0.25
1, 2, 3, 61, 9, 0.25
1, 2, 5, 61, 28, 0.25
1, 3, 6, 61, 19, 0.25
1, 4, 5, 61, 10, 0.25
1, 5, 6, 61, 2, 0.25
1, 5, 8, 61, 9, 0.25
1, 6, 9, 61, 13, 0.25
1, 1, 4, 62, 16, 0.25
1, 3, 6, 62, 18, 0.25
1, 4, 5, 62, 25, 0.25
1, 5, 6, 62, 8, 0.25
1, 5, 8, 62, 19, 0.25
1, 7, 8, 62, 12, 0.25
1, 8, 9, 62, 19, 0.25
1, 1, 2, 63, 2, 0.25
1, 1, 4, 63, 3, 0.25
1, 2, 3, 63, 20, 0.25
1, 2, 5, 63, 21, 0.25
1, 3, 6, 63, 4, 0.25
1, 4, 5, 63, 1, 0.25
1, 4, 7, 63, 24, 0.25
1, 5, 8, 63, 17, 0.25
1, 6, 9, 63, 10, 0.25
1, 7, 8, 63, 18, 0.25
1, 1, 2, 64, 12, 0.25
1, 1, 4, 64, 17, 0.25
1, 2, 3, 64, 11, 0.25
1, 2, 5, 64, 23, 0.25
1, 3, 6, 64, 25, 0.25
1, 4, 7, 64, 15, 0.25
1, 5, 6, 64, 20, 0.25
1, 5, 8, 64, 25, 0.25
1, 8, 9, 64, 23, 0.25
1, 1, 4, 65, 17, 0.25
1, 2, 3, 65, 23, 0.25
1, 2, 5, 65, 20, 0.25
1, 4, 5, 65, 23, 0.25
1, 6, 9, 65, 13, 0.25
1, 7, 8, 65, 14, 0.25
1, 8, 9, 65, 5, 0.25
1, 1, 2, 66, 3, 0.25
1, 1, 4, 66, 11, 0.25
1, 2, 5, 66, 9, 0.25
1, 4, 5, 66, 14, 0.25
1, 4, 7, 66, 18, 0.25
1, 5, 6, 66, 2, 0.25
1, 5, 8, 66, 18, 0.25
1, 6, 9, 66, 15, 0.25
1, 1, 4, 67, 15, 0.25
1, 2, 3, 67, 7, 0.25
1, 2, 5, 67, 13, 0.25
1, 3, 6, 67, 6, 0.25
1, 4, 5, 67, 13, 0.25
1, 4, 7, 67, 3, 0.25
1, 6, 9, 67, 2, 0.25
1, 7, 8, 67, 20, 0.25
1, 1, 2, 68, 4, 0.25
1, 2, 5, 68, 10, 0.25
1, 5, 8, 68, 5, 0.25
1, 7, 8, 68, 18, 0.25
1, 2, 3, 69, 5, 0.25
1, 2, 5, 69, 7, 0.25
1, 5, 8, 69, 16, 0.25
1, 2, 3, 70, 19, 0.25
1, 3, 6, 70, 8, 0.25
1, 4, 5, 70, 4, 0.25
1, 6, 9, 70, 3, 0.25
1, 7, 8, 70, 2, 0.25
1, 8, 9, 70, 2, 0.25
1, 1, 4, 71, 5, 0.25
1, 4, 5, 71, 3, 0.25
1, 5, 8, 71, 15, 0.25
1, 8, 9, 71, 8, 0.25
1, 1, 4, 72, 15, 0.25
1, 1, 4, 73, 3, 0.25
1, 2, 3, 73, 14, 0.25
1, 2, 5, 73, 1, 0.25
1, 3, 6, 73, 15, 0.25
1, 5, 6, 73, 8, 0.25
1, 8, 9, 73, 10, 0.25
1, 1, 2, 74, 13, 0.25
1, 1, 4, 74, 15, 0.25
1, 2, 5, 74, 12, 0.25
1, 3, 6, 74, 10, 0.25
1, 5, 6, 74, 9, 0.25
1, 1, 2, 75, 12, 0.25
1, 2, 3, 75, 8, 0.25
1, 4, 5, 75, 8, 0.25
1, 4, 7, 75, 5, 0.25
1, 5, 8, 75, 7, 0.25
1, 7, 8, 76, 9, 0.25
1, 1, 4, 77, 11, 0.25
1, 5, 6, 77, 3, 0.25
1, 5, 8, 77, 12, 0.25
1, 2, 3, 78, 10, 0.25
1, 7, 8, 79, 2, 0.25
1, 2, 5, 80, 7, 0.25
1, 8, 9, 80, 2, 0.25
1, 2, 5, 81, 5, 0.25
1, 8, 9, 81, 5, 0.25
1, 1, 4, 82, 3, 0.25
1, 3, 6, 83, 4, 0.25
1, 6, 9, 85, 2, 0.25
1, 7, 8, 85, 1, 0.25
2, 1, 2, 0, 1, 0.25
2, 1, 4, 0, 19, 0.25
2, 2, 3, 0, 41, 0.25
2, 2, 5, 0, 9, 0.25
2, 3, 6, 0, 26, 0.25
2, 4, 5, 0, 39, 0.25
2, 4, 7, 0, 30, 0.25
2, 5, 6, 0, 5, 0.25
2, 5, 8, 0, 26, 0.25
2, 6, 9, 0, 22, 0.25
2, 7, 8, 0, 27, 0.25
2, 8, 9, 0, 23, 0.25
2, 1, 2, 1, 36, 0.25
2, 1, 4, 1, 4, 0.25
2, 2, 3, 1, 38, 0.25
2, 2, 5, 1, 21, 0.25
2, 3, 6, 1, 22, 0.25
2, 4, 5, 1, 2, 0.25
2, 4, 7, 1, 41, 0.25
2, 5, 6, 1, 37, 0.25
2, 5, 8, 1, 40, 0.25
2, 6, 9, 1, 28, 0.25
2, 7, 8, 1, 3, 0.25
2, 8, 9, 1, 3, 0.25
2, 1, 2, 2, 20, 0.25
2, 1, 4, 2, 42, 0.25
2, 2, 3, 2, 21, 0.25
2, 2, 5, 2, 7, 0.25
2, 3, 6, 2, 8, 0.25
2, 4, 5, 2, 34, 0.25
2, 4, 7, 2, 28, 0.25
2, 5, 6, 2, 22, 0.25
2, 5, 8, 2, 42, 0.25
2, 6, 9, 2, 31, 0.25
2, 7, 8, 2, 25, 0.25
2, 8, 9, 2, 22, 0.25
2, 1, 2, 3, 20, 0.25
2, 1, 4, 3, 9, 0.25
2, 2, 3, 3, 21, 0.25
2, 2, 5, 3, 35, 0.25
2, 3, 6, 3, 21, 0.25
2, 4, 5, 3, 44, 0.25
2, 4, 7, 3, 18, 0.25
2, 5, 6, 3, 43, 0.25
2, 5, 8, 3, 41, 0.25
2, 6, 9, 3, 27, 0.25
2, 7, 8, 3, 35, 0.25
2, 8, 9, 3, 9, 0.25
2, 1, 2, 4, 11, 0.25
2, 1, 4, 4, 17, 0.25
2, 2, 3, 4, 4, 0.25
2, 2, 5, 4, 6, 0.25
2, 3, 6, 4, 22, 0.25
2, 4, 5, 4, 13, 0.25
2, 4, 7, 4, 24, 0.25
2, 5, 6, 4, 6, 0.25
2, 5, 8, 4, 39, 0.25
2, 6, 9, 4, 31, 0.25
2, 7, 8, 4, 5, 0.25
2, 8, 9, 4, 34, 0.25
2, 1, 2, 5, 24, 0.25
2, 1, 4, 5, 36, 0.25
2, 2, 3, 5, 19, 0.25
2, 2, 5, 5, 35, 0.25
2, 3, 6, 5, 43, 0.25
2, 4, 5, 5, 11, 0.25
2, 4, 7, 5, 27, 0.25
2, 5, 6, 5, 15, 0.25
2, 5, 8, 5, 35, 0.25
2, 6, 9, 5, 40, 0.25
2, 7, 8, 5, 5, 0.25
2, 8, 9, 5, 32, 0.25
2, 1, 2, 6, 18, 0.25
2, 1, 4, 6, 5, 0.25
2, 2, 3, 6, 4, 0.25
2, 2, 5, 6, 40, 0.25
2, 3, 6, 6, 31, 0.25
2, 4, 5, 6, 23, 0.25
2, 4, 7, 6, 13, 0.25
2, 5, 6, 6, 33, 0.25
2, 5, 8, 6, 37, 0.25
2, 6, 9, 6, 28, 0.25
2, 7, 8, 6, 31, 0.25
2, 8, 9, 6, 25, 0.25
2, 1, 2, 7, 36, 0.25
2, 1, 4, 7, 44, 0.25
2, 2, 3, 7, 28, 0.25
2, 2, 5, 7, 28, 0.25
2, 3, 6, 7, 33, 0.25
2, 4, 5, 7, 40, 0.25
2, 4, 7, 7, 43, 0.25
2, 5, 6, 7, 28, 0.25
2, 5, 8, 7, 6, 0.25
2, 6, 9, 7, 13, 0.25
2, 7, 8, 7, 41, 0.25
2, 8, 9, 7, 29, 0.25
2, 1, 2, 8, 31, 0.25
2, 1, 4, 8, 6, 0.25
2, 2, 3, 8, 3, 0.25
2, 2, 5, 8, 37, 0.25
2, 3, 6, 8, 35, 0.25
2, 4, 5, 8, 32, 0.25
2, 4, 7, 8, 43, 0.25
2, 5, 6, 8, 43, 0.25
2, 5, 8, 8, 32, 0.25
2, 6, 9, 8, 38, 0.25
2, 7, 8, 8, 26, 0.25
2, 8, 9, 8, 36, 0.25
2, 1, 2, 9, 38, 0.25
2, 1, 4, 9, 42, 0.25
2, 2, 3, 9, 3, 0.25
2, 2, 5, 9, 29, 0.25
2, 3, 6, 9, 24, 0.25
2, 4, 5, 9, 22, 0.25
2, 4, 7, 9, 18, 0.25
2, 5, 6, 9, 23, 0.25
2, 5, 8, 9, 7, 0.25
2, 6, 9, 9, 11, 0.25
2, 7, 8, 9, 23, 0.25
2, 8, 9, 9, 10, 0.25
2, 1, 2, 10, 30, 0.25
2, 1, 4, 10, 39, 0.25
2, 2, 3, 10, 35, 0.25
2, 2, 5, 10, 30, 0.25
2, 3, 6, 10, 36, 0.25
2, 4, 5, 10, 22, 0.25
2, 4, 7, 10, 3, 0.25
2, 5, 6, 10, 19, 0.25
2, 5, 8, 10, 1, 0.25
2, 6, 9, 10, 33, 0.25
2, 7, 8, 10, 26, 0.25
2, 8, 9, 10, 4, 0.25
2, 1, 2, 11, 10, 0.25
2, 1, 4, 11, 20, 0.25
2, 2, 3, 11, 30, 0.25
2, 2, 5, 11, 5, 0.25
2, 3, 6, 11, 32, 0.25
2, 4, 5, 11, 37, 0.25
2, 4, 7, 11, 26, 0.25
2, 5, 6, 11, 10, 0.25
2, 5, 8, 11, 28, 0.25
2, 6, 9, 11, 27, 0.25
2, 7, 8, 11, 41, 0.25
2, 8, 9, 11, 43, 0.25
2, 1, 2, 12, 27, 0.25
2, 1, 4, 12, 37, 0.25
2, 2, 3, 12, 19, 0.25
2, 2, 5, 12, 8, 0.25
2, 3, 6, 12, 21, 0.25
2, 4, 5, 12, 34, 0.25
2, 4, 7, 12, 26, 0.25
2, 5, 6, 12, 40, 0.25
2, 5, 8, 12, 9, 0.25
2, 6, 9, 12, 35, 0.25
2, 7, 8, 12, 5, 0.25
2, 8, 9, 12, 12, 0.25
2, 1, 2, 13, 6, 0.25
2, 1, 4, 13, 42, 0.25
2, 2, 3, 13, 42, 0.25
2, 2, 5, 13, 28, 0.25
2, 3, 6, 13, 13, 0.25
2, 4, 5, 13, 11, 0.25
2, 4, 7, 13, 6, 0.25
2, 5, 6, 13, 21, 0.25
2, 5, 8, 13, 43, 0.25
2, 6, 9, 13, 35, 0.25
2, 7, 8, 13, 42, 0.25
2, 8, 9, 13, 37, 0.25
2, 1, 2, 14, 31, 0.25
2, 1, 4, 14, 36, 0.25
2, 2, 3, 14, 7, 0.25
2, 2, 5, 14, 40, 0.25
2, 3, 6, 14, 2, 0.25
2, 4, 5, 14, 12, 0.25
2, 4, 7, 14, 21, 0.25
2, 5, 6, 14, 28, 0.25
2, 5, 8, 14, 11, 0.25
2, 6, 9, 14, 11, 0.25
2, 7, 8, 14, 10, 0.25
2, 8, 9, 14, 41, 0.25
2, 1, 2, 15, 5, 0.25
2, 1, 4, 15, 22, 0.25
2, 2, 3, 15, 4, 0.25
2, 2, 5, 15, 20, 0.25
2, 3, 6, 15, 4, 0.25
2, 4, 5, 15, 31, 0.25
2, 4, 7, 15, 33, 0.25
2, 5, 6, 15, 17, 0.25
2, 5, 8, 15, 15, 0.25
2, 6, 9, 15, 44, 0.25
2, 7, 8, 15, 16, 0.25
2, 8, 9, 15, 34, 0.25
2, 1, 2, 16, 28, 0.25
2, 1, 4, 16, 16, 0.25
2, 2, 3, 16, 37, 0.25
2, 2, 5, 16, 23, 0.25
2, 3, 6, 16, 6, 0.25
2, 4, 5, 16, 2, 0.25
2, 4, 7, 16, 6, 0.25
2, 5, 6, 16, 17, 0.25
2, 5, 8, 16, 39, 0.25
2, 6, 9, 16, 18, 0.25
2, 7, 8, 16, 12, 0.25
2, 8, 9, 16, 20, 0.25
2, 1, 2, 17, 18, 0.25
2, 1, 4, 17, 36, 0.25
2, 2, 3, 17, 30, 0.25
2, 2, 5, 17, 21, 0.25
2, 3, 6, 17, 11, 0.25
2, 4, 5, 17, 34, 0.25
2, 4, 7, 17, 35, 0.25
2, 5, 6, 17, 41, 0.25
2, 5, 8, 17, 36, 0.25
2, 6, 9, 17, 26, 0.25
2, 7, 8, 17, 4, 0.25
2, 8, 9, 17, 15, 0.25
2, 1, 2, 18, 38, 0.25
2, 1, 4, 18, 11, 0.25
2, 2, 3, 18, 31, 0.25
2, 2, 5, 18, 39, 0.25
2, 3, 6, 18, 11, 0.25
2, 4, 5, 18, 44, 0.25
2, 4, 7, 18, 29, 0.25
2, 5, 6, 18, 40, 0.25
2, 5, 8, 18, 32, 0.25
2, 6, 9, 18, 9, 0.25
2, 7, 8, 18, 8, 0.25
2, 8, 9, 18, 4, 0.25
2, 1, 2, 19, 13, 0.25
2, 1, 4, 19, 40, 0.25
2, 2, 3, 19, 14, 0.25
2, 2, 5, 19, 18, 0.25
2, 3, 6, 19, 33, 0.25
2, 4, 5, 19, 12, 0.25
2, 4, 7, 19, 25, 0.25
2, 5, 6, 19, 36, 0.25
2, 5, 8, 19, 18, 0.25
2, 6, 9, 19, 8, 0.25
2, 7, 8, 19, 18, 0.25
2, 8, 9, 19, 23, 0.25
2, 1, 2, 20, 6, 0.25
2, 1, 4, 20, 22, 0.25
2, 2, 3, 20, 39, 0.25
2, 2, 5, 20, 28, 0.25
2, 3, 6, 20, 9, 0.25
2, 4, 5, 20, 26, 0.25
2, 4, 7, 20, 24, 0.25
2, 5, 6, 20, 20, 0.25
2, 5, 8, 20, 11, 0.25
2, 6, 9, 20, 5, 0.25
2, 7, 8, 20, 19, 0.25
2, 8, 9, 20, 11, 0.25
2, 1, 2, 21, 34, 0.25
2, 1, 4, 21, 37, 0.25
2, 2, 3, 21, 35, 0.25
2, 2, 5, 21, 6, 0.25
2, 3, 6, 21, 25, 0.25
2, 4, 5, 21, 18, 0.25
2, 4, 7, 21, 12, 0.25
2, 5, 6, 21, 3, 0.25
2, 5, 8, 21, 30, 0.25
2, 6, 9, 21, 39, 0.25
2, 7, 8, 21, 1, 0.25
2, 8, 9, 21, 16, 0.25
2, 1, 2, 22, 5, 0.25
2, 1, 4, 22, 34, 0.25
2, 2, 3, 22, 13, 0.25
2, 2, 5, 22, 28, 0.25
2, 3, 6, 22, 8, 0.25
2, 4, 5, 22, 12, 0.25
2, 4, 7, 22, 16, 0.25
2, 5, 6, 22, 41, 0.25
2, 5, 8, 22, 35, 0.25
2, 6, 9, 22, 32, 0.25
2, 7, 8, 22, 30, 0.25
2, 8, 9, 22, 24, 0.25
2, 1, 2, 23, 25, 0.25
2, 1, 4, 23, 41, 0.25
2, 2, 3, 23, 40, 0.25
2, 2, 5, 23, 2, 0.25
2, 3, 6, 23, 43, 0.25
2, 4, 5, 23, 32, 0.25
2, 4, 7, 23, 6, 0.25
2, 5, 6, 23, 38, 0.25
2, 5, 8, 23, 33, 0.25
2, 6, 9, 23, 42, 0.25
2, 7, 8, 23, 20, 0.25
2, 8, 9, 23, 10, 0.25
2, 1, 2, 24, 11, 0.25
2, 1, 4, 24, 21, 0.25
2, 2, 3, 24, 43, 0.25
2, 2, 5, 24, 15, 0.25
2, 3, 6, 24, 39, 0.25
2, 4, 5, 24, 13, 0.25
2, 4, 7, 24, 17, 0.25
2, 5, 6, 24, 23, 0.25
2, 5, 8, 24, 8, 0.25
2, 6, 9, 24, 32, 0.25
2, 7, 8, 24, 13, 0.25
2, 8, 9, 24, 41, 0.25
2, 1, 2, 25, 33, 0.25
2, 1, 4, 25, 36, 0.25
2, 2, 3, 25, 14, 0.25
2, 2, 5, 25, 28, 0.25
2, 3, 6, 25, 20, 0.25
2, 4, 5, 25, 38, 0.25
2, 4, 7, 25, 39, 0.25
2, 5, 6, 25, 34, 0.25
2, 5, 8, 25, 30, 0.25
2, 6, 9, 25, 1, 0.25
2, 7, 8, 25, 11, 0.25
2, 8, 9, 25, 36, 0.25
2, 1, 2, 26, 21, 0.25
2, 1, 4, 26, 2, 0.25
2, 2, 3, 26, 4, 0.25
2, 2, 5, 26, 32, 0.25
2, 3, 6, 26, 1, 0.25
2, 4, 5, 26, 27, 0.25
2, 4, 7, 26, 4, 0.25
2, 5, 6, 26, 20, 0.25
2, 5, 8, 26, 23, 0.25
2, 6, 9, 26, 5, 0.25
2, 7, 8, 26, 19, 0.25
2, 8, 9, 26, 3, 0.25
2, 1, 2, 27, 9, 0.25
2, 1, 4, 27, 37, 0.25
2, 2, 3, 27, 18, 0.25
2, 2, 5, 27, 11, 0.25
2, 3, 6, 27, 40, 0.25
2, 4, 5, 27, 22, 0.25
2, 4, 7, 27, 24, 0.25
2, 5, 6, 27, 14, 0.25
2, 5, 8, 27, 10, 0.25
2, 6, 9, 27, 42, 0.25
2, 7, 8, 27, 35, 0.25
2, 8, 9, 27, 26, 0.25
2, 1, 2, 28, 2, 0.25
2, 1, 4, 28, 12, 0.25
2, 2, 3, 28, 16, 0.25
2, 2, 5, 28, 36, 0.25
2, 3, 6, 28, 15, 0.25
2, 4, 5, 28, 33, 0.25
2, 4, 7, 28, 26, 0.25
2, 5, 6, 28, 18, 0.25
2, 5, 8, 28, 28, 0.25
2, 6, 9, 28, 35, 0.25
2, 7, 8, 28, 33, 0.25
2, 8, 9, 28, 33, 0.25
2, 1, 2, 29, 40, 0.25
2, 1, 4, 29, 4, 0.25
2, 2, 3, 29, 22, 0.25
2, 2, 5, 29, 42, 0.25
2, 3, 6, 29, 29, 0.25
2, 4, 5, 29, 2, 0.25
2, 4, 7, 29, 20, 0.25
2, 5, 6, 29, 31, 0.25
2, 5, 8, 29, 26, 0.25
2, 6, 9, 29, 14, 0.25
2, 7, 8, 29, 21, 0.25
2, 8, 9, 29, 26, 0.25
2, 1, 2, 30, 12, 0.25
2, 1, 4, 30, 20, 0.25
2, 2, 3, 30, 41, 0.25
2, 2, 5, 30, 36, 0.25
2, 3, 6, 30, 32, 0.25
2, 4, 5, 30, 39, 0.25
2, 4, 7, 30, 14, 0.25
2, 5, 6, 30, 13, 0.25
2, 5, 8, 30, 23, 0.25
2, 6, 9, 30, 19, 0.25
2, 7, 8, 30, 30, 0.25
2, 8, 9, 30, 43, 0.25
2, 1, 2, 31, 13, 0.25
2, 1, 4, 31, 30, 0.25
2, 2, 3, 31, 27, 0.25
2, 2, 5, 31, 23, 0.25
2, 3, 6, 31, 19, 0.25
2, 4, 5, 31, 42, 0.25
2, 4, 7, 31, 14, 0.25
2, 5, 6, 31, 6, 0.25
2, 5, 8, 31, 18, 0.25
2, 6, 9, 31, 40, 0.25
2, 7, 8, 31, 19, 0.25
2, 8, 9, 31, 7, 0.25
2, 1, 2, 32, 2, 0.25
2, 1, 4, 32, 10, 0.25
2, 2, 3, 32, 36, 0.25
2, 2, 5, 32, 32, 0.25
2, 3, 6, 32, 40, 0.25
2, 4, 5, 32, 2, 0.25
2, 4, 7, 32, 20, 0.25
2, 5, 6, 32, 42, 0.25
2, 5, 8, 32, 2, 0.25
2, 6, 9, 32, 22, 0.25
2, 7, 8, 32, 31, 0.25
2, 8, 9, 32, 39, 0.25
2, 1, 2, 33, 16, 0.25
2, 1, 4, 33, 28, 0.25
2, 2, 3, 33, 22, 0.25
2, 2, 5, 33, 23, 0.25
2, 3, 6, 33, 25, 0.25
2, 4, 5, 33, 44, 0.25
2, 4, 7, 33, 15, 0.25
2, 5, 6, 33, 34, 0.25
2, 5, 8, 33, 31, 0.25
2, 6, 9, 33, 9, 0.25
2, 7, 8, 33, 5, 0.25
2, 8, 9, 33, 25, 0.25
2, 1, 2, 34, 5, 0.25
2, 1, 4, 34, 34, 0.25
2, 2, 3, 34, 27, 0.25
2, 2, 5, 34, 21, 0.25
2, 3, 6, 34, 28, 0.25
2, 4, 5, 34, 38, 0.25
2, 4, 7, 34, 25, 0.25
2, 5, 6, 34, 43, 0.25
2, 5, 8, 34, 15, 0.25
2, 6, 9, 34, 9, 0.25
2, 7, 8, 34, 18, 0.25
2, 8, 9, 34, 27, 0.25
2, 1, 2, 35, 9, 0.25
2, 1, 4, 35, 10, 0.25
2, 2, 3, 35, 13, 0.25
2, 2, 5, 35, 44, 0.25
2, 3, 6, 35, 15, 0.25
2, 4, 5, 35, 23, 0.25
2, 4, 7, 35, 17, 0.25
2, 5, 6, 35, 16, 0.25
2, 5, 8, 35, 42, 0.25
2, 6, 9, 35, 3, 0.25
2, 7, 8, 35, 29, 0.25
2, 8, 9, 35, 20, 0.25
2, 1, 2, 36, 22, 0.25
2, 1, 4, 36, 4, 0.25
2, 2, 3, 36, 24, 0.25
2, 2, 5, 36, 41, 0.25
2, 3, 6, 36, 11, 0.25
2, 4, 5, 36, 11, 0.25
2, 4, 7, 36, 15, 0.25
2, 5, 6, 36, 9, 0.25
2, 5, 8, 36, 44, 0.25
2, 6, 9, 36, 16, 0.25
2, 7, 8, 36, 3, 0.25
2, 8, 9, 36, 16, 0.25
2, 1, 2, 37, 28, 0.25
2, 1, 4, 37, 11, 0.25
2, 2, 3, 37, 26, 0.25
2, 2, 5, 37, 26, 0.25
2, 3, 6, 37, 33, 0.25
2, 4, 5, 37, 2, 0.25
2, 4, 7, 37, 14, 0.25
2, 5, 6, 37, 7, 0.25
2, 5, 8, 37, 3, 0.25
2, 6, 9, 37, 20, 0.25
2, 7, 8, 37, 8, 0.25
2, 8, 9, 37, 39, 0.25
2, 1, 2, 38, 14, 0.25
2, 1, 4, 38, 38, 0.25
2, 2, 3, 38, 20, 0.25
2, 2, 5, 38, 9, 0.25
2, 3, 6, 38, 8, 0.25
2, 4, 5, 38, 20, 0.25
2, 4, 7, 38, 37, 0.25
2, 5, 6, 38, 43, 0.25
2, 5, 8, 38, 43, 0.25
2, 6, 9, 38, 8, 0.25
2, 7, 8, 38, 12, 0.25
2, 8, 9, 38, 1, 0.25
2, 1, 2, 39, 10, 0.25
2, 1, 4, 39, 33, 0.25
2, 2, 3, 39, 41, 0.25
2, 2, 5, 39, 21, 0.25
2, 3, 6, 39, 35, 0.25
2, 4, 5, 39, 26, 0.25
2, 4, 7, 39, 18, 0.25
2, 5, 6, 39, 33, 0.25
2, 5, 8, 39, 20, 0.25
2, 6, 9, 39, 27, 0.25
2, 7, 8, 39, 16, 0.25
2, 8, 9, 39, 16, 0.25
2, 1, 2, 40, 4, 0.25
2, 1, 4, 40, 2, 0.25
2, 2, 3, 40, 44, 0.25
2, 2, 5, 40, 27, 0.25
2, 3, 6, 40, 1, 0.25
2, 4, 5, 40, 18, 0.25
2, 4, 7, 40, 34, 0.25
2, 5, 6, 40, 17, 0.25
2, 5, 8, 40, 4, 0.25
2, 6, 9, 40, 16, 0.25
2, 7, 8, 40, 37, 0.25
2, 8, 9, 40, 41, 0.25
2, 1, 2, 41, 19, 0.25
2, 1, 4, 41, 33, 0.25
2, 2, 3, 41, 44, 0.25
2, 2, 5, 41, 23, 0.25
2, 3, 6, 41, 30, 0.25
2, 4, 5, 41, 3, 0.25
2, 4, 7, 41, 44, 0.25
2, 5, 6, 41, 35, 0.25
2, 5, 8, 41, 3, 0.25
2, 6, 9, 41, 16, 0.25
2, 7, 8, 41, 22, 0.25
2, 8, 9, 41, 23, 0.25
2, 1, 2, 42, 31, 0.25
2, 1, 4, 42, 9, 0.25
2, 2, 3, 42, 24, 0.25
2, 2, 5, 42, 25, 0.25
2, 3, 6, 42, 24, 0.25
2, 4, 5, 42, 24, 0.25
2, 4, 7, 42, 25, 0.25
2, 5, 6, 42, 7, 0.25
2, 5, 8, 42, 33, 0.25
2, 6, 9, 42, 11, 0.25
2, 7, 8, 42, 33, 0.25
2, 8, 9, 42, 44, 0.25
2, 1, 2, 43, 4, 0.25
2, 1, 4, 43, 28, 0.25
2, 2, 3, 43, 19, 0.25
2, 2, 5, 43, 21, 0.25
2, 3, 6, 43, 20, 0.25
2, 4, 5, 43, 42, 0.25
2, 4, 7, 43, 30, 0.25
2, 5, 6, 43, 16, 0.25
2, 5, 8, 43, 22, 0.25
2, 6, 9, 43, 8, 0.25
2, 7, 8, 43, 12, 0.25
2, 8, 9, 43, 7, 0.25
2, 1, 2, 44, 22, 0.25
2, 1, 4, 44, 32, 0.25
2, 2, 3, 44, 42, 0.25
2, 2, 5, 44, 3, 0.25
2, 3, 6, 44, 13, 0.25
2, 4, 5, 44, 4, 0.25
2, 4, 7, 44, 37, 0.25
2, 5, 6, 44, 28, 0.25
2, 5, 8, 44, 34, 0.25
2, 6, 9, 44, 41, 0.25
2, 7, 8, 44, 25, 0.25
2, 8, 9, 44, 22, 0.25
2, 1, 2, 45, 12, 0.25
2, 1, 4, 45, 9, 0.25
2, 2, 3, 45, 19, 0.25
2, 2, 5, 45, 19, 0.25
2, 3, 6, 45, 28, 0.25
2, 4, 5, 45, 18, 0.25
2, 4, 7, 45, 3, 0.25
2, 5, 6, 45, 21, 0.25
2, 5, 8, 45, 15, 0.25
2, 6, 9, 45, 33, 0.25
2, 7, 8, 45, 40, 0.25
2, 8, 9, 45, 12, 0.25
2, 1, 2, 46, 38, 0.25
2, 1, 4, 46, 41, 0.25
2, 2, 3, 46, 41, 0.25
2, 2, 5, 46, 24, 0.25
2, 3, 6, 46, 22, 0.25
2, 4, 5, 46, 14, 0.25
2, 4, 7, 46, 8, 0.25
2, 5, 6, 46, 33, 0.25
2, 6, 9, 46, 20, 0.25
2, 7, 8, 46, 8, 0.25
2, 8, 9, 46, 14, 0.25
2, 1, 2, 47, 23, 0.25
2, 1, 4, 47, 22, 0.25
2, 2, 3, 47, 12, 0.25
2, 2, 5, 47, 13, 0.25
2, 3, 6, 47, 5, 0.25
2, 4, 7, 47, 19, 0.25
2, 5, 6, 47, 38, 0.25
2, 5, 8, 47, 22, 0.25
2, 7, 8, 47, 1, 0.25
2, 8, 9, 47, 16, 0.25
2, 1, 2, 48, 15, 0.25
2, 1, 4, 48, 28, 0.25
2, 2, 3, 48, 17, 0.25
2, 2, 5, 48, 27, 0.25
2, 3, 6, 48, 16, 0.25
2, 4, 7, 48, 35, 0.25
2, 5, 6, 48, 34, 0.25
2, 5, 8, 48, 16, 0.25
2, 6, 9, 48, 3, 0.25
2, 7, 8, 48, 12, 0.25
2, 8, 9, 48, 23, 0.25
2, 1, 2, 49, 23, 0.25
2, 1, 4, 49, 15, 0.25
2, 2, 3, 49, 7, 0.25
2, 2, 5, 49, 29, 0.25
2, 3, 6, 49, 6, 0.25
2, 4, 5, 49, 25, 0.25
2, 4, 7, 49, 19, 0.25
2, 5, 6, 49, 26, 0.25
2, 5, 8, 49, 25, 0.25
2, 6, 9, 49, 5, 0.25
2, 7, 8, 49, 34, 0.25
2, 1, 4, 50, 27, 0.25
2, 2, 3, 50, 13, 0.25
2, 2, 5, 50, 35, 0.25
2, 3, 6, 50, 16, 0.25
2, 4, 5, 50, 18, 0.25
2, 4, 7, 50, 16, 0.25
2, 5, 6, 50, 39, 0.25
2, 6, 9, 50, 16, 0.25
2, 7, 8, 50, 5, 0.25
2, 8, 9, 50, 11, 0.25
2, 1, 2, 51, 17, 0.25
2, 1, 4, 51, 13, 0.25
2, 2, 5, 51, 8, 0.25
2, 3, 6, 51, 15, 0.25
2, 4, 5, 51, 11, 0.25
2, 4, 7, 51, 18, 0.25
2, 5, 6, 51, 13, 0.25
2, 5, 8, 51, 18, 0.25
2, 6, 9, 51, 32, 0.25
2, 7, 8, 51, 5, 0.25
2, 8, 9, 51, 25, 0.25
2, 1, 2, 52, 36, 0.25
2, 1, 4, 52, 10, 0.25
2, 2, 3, 52, 24, 0.25
2, 2, 5, 52, 27, 0.25
2, 3, 6, 52, 23, 0.25
2, 4, 5, 52, 7, 0.25
2, 4, 7, 52, 18, 0.25
2, 5, 6, 52, 11, 0.25
2, 5, 8, 52, 31, 0.25
2, 6, 9, 52, 28, 0.25
2, 8, 9, 52, 1, 0.25
2, 1, 2, 53, 3, 0.25
2, 1, 4, 53, 20, 0.25
2, 2, 3, 53, 5, 0.25
2, 2, 5, 53, 30, 0.25
2, 3, 6, 53, 23, 0.25
2, 4, 5, 53, 2, 0.25
2, 4, 7, 53, 8, 0.25
2, 5, 6, 53, 3, 0.25
2, 5, 8, 53, 10, 0.25
2, 6, 9, 53, 32, 0.25
2, 7, 8, 53, 29, 0.25
2, 1, 2, 54, 13, 0.25
2, 1, 4, 54, 31, 0.25
2, 2, 3, 54, 15, 0.25
2, 2, 5, 54, 10, 0.25
2, 4, 5, 54, 21, 0.25
2, 4, 7, 54, 27, 0.25
2, 5, 8, 54, 25, 0.25
2, 6, 9, 54, 11, 0.25
2, 8, 9, 54, 34, 0.25
2, 1, 2, 55, 33, 0.25
2, 1, 4, 55, 14, 0.25
2, 2, 5, 55, 18, 0.25
2, 3, 6, 55, 24, 0.25
2, 4, 7, 55, 27, 0.25
2, 5, 8, 55, 18, 0.25
2, 7, 8, 55, 13, 0.25
2, 8, 9, 55, 14, 0.25
2, 1, 2, 56, 21, 0.25
2, 2, 3, 56, 16, 0.25
2, 2, 5, 56, 13, 0.25
2, 3, 6, 56, 2, 0.25
2, 4, 7, 56, 32, 0.25
2, 5, 6, 56, 2, 0.25
2, 5, 8, 56, 31, 0.25
2, 6, 9, 56, 24, 0.25
2, 7, 8, 56, 31, 0.25
2, 8, 9, 56, 14, 0.25
2, 1, 2, 57, 16, 0.25
2, 1, 4, 57, 8, 0.25
2, 3, 6, 57, 32, 0.25
2, 4, 7, 57, 28, 0.25
2, 5, 8, 57, 31, 0.25
2, 6, 9, 57, 3, 0.25
2, 7, 8, 57, 16, 0.25
2, 1, 4, 58, 10, 0.25
2, 2, 3, 58, 16, 0.25
2, 2, 5, 58, 10, 0.25
2, 3, 6, 58, 28, 0.25
2, 4, 5, 58, 7, 0.25
2, 5, 8, 58, 31, 0.25
2, 6, 9, 58, 19, 0.25
2, 7, 8, 58, 15, 0.25
2, 8, 9, 58, 13, 0.25
2, 1, 2, 59, 7, 0.25
2, 2, 5, 59, 23, 0.25
2, 3, 6, 59, 24, 0.25
2, 4, 7, 59, 5, 0.25
2, 5, 6, 59, 25, 0.25
2, 8, 9, 59, 12, 0.25
2, 1, 4, 60, 18, 0.25
2, 2, 3, 60, 22, 0.25
2, 2, 5, 60, 29, 0.25
2, 3, 6, 60, 24, 0.25
2, 4, 5, 60, 24, 0.25
2, 5, 6, 60, 4, 0.25
2, 7, 8, 60, 8, 0.25
2, 8, 9, 60, 13, 0.25
2, 1, 4, 61, 5, 0.25
2, 2, 3, 61, 3, 0.25
2, 2, 5, 61, 11, 0.25
2, 4, 5, 61, 24, 0.25
2, 4, 7, 61, 24, 0.25
2, 5, 6, 61, 8, 0.25
2, 5, 8, 61, 2, 0.25
2, 6, 9, 61, 16, 0.25
2, 7, 8, 61, 22, 0.25
2, 1, 2, 62, 21, 0.25
2, 2, 5, 62, 19, 0.25
2, 3, 6, 62, 27, 0.25
2, 4, 7, 62, 3, 0.25
2, 5, 8, 62, 23, 0.25
2, 6, 9, 62, 17, 0.25
2, 1, 4, 63, 26, 0.25
2, 4, 5, 63, 9, 0.25
2, 5, 6, 63, 24, 0.25
2, 5, 8, 63, 9, 0.25
2, 6, 9, 63, 10, 0.25
2, 8, 9, 63, 21, 0.25
2, 2, 5, 64, 14, 0.25
2, 4, 7, 64, 20, 0.25
2, 5, 8, 64, 1, 0.25
2, 7, 8, 64, 13, 0.25
2, 8, 9, 64, 6, 0.25
2, 1, 2, 65, 9, 0.25
2, 1, 4, 65, 16, 0.25
2, 2, 5, 65, 14, 0.25
2, 3, 6, 65, 10, 0.25
2, 5, 6, 65, 14, 0.25
2, 6, 9, 65, 10, 0.25
2, 1, 2, 66, 19, 0.25
2, 1, 4, 66, 5, 0.25
2, 2, 5, 66, 23, 0.25
2, 3, 6, 66, 15, 0.25
2, 4, 7, 66, 16, 0.25
2, 6, 9, 66, 14, 0.25
2, 2, 3, 67, 22, 0.25
2, 2, 5, 67, 10, 0.25
2, 4, 7, 67, 9, 0.25
2, 5, 6, 67, 10, 0.25
2, 8, 9, 67, 9, 0.25
2, 1, 2, 68, 2, 0.25
2, 2, 3, 68, 9, 0.25
2, 3, 6, 68, 15, 0.25
2, 5, 6, 68, 13, 0.25
2, 5, 8, 68, 8, 0.25
2, 8, 9, 68, 21, 0.25
2, 1, 4, 69, 10, 0.25
2, 2, 5, 69, 14, 0.25
2, 4, 5, 69, 6, 0.25
2, 7, 8, 69, 18, 0.25
2, 8, 9, 69, 3, 0.25
2, 1, 4, 70, 18, 0.25
2, 4, 5, 70, 11, 0.25
2, 4, 7, 70, 10, 0.25
2, 5, 8, 70, 13, 0.25
2, 6, 9, 70, 3, 0.25
2, 1, 2, 71, 7, 0.25
2, 1, 4, 71, 3, 0.25
2, 2, 3, 71, 14, 0.25
2, 2, 5, 71, 7, 0.25
2, 4, 5, 71, 7, 0.25
2, 4, 7, 71, 2, 0.25
2, 5, 6, 71, 11, 0.25
2, 5, 8, 71, 17, 0.25
2, 7, 8, 71, 9, 0.25
2, 8, 9, 71, 18, 0.25
2, 1, 2, 72, 1, 0.25
2, 2, 3, 72, 10, 0.25
2, 5, 6, 72, 8, 0.25
2, 5, 8, 72, 16, 0.25
2, 2, 3, 73, 6, 0.25
2, 2, 5, 73, 2, 0.25
2, 3, 6, 73, 8, 0.25
2, 5, 6, 73, 15, 0.25
2, 7, 8, 73, 10, 0.25
2, 1, 2, 74, 12, 0.25
2, 4, 5, 74, 2, 0.25
2, 5, 8, 74, 5, 0.25
2, 8, 9, 74, 10, 0.25
2, 2, 5, 75, 8, 0.25
2, 3, 6, 75, 8, 0.25
2, 4, 7, 75, 12, 0.25
2, 1, 4, 76, 7, 0.25
2, 2, 5, 76, 2, 0.25
2, 4, 5, 76, 10, 0.25
2, 5, 8, 76, 2, 0.25
2, 8, 9, 76, 5, 0.25
2, 3, 6, 77, 10, 0.25
2, 5, 6, 77, 1, 0.25
2, 1, 4, 79, 8, 0.25
2, 5, 8, 79, 6, 0.25
2, 6, 9, 79, 2, 0.25
2, 1, 2, 80, 3, 0.25
2, 4, 5, 80, 4, 0.25
2, 6, 9, 80, 9, 0.25
2, 7, 8, 80, 3, 0.25
2, 3, 6, 81, 2, 0.25
2, 6, 9, 82, 6, 0.25
2, 2, 3, 84, 1, 0.25
2, 2, 5, 85, 4, 0.25
2, 3, 6, 85, 2, 0.25
2, 5, 6, 85, 3, 0.25
2, 1, 2, 88, 1, 0.25
2, 4, 5, 88, 1, 0.25
3, 1, 2, 0, 27, 0.25
3, 1, 4, 0, 26, 0.25
3, 2, 3, 0, 9, 0.25
3, 2, 5, 0, 8, 0.25
3, 3, 6, 0, 41, 0.25
3, 4, 5, 0, 29, 0.25
3, 4, 7, 0, 17, 0.25
3, 5, 6, 0, 3, 0.25
3, 5, 8, 0, 33, 0.25
3, 6, 9, 0, 21, 0.25
3, 7, 8, 0, 22, 0.25
3, 8, 9, 0, 40, 0.25
3, 1, 2, 1, 11, 0.25
3, 1, 4, 1, 26, 0.25
3, 2, 3, 1, 4, 0.25
3, 2, 5, 1, 34, 0.25
3, 3, 6, 1, 22, 0.25
3, 4, 5, 1, 38, 0.25
3, 4, 7, 1, 27, 0.25
3, 5, 6, 1, 43, 0.25
3, 5, 8, 1, 12, 0.25
3, 6, 9, 1, 32, 0.25
3, 7, 8, 1, 14, 0.25
3, 8, 9, 1, 7, 0.25
3, 1, 2, 2, 28, 0.25
3, 1, 4, 2, 6, 0.25
3, 2, 3, 2, 33, 0.25
3, 2, 5, 2, 14, 0.25
3, 3, 6, 2, 33, 0.25
3, 4, 5, 2, 32, 0.25
3, 4, 7, 2, 28, 0.25
3, 5, 6, 2, 37, 0.25
3, 5, 8, 2, 4, 0.25
3, 6, 9, 2, 16, 0.25
3, 7, 8, 2, 43, 0.25
3, 8, 9, 2, 22, 0.25
3, 1, 2, 3, 27, 0.25
3, 1, 4, 3, 36, 0.25
3, 2, 3, 3, 2, 0.25
3, 2, 5, 3, 8, 0.25
3, 3, 6, 3, 29, 0.25
3, 4, 5, 3, 27, 0.25
3, 4, 7, 3, 17, 0.25
3, 5, 6, 3, 37, 0.25
3, 5, 8, 3, 20, 0.25
3, 6, 9, 3, 6, 0.25
3, 7, 8, 3, 3, 0.25
3, 8, 9, 3, 22, 0.25
3, 1, 2, 4, 26, 0.25
3, 1, 4, 4, 31, 0.25
3, 2, 3, 4, 33, 0.25
3, 2, 5, 4, 11, 0.25
3, 3, 6, 4, 27, 0.25
3, 4, 5, 4, 27, 0.25
3, 4, 7, 4, 27, 0.25
3, 5, 6, 4, 21, 0.25
3, 5, 8, 4, 33, 0.25
3, 6, 9, 4, 30, 0.25
3, 7, 8, 4, 30, 0.25
3, 8, 9, 4, 32, 0.25
3, 1, 2, 5, 22, 0.25
3, 1, 4, 5, 12, 0.25
3, 2, 3, 5, 24, 0.25
3, 2, 5, 5, 44, 0.25
3, 3, 6, 5, 31, 0.25
3, 4, 5, 5, 38, 0.25
3, 4, 7, 5, 30, 0.25
3, 5, 6, 5, 18, 0.25
3, 5, 8, 5, 28, 0.25
3, 6, 9, 5, 21, 0.25
3, 7, 8, 5, 37, 0.25
3, 8, 9, 5, 6, 0.25
3, 1, 2, 6, 13, 0.25
3, 1, 4, 6, 9, 0.25
3, 2, 3, 6, 14, 0.25
3, 2, 5, 6, 5, 0.25
3, 3, 6, 6, 13, 0.25
3, 4, 5, 6, 18, 0.25
3, 4, 7, 6, 34, 0.25
3, 5, 6, 6, 5, 0.25
3, 5, 8, 6, 41, 0.25
3, 6, 9, 6, 9, 0.25
3, 7, 8, 6, 26, 0.25
3, 8, 9, 6, 38, 0.25
3, 1, 2, 7, 13, 0.25
3, 1, 4, 7, 38, 0.25
3, 2, 3, 7, 18, 0.25
3, 2, 5, 7, 35, 0.25
3, 3, 6, 7, 22, 0.25
3, 4, 5, 7, 28, 0.25
3, 4, 7, 7, 42, 0.25
3, 5, 6, 7, 30, 0.25
3, 5, 8, 7, 35, 0.25
3, 6, 9, 7, 25, 0.25
3, 7, 8, 7, 42, 0.25
3, 8, 9, 7, 28, 0.25
3, 1, 2, 8, 1, 0.25
3, 1, 4, 8, 29, 0.25
3, 2, 3, 8, 39, 0.25
3, 2, 5, 8, 44, 0.25
3, 3, 6, 8, 38, 0.25
3, 4, 5, 8, 9, 0.25
3, 4, 7, 8, 6, 0.25
3, 5, 6, 8, 28, 0.25
3, 5, 8, 8, 7, 0.25
3, 6, 9, 8, 10, 0.25
3, 7, 8, 8, 40, 0.25
3, 8, 9, 8, 35, 0.25
3, 1, 2, 9, 9, 0.25
3, 1, 4, 9, 13, 0.25
3, 2, 3, 9, 35, 0.25
3, 2, 5, 9, 16, 0.25
3, 3, 6, 9, 20, 0.25
3, 4, 5, 9, 6, 0.25
3, 4, 7, 9, 25, 0.25
3, 5, 6, 9, 9, 0.25
3, 5, 8, 9, 5, 0.25
3, 6, 9, 9, 44, 0.25
3, 7, 8, 9, 19, 0.25
3, 8, 9, 9, 25, 0.25
3, 1, 2, 10, 13, 0.25
3, 1, 4, 10, 24, 0.25
3, 2, 3, 10, 9, 0.25
3, 2, 5, 10, 24, 0.25
3, 3, 6, 10, 32, 0.25
3, 4, 5, 10, 12, 0.25
3, 4, 7, 10, 27, 0.25
3, 5, 6, 10, 36, 0.25
3, 5, 8, 10, 19, 0.25
3, 6, 9, 10, 16, 0.25
3, 7, 8, 10, 22, 0.25
3, 8, 9, 10, 44, 0.25
3, 1, 2, 11, 43, 0.25
3, 1, 4, 11, 36, 0.25
3, 2, 3, 11, 2, 0.25
3, 2, 5, 11, 7, 0.25
3, 3, 6, 11, 29, 0.25
3, 4, 5, 11, 26, 0.25
3, 4, 7, 11, 14, 0.25
3, 5, 6, 11, 23, 0.25
3, 5, 8, 11, 12, 0.25
3, 6, 9, 11, 42, 0.25
3, 7, 8, 11, 41, 0.25
3, 8, 9, 11, 29, 0.25
3, 1, 2, 12, 37, 0.25
3, 1, 4, 12, 7, 0.25
3, 2, 3, 12, 41, 0.25
3, 2, 5, 12, 19, 0.25
3, 3, 6, 12, 21, 0.25
3, 4, 5, 12, 40, 0.25
3, 4, 7, 12, 31, 0.25
3, 5, 6, 12, 13, 0.25
3, 5, 8, 12, 3, 0.25
3, 6, 9, 12, 3, 0.25
3, 7, 8, 12, 7, 0.25
3, 8, 9, 12, 34, 0.25
3, 1, 2, 13, 39, 0.25
3, 1, 4, 13, 18, 0.25
3, 2, 3, 13, 33, 0.25
3, 2, 5, 13, 42, 0.25
3, 3, 6, 13, 2, 0.25
3, 4, 5, 13, 22, 0.25
3, 4, 7, 13, 18, 0.25
3, 5, 6, 13, 33, 0.25
3, 5, 8, 13, 44, 0.25
3, 6, 9, 13, 39, 0.25
3, 7, 8, 13, 38, 0.25
3, 8, 9, 13, 2, 0.25
3, 1, 2, 14, 18, 0.25
3, 1, 4, 14, 14, 0.25
3, 2, 3, 14, 4, 0.25
3, 2, 5, 14, 5, 0.25
3, 3, 6, 14, 21, 0.25
3, 4, 5, 14, 30, 0.25
3, 4, 7, 14, 18, 0.25
3, 5, 6, 14, 10, 0.25
3, 5, 8, 14, 39, 0.25
3, 6, 9, 14, 40, 0.25
3, 7, 8, 14, 3, 0.25
3, 8, 9, 14, 9, 0.25
3, 1, 2, 15, 32, 0.25
3, 1, 4, 15, 35, 0.25
3, 2, 3, 15, 41, 0.25
3, 2, 5, 15, 18, 0.25
3, 3, 6, 15, 32, 0.25
3, 4, 5, 15, 17, 0.25
3, 4, 7, 15, 38, 0.25
3, 5, 6, 15, 30, 0.25
3, 5, 8, 15, 39, 0.25
3, 6, 9, 15, 10, 0.25
3, 7, 8, 15, 44, 0.25
3, 8, 9, 15, 5, 0.25
3, 1, 2, 16, 3, 0.25
3, 1, 4, 16, 16, 0.25
3, 2, 3, 16, 4, 0.25
3, 2, 5, 16, 36, 0.25
3, 3, 6, 16, 29, 0.25
3, 4, 5, 16, 13, 0.25
3, 4, 7, 16, 14, 0.25
3, 5, 6, 16, 22, 0.25
3, 5, 8, 16, 26, 0.25
3, 6, 9, 16, 22, 0.25
3, 7, 8, 16, 23, 0.25
3, 8, 9, 16, 24, 0.25
3, 1, 2, 17, 32, 0.25
3, 1, 4, 17, 1, 0.25
3, 2, 3, 17, 14, 0.25
3, 2, 5, 17, 39, 0.25
3, 3, 6, 17, 37, 0.25
3, 4, 5, 17, 2, 0.25
3, 4, 7, 17, 10, 0.25
3, 5, 6, 17, 17, 0.25
3, 5, 8, 17, 43, 0.25
3, 6, 9, 17, 22, 0.25
3, 7, 8, 17, 40, 0.25
3, 8, 9, 17, 28, 0.25
3, 1, 2, 18, 19, 0.25
3, 1, 4, 18, 14, 0.25
3, 2, 3, 18, 38, 0.25
3, 2, 5, 18, 3, 0.25
3, 3, 6, 18, 31, 0.25
3, 4, 5, 18, 17, 0.25
3, 4, 7, 18, 39, 0.25
3, 5, 6, 18, 9, 0.25
3, 5, 8, 18, 37, 0.25
3, 6, 9, 18, 3, 0.25
3, 7, 8, 18, 20, 0.25
3, 8, 9, 18, 18, 0.25
3, 1, 2, 19, 11, 0.25
3, 1, 4, 19, 41, 0.25
3, 2, 3, 19, 5, 0.25
3, 2, 5, 19, 24, 0.25
3, 3, 6, 19, 31, 0.25
3, 4, 5, 19, 38, 0.25
3, 4, 7, 19, 28, 0.25
3, 5, 6, 19, 22, 0.25
3, 5, 8, 19, 1, 0.25
3, 6, 9, 19, 42, 0.25
3, 7, 8, 19, 23, 0.25
3, 8, 9, 19, 20, 0.25
3, 1, 2, 20, 33, 0.25
3, 1, 4, 20, 35, 0.25
3, 2, 3, 20, 4, 0.25
3, 2, 5, 20, 24, 0.25
3, 3, 6, 20, 36, 0.25
3, 4, 5, 20, 16, 0.25
3, 4, 7, 20, 40, 0.25
3, 5, 6, 20, 1, 0.25
3, 5, 8, 20, 6, 0.25
3, 6, 9, 20, 39, 0.25
3, 7, 8, 20, 22, 0.25
3, 8, 9, 20, 2, 0.25
3, 1, 2, 21, 15, 0.25
3, 1, 4, 21, 39, 0.25
3, 2, 3, 21, 31, 0.25
3, 2, 5, 21, 28, 0.25
3, 3, 6, 21, 7, 0.25
3, 4, 5, 21, 31, 0.25
3, 4, 7, 21, 22, 0.25
3, 5, 6, 21, 27, 0.25
3, 5, 8, 21, 35, 0.25
3, 6, 9, 21, 37, 0.25
3, 7, 8, 21, 36, 0.25
3, 8, 9, 21, 26, 0.25
3, 1, 2, 22, 36, 0.25
3, 1, 4, 22, 22, 0.25
3, 2, 3, 22, 29, 0.25
3, 2, 5, 22, 14, 0.25
3, 3, 6, 22, 18, 0.25
3, 4, 5, 22, 27, 0.25
3, 4, 7, 22, 6, 0.25
3, 5, 6, 22, 29, 0.25
3, 5, 8, 22, 25, 0.25
3, 6, 9, 22, 38, 0.25
3, 7, 8, 22, 18, 0.25
3, 8, 9, 22, 21, 0.25
3, 1, 2, 23, 5, 0.25
3, 1, 4, 23, 8, 0.25
3, 2, 3, 23, 31, 0.25
3, 2, 5, 23, 21, 0.25
3, 3, 6, 23, 12, 0.25
3, 4, 5, 23, 30, 0.25
3, 4, 7, 23, 42, 0.25
3, 5, 6, 23, 5, 0.25
3, 5, 8, 23, 32, 0.25
3, 6, 9, 23, 21, 0.25
3, 7, 8, 23, 28, 0.25
3, 8, 9, 23, 28, 0.25
3, 1, 2, 24, 18, 0.25
3, 1, 4, 24, 36, 0.25
3, 2, 3, 24, 26, 0.25
3, 2, 5, 24, 37, 0.25
3, 3, 6, 24, 9, 0.25
3, 4, 5, 24, 1, 0.25
3, 4, 7, 24, 44, 0.25
3, 5, 6, 24, 40, 0.25
3, 5, 8, 24, 20, 0.25
3, 6, 9, 24, 19, 0.25
3, 7, 8, 24, 37, 0.25
3, 8, 9, 24, 24, 0.25
3, 1, 2, 25, 22, 0.25
3, 1, 4, 25, 42, 0.25
3, 2, 3, 25, 22, 0.25
3, 2, 5, 25, 8, 0.25
3, 3, 6, 25, 36, 0.25
3, 4, 5, 25, 29, 0.25
3, 4, 7, 25, 25, 0.25
3, 5, 6, 25, 3, 0.25
3, 5, 8, 25, 22, 0.25
3, 6, 9, 25, 26, 0.25
3, 7, 8, 25, 18, 0.25
3, 8, 9, 25, 22, 0.25
3, 1, 2, 26, 43, 0.25
3, 1, 4, 26, 10, 0.25
3, 2, 3, 26, 8, 0.25
3, 2, 5, 26, 9, 0.25
3, 3, 6, 26, 4, 0.25
3, 4, 5, 26, 18, 0.25
3, 4, 7, 26, 44, 0.25
3, 5, 6, 26, 3, 0.25
3, 5, 8, 26, 15, 0.25
3, 6, 9, 26, 3, 0.25
3, 7, 8, 26, 15, 0.25
3, 8, 9, 26, 43, 0.25
3, 1, 2, 27, 34, 0.25
3, 1, 4, 27, 27, 0.25
3, 2, 3, 27, 15, 0.25
3, 2, 5, 27, 10, 0.25
3, 3, 6, 27, 3, 0.25
3, 4, 5, 27, 20, 0.25
3, 4, 7, 27, 4, 0.25
3, 5, 6, 27, 27, 0.25
3, 5, 8, 27, 21, 0.25
3, 6, 9, 27, 29, 0.25
3, 7, 8, 27, 16, 0.25
3, 8, 9, 27, 4, 0.25
3, 1, 2, 28, 42, 0.25
3, 1, 4, 28, 19, 0.25
3, 2, 3, 28, 18, 0.25
3, 2, 5, 28, 27, 0.25
3, 3, 6, 28, 30, 0.25
3, 4, 5, 28, 23, 0.25
3, 4, 7, 28, 30, 0.25
3, 5, 6, 28, 30, 0.25
3, 5, 8, 28, 13, 0.25
3, 6, 9, 28, 2, 0.25
3, 7, 8, 28, 43, 0.25
3, 8, 9, 28, 3, 0.25
3, 1, 2, 29, 13, 0.25
3, 1, 4, 29, 42, 0.25
3, 2, 3, 29, 6, 0.25
3, 2, 5, 29, 13, 0.25
3, 3, 6, 29, 20, 0.25
3, 4, 5, 29, 32, 0.25
3, 4, 7, 29, 16, 0.25
3, 5, 6, 29, 25, 0.25
3, 5, 8, 29, 25, 0.25
3, 6, 9, 29, 4, 0.25
3, 7, 8, 29, 32, 0.25
3, 8, 9, 29, 5, 0.25
3, 1, 2, 30, 23, 0.25
3, 1, 4, 30, 14, 0.25
3, 2, 3, 30, 35, 0.25
3, 2, 5, 30, 35, 0.25
3, 3, 6, 30, 13, 0.25
3, 4, 5, 30, 13, 0.25
3, 4, 7, 30, 7, 0.25
3, 5, 6, 30, 22, 0.25
3, 5, 8, 30, 1, 0.25
3, 6, 9, 30, 6, 0.25
3, 7, 8, 30, 10, 0.25
3, 8, 9, 30, 27, 0.25
3, 1, 2, 31, 24, 0.25
3, 1, 4, 31, 30, 0.25
3, 2, 3, 31, 22, 0.25
3, 2, 5, 31, 33, 0.25
3, 3, 6, 31, 8, 0.25
3, 4, 5, 31, 22, 0.25
3, 4, 7, 31, 20, 0.25
3, 5, 6, 31, 33, 0.25
3, 5, 8, 31, 6, 0.25
3, 6, 9, 31, 7, 0.25
3, 7, 8, 31, 8, 0.25
3, 8, 9, 31, 34, 0.25
3, 1, 2, 32, 10, 0.25
3, 1, 4, 32, 5, 0.25
3, 2, 3, 32, 31, 0.25
3, 2, 5, 32, 7, 0.25
3, 3, 6, 32, 4, 0.25
3, 4, 5, 32, 12, 0.25
3, 4, 7, 32, 12, 0.25
3, 5, 6, 32, 25, 0.25
3, 5, 8, 32, 33, 0.25
3, 6, 9, 32, 5, 0.25
3, 7, 8, 32, 13, 0.25
3, 8, 9, 32, 11, 0.25
3, 1, 2, 33, 43, 0.25
3, 1, 4, 33, 3, 0.25
3, 2, 3, 33, 31, 0.25
3, 2, 5, 33, 31, 0.25
3, 3, 6, 33, 21, 0.25
3, 4, 5, 33, 33, 0.25
3, 4, 7, 33, 38, 0.25
3, 5, 6, 33, 23, 0.25
3, 5, 8, 33, 38, 0.25
3, 6, 9, 33, 31, 0.25
3, 7, 8, 33, 28, 0.25
3, 8, 9, 33, 16, 0.25
3, 1, 2, 34, 8, 0.25
3, 1, 4, 34, 15, 0.25
3, 2, 3, 34, 16, 0.25
3, 2, 5, 34, 24, 0.25
3, 3, 6, 34, 28, 0.25
3, 4, 5, 34, 29, 0.25
3, 4, 7, 34, 10, 0.25
3, 5, 6, 34, 4, 0.25
3, 5, 8, 34, 32, 0.25
3, 6, 9, 34, 33, 0.25
3, 7, 8, 34, 8, 0.25
3, 8, 9, 34, 30, 0.25
3, 1, 2, 35, 34, 0.25
3, 1, 4, 35, 12, 0.25
3, 2, 3, 35, 24, 0.25
3, 2, 5, 35, 27, 0.25
3, 3, 6, 35, 21, 0.25
3, 4, 5, 35, 19, 0.25
3, 4, 7, 35, 2, 0.25
3, 5, 6, 35, 29, 0.25
3, 5, 8, 35, 22, 0.25
3, 6, 9, 35, 35, 0.25
3, 7, 8, 35, 39, 0.25
3, 8, 9, 35, 34, 0.25
3, 1, 2, 36, 7, 0.25
3, 1, 4, 36, 27, 0.25
3, 2, 3, 36, 38, 0.25
3, 2, 5, 36, 30, 0.25
3, 3, 6, 36, 19, 0.25
3, 4, 5, 36, 17, 0.25
3, 4, 7, 36, 29, 0.25
3, 5, 6, 36, 32, 0.25
3, 5, 8, 36, 31, 0.25
3, 6, 9, 36, 15, 0.25
3, 7, 8, 36, 18, 0.25
3, 8, 9, 36, 21, 0.25
3, 1, 2, 37, 31, 0.25
3, 1, 4, 37, 30, 0.25
3, 2, 3, 37, 31, 0.25
3, 2, 5, 37, 11, 0.25
3, 3, 6, 37, 38, 0.25
3, 4, 5, 37, 27, 0.25
3, 4, 7, 37, 12, 0.25
3, 5, 6, 37, 40, 0.25
3, 5, 8, 37, 28, 0.25
3, 6, 9, 37, 32, 0.25
3, 7, 8, 37, 10, 0.25
3, 8, 9, 37, 20, 0.25
3, 1, 2, 38, 40, 0.25
3, 1, 4, 38, 18, 0.25
3, 2, 3, 38, 31, 0.25
3, 2, 5, 38, 32, 0.25
3, 3, 6, 38, 6, 0.25
3, 4, 5, 38, 24, 0.25
3, 4, 7, 38, 5, 0.25
3, 5, 6, 38, 1, 0.25
3, 5, 8, 38, 21, 0.25
3, 6, 9, 38, 10, 0.25
3, 7, 8, 38, 14, 0.25
3, 8, 9, 38, 30, 0.25
3, 1, 2, 39, 7, 0.25
3, 1, 4, 39, 6, 0.25
3, 2, 3, 39, 38, 0.25
3, 2, 5, 39, 20, 0.25
3, 3, 6, 39, 18, 0.25
3, 4, 5, 39, 29, 0.25
3, 4, 7, 39, 9, 0.25
3, 5, 6, 39, 39, 0.25
3, 5, 8, 39, 37, 0.25
3, 6, 9, 39, 10, 0.25
3, 7, 8, 39, 41, 0.25
3, 8, 9, 39, 9, 0.25
3, 1, 2, 40, 21, 0.25
3, 1, 4, 40, 25, 0.25
3, 2, 3, 40, 29, 0.25
3, 2, 5, 40, 20, 0.25
3, 3, 6, 40, 29, 0.25
3, 4, 5, 40, 10, 0.25
3, 4, 7, 40, 25, 0.25
3, 5, 6, 40, 31, 0.25
3, 5, 8, 40, 40, 0.25
3, 6, 9, 40, 24, 0.25
3, 7, 8, 40, 15, 0.25
3, 8, 9, 40, 32, 0.25
3, 1, 2, 41, 18, 0.25
3, 1, 4, 41, 23, 0.25
3, 2, 3, 41, 17, 0.25
3, 2, 5, 41, 11, 0.25
3, 3, 6, 41, 38, 0.25
3, 4, 5, 41, 13, 0.25
3, 4, 7, 41, 22, 0.25
3, 5, 6, 41, 29, 0.25
3, 5, 8, 41, 23, 0.25
3, 6, 9, 41, 40, 0.25
3, 7, 8, 41, 3, 0.25
3, 8, 9, 41, 21, 0.25
3, 1, 2, 42, 23, 0.25
3, 1, 4, 42, 4, 0.25
3, 2, 3, 42, 18, 0.25
3, 2, 5, 42, 7, 0.25
3, 3, 6, 42, 21, 0.25
3, 4, 5, 42, 13, 0.25
3, 4, 7, 42, 37, 0.25
3, 5, 6, 42, 4, 0.25
3, 5, 8, 42, 22, 0.25
3, 6, 9, 42, 42, 0.25
3, 7, 8, 42, 9, 0.25
3, 8, 9, 42, 44, 0.25
3, 1, 2, 43, 30, 0.25
3, 1, 4, 43, 23, 0.25
3, 2, 3, 43, 23, 0.25
3, 2, 5, 43, 38, 0.25
3, 3, 6, 43, 21, 0.25
3, 4, 5, 43, 15, 0.25
3, 4, 7, 43, 16, 0.25
3, 5, 6, 43, 22, 0.25
3, 5, 8, 43, 15, 0.25
3, 6, 9, 43, 5, 0.25
3, 7, 8, 43, 13, 0.25
3, 8, 9, 43, 12, 0.25
3, 1, 2, 44, 18, 0.25
3, 1, 4, 44, 13, 0.25
3, 2, 3, 44, 44, 0.25
3, 2, 5, 44, 14, 0.25
3, 3, 6, 44, 20, 0.25
3, 4, 5, 44, 44, 0.25
3, 4, 7, 44, 34, 0.25
3, 5, 6, 44, 11, 0.25
3, 5, 8, 44, 11, 0.25
3, 6, 9, 44, 22, 0.25
3, 7, 8, 44, 14, 0.25
3, 8, 9, 44, 31, 0.25
3, 1, 2, 45, 1, 0.25
3, 1, 4, 45, 38, 0.25
3, 2, 3, 45, 8, 0.25
3, 2, 5, 45, 21, 0.25
3, 3, 6, 45, 16, 0.25
3, 4, 5, 45, 23, 0.25
3, 4, 7, 45, 16, 0.25
3, 5, 6, 45, 30, 0.25
3, 5, 8, 45, 27, 0.25
3, 6, 9, 45, 17, 0.25
3, 7, 8, 45, 44, 0.25
3, 8, 9, 45, 1, 0.25
3, 1, 2, 46, 23, 0.25
3, 1, 4, 46, 16, 0.25
3, 2, 3, 46, 27, 0.25
3, 2, 5, 46, 35, 0.25
3, 3, 6, 46, 13, 0.25
3, 4, 5, 46, 5, 0.25
3, 4, 7, 46, 9, 0.25
3, 5, 6, 46, 8, 0.25
3, 5, 8, 46, 10, 0.25
3, 6, 9, 46, 24, 0.25
3, 7, 8, 46, 31, 0.25
3, 8, 9, 46, 17, 0.25
3, 1, 2, 47, 18, 0.25
3, 1, 4, 47, 3, 0.25
3, 2, 3, 47, 36, 0.25
3, 2, 5, 47, 30, 0.25
3, 3, 6, 47, 6, 0.25
3, 4, 5, 47, 18, 0.25
3, 4, 7, 47, 38, 0.25
3, 5, 6, 47, 41, 0.25
3, 5, 8, 47, 6, 0.25
3, 6, 9, 47, 14, 0.25
3, 7, 8, 47, 24, 0.25
3, 8, 9, 47, 22, 0.25
3, 1, 2, 48, 40, 0.25
3, 1, 4, 48, 11, 0.25
3, 2, 3, 48, 28, 0.25
3, 2, 5, 48, 11, 0.25
3, 3, 6, 48, 36, 0.25
3, 4, 5, 48, 6, 0.25
3, 4, 7, 48, 19, 0.25
3, 5, 6, 48, 25, 0.25
3, 5, 8, 48, 10, 0.25
3, 6, 9, 48, 30, 0.25
3, 7, 8, 48, 2, 0.25
3, 8, 9, 48, 19, 0.25
3, 1, 2, 49, 9, 0.25
3, 1, 4, 49, 11, 0.25
3, 2, 3, 49, 33, 0.25
3, 2, 5, 49, 30, 0.25
3, 3, 6, 49, 38, 0.25
3, 4, 5, 49, 13, 0.25
3, 4, 7, 49, 13, 0.25
3, 5, 6, 49, 37, 0.25
3, 5, 8, 49, 28, 0.25
3, 6, 9, 49, 22, 0.25
3, 7, 8, 49, 19, 0.25
3, 8, 9, 49, 9, 0.25
3, 1, 2, 50, 37, 0.25
3, 1, 4, 50, 17, 0.25
3, 2, 3, 50, 4, 0.25
3, 2, 5, 50, 32, 0.25
3, 3, 6, 50, 18, 0.25
3, 4, 5, 50, 26, 0.25
3, 4, 7, 50, 8, 0.25
3, 5, 6, 50, 33, 0.25
3, 5, 8, 50, 28, 0.25
3, 6, 9, 50, 16, 0.25
3, 7, 8, 50, 36, 0.25
3, 8, 9, 50, 16, 0.25
3, 1, 2, 51, 19, 0.25
3, 1, 4, 51, 25, 0.25
3, 2, 3, 51, 18, 0.25
3, 2, 5, 51, 6, 0.25
3, 3, 6, 51, 24, 0.25
3, 4, 5, 51, 32, 0.25
3, 4, 7, 51, 21, 0.25
3, 5, 6, 51, 18, 0.25
3, 5, 8, 51, 23, 0.25
3, 6, 9, 51, 10, 0.25
3, 7, 8, 51, 2, 0.25
3, 1, 2, 52, 17, 0.25
3, 1, 4, 52, 32, 0.25
3, 2, 5, 52, 20, 0.25
3, 3, 6, 52, 35, 0.25
3, 4, 5, 52, 14, 0.25
3, 6, 9, 52, 26, 0.25
3, 7, 8, 52, 30, 0.25
3, 8, 9, 52, 22, 0.25
3, 1, 2, 53, 29, 0.25
3, 1, 4, 53, 8, 0.25
3, 2, 3, 53, 3, 0.25
3, 2, 5, 53, 19, 0.25
3, 3, 6, 53, 29, 0.25
3, 4, 5, 53, 19, 0.25
3, 4, 7, 53, 33, 0.25
3, 5, 6, 53, 29, 0.25
3, 6, 9, 53, 6, 0.25
3, 8, 9, 53, 20, 0.25
3, 1, 2, 54, 17, 0.25
3, 2, 5, 54, 4, 0.25
3, 3, 6, 54, 29, 0.25
3, 4, 5, 54, 34, 0.25
3, 4, 7, 54, 32, 0.25
3, 5, 6, 54, 6, 0.25
3, 5, 8, 54, 27, 0.25
3, 6, 9, 54, 2, 0.25
3, 7, 8, 54, 13, 0.25
3, 8, 9, 54, 6, 0.25
3, 1, 2, 55, 2, 0.25
3, 1, 4, 55, 4, 0.25
3, 2, 3, 55, 9, 0.25
3, 2, 5, 55, 15, 0.25
3, 3, 6, 55, 7, 0.25
3, 4, 7, 55, 34, 0.25
3, 5, 6, 55, 29, 0.25
3, 5, 8, 55, 11, 0.25
3, 6, 9, 55, 27, 0.25
3, 8, 9, 55, 12, 0.25
3, 1, 2, 56, 20, 0.25
3, 3, 6, 56, 2, 0.25
3, 4, 5, 56, 21, 0.25
3, 4, 7, 56, 22, 0.25
3, 5, 6, 56, 32, 0.25
3, 6, 9, 56, 1, 0.25
3, 7, 8, 56, 5, 0.25
3, 1, 2, 57, 27, 0.25
3, 1, 4, 57, 29, 0.25
3, 3, 6, 57, 4, 0.25
3, 4, 5, 57, 19, 0.25
3, 4, 7, 57, 16, 0.25
3, 5, 6, 57, 11, 0.25
3, 5, 8, 57, 13, 0.25
3, 8, 9, 57, 31, 0.25
3, 1, 4, 58, 28, 0.25
3, 2, 3, 58, 11, 0.25
3, 2, 5, 58, 24, 0.25
3, 3, 6, 58, 11, 0.25
3, 4, 5, 58, 8, 0.25
3, 5, 6, 58, 26, 0.25
3, 5, 8, 58, 28, 0.25
3, 6, 9, 58, 14, 0.25
3, 7, 8, 58, 17, 0.25
3, 8, 9, 58, 2, 0.25
3, 2, 3, 59, 5, 0.25
3, 2, 5, 59, 2, 0.25
3, 3, 6, 59, 14, 0.25
3, 4, 7, 59, 9, 0.25
3, 5, 6, 59, 19, 0.25
3, 5, 8, 59, 11, 0.25
3, 7, 8, 59, 24, 0.25
3, 8, 9, 59, 21, 0.25
3, 2, 3, 60, 15, 0.25
3, 4, 5, 60, 17, 0.25
3, 4, 7, 60, 18, 0.25
3, 5, 6, 60, 27, 0.25
3, 5, 8, 60, 1, 0.25
3, 7, 8, 60, 13, 0.25
3, 1, 2, 61, 18, 0.25
3, 1, 4, 61, 7, 0.25
3, 2, 3, 61, 9, 0.25
3, 3, 6, 61, 25, 0.25
3, 4, 7, 61, 21, 0.25
3, 5, 6, 61, 5, 0.25
3, 1, 4, 62, 3, 0.25
3, 2, 3, 62, 13, 0.25
3, 3, 6, 62, 11, 0.25
3, 4, 7, 62, 16, 0.25
3, 5, 6, 62, 6, 0.25
3, 5, 8, 62, 15, 0.25
3, 6, 9, 62, 13, 0.25
3, 1, 2, 63, 7, 0.25
3, 2, 3, 63, 26, 0.25
3, 4, 5, 63, 11, 0.25
3, 4, 7, 63, 9, 0.25
3, 5, 6, 63, 22, 0.25
3, 6, 9, 63, 21, 0.25
3, 7, 8, 63, 3, 0.25
3, 8, 9, 63, 11, 0.25
3, 2, 3, 64, 7, 0.25
3, 3, 6, 64, 13, 0.25
3, 5, 6, 64, 18, 0.25
3, 5, 8, 64, 19, 0.25
3, 6, 9, 64, 3, 0.25
3, 7, 8, 64, 9, 0.25
3, 1, 2, 65, 15, 0.25
3, 1, 4, 65, 7, 0.25
3, 3, 6, 65, 9, 0.25
3, 4, 5, 65, 1, 0.25
3, 1, 2, 66, 2, 0.25
3, 1, 4, 66, 12, 0.25
3, 4, 5, 66, 22, 0.25
3, 4, 7, 66, 18, 0.25
3, 5, 8, 66, 12, 0.25
3, 8, 9, 66, 11, 0.25
3, 1, 4, 67, 6, 0.25
3, 2, 3, 67, 3, 0.25
3, 2, 5, 67, 5, 0.25
3, 3, 6, 67, 11, 0.25
3, 4, 5, 67, 6, 0.25
3, 4, 7, 67, 12, 0.25
3, 5, 8, 67, 21, 0.25
3, 6, 9, 67, 8, 0.25
3, 7, 8, 67, 5, 0.25
3, 8, 9, 67, 10, 0.25
3, 1, 2, 68, 1, 0.25
3, 1, 4, 68, 3, 0.25
3, 5, 6, 68, 16, 0.25
3, 6, 9, 68, 18, 0.25
3, 2, 5, 69, 6, 0.25
3, 5, 8, 69, 20, 0.25
3, 7, 8, 69, 19, 0.25
3, 1, 4, 70, 14, 0.25
3, 2, 3, 70, 15, 0.25
3, 2, 5, 70, 5, 0.25
3, 5, 8, 70, 18, 0.25
3, 6, 9, 70, 3, 0.25
3, 7, 8, 70, 6, 0.25
3, 1, 4, 71, 5, 0.25
3, 4, 7, 71, 2, 0.25
3, 8, 9, 71, 9, 0.25
3, 1, 2, 72, 2, 0.25
3, 2, 5, 72, 9, 0.25
3, 5, 6, 72, 14, 0.25
3, 5, 8, 72, 14, 0.25
3, 6, 9, 72, 7, 0.25
3, 7, 8, 72, 14, 0.25
3, 3, 6, 73, 7, 0.25
3, 4, 7, 73, 13, 0.25
3, 5, 6, 73, 5, 0.25
3, 1, 4, 74, 8, 0.25
3, 2, 5, 74, 11, 0.25
3, 4, 5, 74, 14, 0.25
3, 4, 7, 74, 5, 0.25
3, 5, 8, 74, 13, 0.25
3, 7, 8, 74, 10, 0.25
3, 1, 2, 75, 2, 0.25
3, 2, 3, 75, 3, 0.25
3, 3, 6, 75, 12, 0.25
3, 6, 9, 75, 11, 0.25
3, 1, 4, 76, 11, 0.25
3, 5, 6, 76, 1, 0.25
3, 6, 9, 76, 10, 0.25
3, 1, 4, 77, 1, 0.25
3, 2, 5, 77, 2, 0.25
3, 3, 6, 77, 4, 0.25
3, 4, 5, 77, 9, 0.25
3, 1, 4, 78, 6, 0.25
3, 2, 5, 78, 3, 0.25
3, 4, 5, 78, 8, 0.25
3, 7, 8, 78, 3, 0.25
3, 1, 2, 79, 2, 0.25
3, 4, 5, 79, 8, 0.25
3, 4, 7, 79, 3, 0.25
3, 5, 8, 79, 3, 0.25
3, 7, 8, 79, 4, 0.25
3, 2, 5, 80, 5, 0.25
3, 5, 6, 80, 5, 0.25
3, 5, 8, 81, 5, 0.25
3, 8, 9, 81, 8, 0.25
3, 7, 8, 84, 4, 0.25
3, 8, 9, 84, 3, 0.25
4, 1, 2, 0, 16, 0.25
4, 1, 4, 0, 40, 0.25
4, 2, 3, 0, 25, 0.25
4, 2, 5, 0, 9, 0.25
4, 3, 6, 0, 2, 0.25
4, 4, 5, 0, 20, 0.25
4, 4, 7, 0, 31, 0.25
4, 5, 6, 0, 18, 0.25
4, 5, 8, 0, 5, 0.25
4, 6, 9, 0, 33, 0.25
4, 7, 8, 0, 18, 0.25
4, 8, 9, 0, 31, 0.25
4, 1, 2, 1, 18, 0.25
4, 1, 4, 1, 27, 0.25
4, 2, 3, 1, 18, 0.25
4, 2, 5, 1, 22, 0.25
4, 3, 6, 1, 41, 0.25
4, 4, 5, 1, 14, 0.25
4, 4, 7, 1, 12, 0.25
4, 5, 6, 1, 34, 0.25
4, 5, 8, 1, 32, 0.25
4, 6, 9, 1, 34, 0.25
4, 7, 8, 1, 14, 0.25
4, 8, 9, 1, 4, 0.25
4, 1, 2, 2, 8, 0.25
4, 1, 4, 2, 41, 0.25
4, 2, 3, 2, 39, 0.25
4, 2, 5, 2, 27, 0.25
4, 3, 6, 2, 9, 0.25
4, 4, 5, 2, 1, 0.25
4, 4, 7, 2, 21, 0.25
4, 5, 6, 2, 40, 0.25
4, 5, 8, 2, 13, 0.25
4, 6, 9, 2, 17, 0.25
4, 7, 8, 2, 38, 0.25
4, 8, 9, 2, 24, 0.25
4, 1, 2, 3, 22, 0.25
4, 1, 4, 3, 22, 0.25
4, 2, 3, 3, 3, 0.25
4, 2, 5, 3, 33, 0.25
4, 3, 6, 3, 16, 0.25
4, 4, 5, 3, 2, 0.25
4, 4, 7, 3, 8, 0.25
4, 5, 6, 3, 25, 0.25
4, 5, 8, 3, 22, 0.25
4, 6, 9, 3, 16, 0.25
4, 7, 8, 3, 27, 0.25
4, 8, 9, 3, 25, 0.25
4, 1, 2, 4, 44, 0.25
4, 1, 4, 4, 20, 0.25
4, 2, 3, 4, 19, 0.25
4, 2, 5, 4, 33, 0.25
4, 3, 6, 4, 4, 0.25
4, 4, 5, 4, 26, 0.25
4, 4, 7, 4, 37, 0.25
4, 5, 6, 4, 17, 0.25
4, 5, 8, 4, 18, 0.25
4, 6, 9, 4, 2, 0.25
4, 7, 8, 4, 22, 0.25
4, 8, 9, 4, 35, 0.25
4, 1, 2, 5, 15, 0.25
4, 1, 4, 5, 16, 0.25
4, 2, 3, 5, 23, 0.25
4, 2, 5, 5, 25, 0.25
4, 3, 6, 5, 27, 0.25
4, 4, 5, 5, 32, 0.25
4, 4, 7, 5, 22, 0.25
4, 5, 6, 5, 38, 0.25
4, 5, 8, 5, 23, 0.25
4, 6, 9, 5, 2, 0.25
4, 7, 8, 5, 34, 0.25
4, 8, 9, 5, 10, 0.25
4, 1, 2, 6, 29, 0.25
4, 1, 4, 6, 11, 0.25
4, 2, 3, 6, 16, 0.25
4, 2, 5, 6, 18, 0.25
4, 3, 6, 6, 37, 0.25
4, 4, 5, 6, 12, 0.25
4, 4, 7, 6, 29, 0.25
4, 5, 6, 6, 1, 0.25
4, 5, 8, 6, 10, 0.25
4, 6, 9, 6, 1, 0.25
4, 7, 8, 6, 31, 0.25
4, 8, 9, 6, 15, 0.25
4, 1, 2, 7, 24, 0.25
4, 1, 4, 7, 8, 0.25
4, 2, 3, 7, 40, 0.25
4, 2, 5, 7, 28, 0.25
4, 3, 6, 7, 27, 0.25
4, 4, 5, 7, 25, 0.25
4, 4, 7, 7, 10, 0.25
4, 5, 6, 7, 9, 0.25
4, 5, 8, 7, 3, 0.25
4, 6, 9, 7, 3, 0.25
4, 7, 8, 7, 29, 0.25
4, 8, 9, 7, 14, 0.25
4, 1, 2, 8, 38, 0.25
4, 1, 4, 8, 24, 0.25
4, 2, 3, 8, 17, 0.25
4, 2, 5, 8, 13, 0.25
4, 3, 6, 8, 42, 0.25
4, 4, 5, 8, 19, 0.25
4, 4, 7, 8, 33, 0.25
4, 5, 6, 8, 4, 0.25
4, 5, 8, 8, 37, 0.25
4, 6, 9, 8, 34, 0.25
4, 7, 8, 8, 32, 0.25
4, 8, 9, 8, 29, 0.25
4, 1, 2, 9, 18, 0.25
4, 1, 4, 9, 38, 0.25
4, 2, 3, 9, 36, 0.25
4, 2, 5, 9, 37, 0.25
4, 3, 6, 9, 42, 0.25
4, 4, 5, 9, 12, 0.25
4, 4, 7, 9, 18, 0.25
4, 5, 6, 9, 9, 0.25
4, 5, 8, 9, 26, 0.25
4, 6, 9, 9, 20, 0.25
4, 7, 8, 9, 15, 0.25
4, 8, 9, 9, 41, 0.25
4, 1, 2, 10, 9, 0.25
4, 1, 4, 10, 30, 0.25
4, 2, 3, 10, 18, 0.25
4, 2, 5, 10, 43, 0.25
4, 3, 6, 10, 25, 0.25
4, 4, 5, 10, 21, 0.25
4, 4, 7, 10, 6, 0.25
4, 5, 6, 10, 30, 0.25
4, 5, 8, 10, 19, 0.25
4, 6, 9, 10, 9, 0.25
4, 7, 8, 10, 29, 0.25
4, 8, 9, 10, 29, 0.25
4, 1, 2, 11, 21, 0.25
4, 1, 4, 11, 26, 0.25
4, 2, 3, 11, 30, 0.25
4, 2, 5, 11, 42, 0.25
4, 3, 6, 11, 29, 0.25
4, 4, 5, 11, 14, 0.25
4, 4, 7, 11, 19, 0.25
4, 5, 6, 11, 21, 0.25
4, 5, 8, 11, 19, 0.25
4, 6, 9, 11, 4, 0.25
4, 7, 8, 11, 43, 0.25
4, 8, 9, 11, 29, 0.25
4, 1, 2, 12, 22, 0.25
4, 1, 4, 12, 33, 0.25
4, 2, 3, 12, 40, 0.25
4, 2, 5, 12, 17, 0.25
4, 3, 6, 12, 25, 0.25
4, 4, 5, 12, 8, 0.25
4, 4, 7, 12, 14, 0.25
4, 5, 6, 12, 9, 0.25
4, 5, 8, 12, 32, 0.25
4, 6, 9, 12, 3, 0.25
4, 7, 8, 12, 15, 0.25
4, 8, 9, 12, 8, 0.25
4, 1, 2, 13, 26, 0.25
4, 1, 4, 13, 40, 0.25
4, 2, 3, 13, 26, 0.25
4, 2, 5, 13, 21, 0.25
4, 3, 6, 13, 35, 0.25
4, 4, 5, 13, 37, 0.25
4, 4, 7, 13, 29, 0.25
4, 5, 6, 13, 13, 0.25
4, 5, 8, 13, 25, 0.25
4, 6, 9, 13, 43, 0.25
4, 7, 8, 13, 25, 0.25
4, 8, 9, 13, 34, 0.25
4, 1, 2, 14, 14, 0.25
4, 1, 4, 14, 21, 0.25
4, 2, 3, 14, 33, 0.25
4, 2, 5, 14, 27, 0.25
4, 3, 6, 14, 10, 0.25
4, 4, 5, 14, 16, 0.25
4, 4, 7, 14, 13, 0.25
4, 5, 6, 14, 27, 0.25
4, 5, 8, 14, 31, 0.25
4, 6, 9, 14, 13, 0.25
4, 7, 8, 14, 21, 0.25
4, 8, 9, 14, 2, 0.25
4, 1, 2, 15, 22, 0.25
4, 1, 4, 15, 32, 0.25
4, 2, 3, 15, 13, 0.25
4, 2, 5, 15, 36, 0.25
4, 3, 6, 15, 22, 0.25
4, 4, 5, 15, 13, 0.25
4, 4, 7, 15, 39, 0.25
4, 5, 6, 15, 37, 0.25
4, 5, 8, 15, 34, 0.25
4, 6, 9, 15, 21, 0.25
4, 7, 8, 15, 21, 0.25
4, 8, 9, 15, 8, 0.25
4, 1, 2, 16, 11, 0.25
4, 1, 4, 16, 35, 0.25
4, 2, 3, 16, 32, 0.25
4, 2, 5, 16, 6, 0.25
4, 3, 6, 16, 9, 0.25
4, 4, 5, 16, 22, 0.25
4, 4, 7, 16, 35, 0.25
4, 5, 6, 16, 18, 0.25
4, 5, 8, 16, 29, 0.25
4, 6, 9, 16, 18, 0.25
4, 7, 8, 16, 18, 0.25
4, 8, 9, 16, 11, 0.25
4, 1, 2, 17, 14, 0.25
4, 1, 4, 17, 28, 0.25
4, 2, 3, 17, 15, 0.25
4, 2, 5, 17, 11, 0.25
4, 3, 6, 17, 6, 0.25
4, 4, 5, 17, 24, 0.25
4, 4, 7, 17, 40, 0.25
4, 5, 6, 17, 33, 0.25
4, 5, 8, 17, 38, 0.25
4, 6, 9, 17, 11, 0.25
4, 7, 8, 17, 37, 0.25
4, 8, 9, 17, 21, 0.25
4, 1, 2, 18, 37, 0.25
4, 1, 4, 18, 11, 0.25
4, 2, 3, 18, 38, 0.25
4, 2, 5, 18, 11, 0.25
4, 3, 6, 18, 11, 0.25
4, 4, 5, 18, 29, 0.25
4, 4, 7, 18, 40, 0.25
4, 5, 6, 18, 15, 0.25
4, 5, 8, 18, 20, 0.25
4, 6, 9, 18, 27, 0.25
4, 7, 8, 18, 18, 0.25
4, 8, 9, 18, 35, 0.25
4, 1, 2, 19, 20, 0.25
4, 1, 4, 19, 35, 0.25
4, 2, 3, 19, 17, 0.25
4, 2, 5, 19, 15, 0.25
4, 3, 6, 19, 36, 0.25
4, 4, 5, 19, 37, 0.25
4, 4, 7, 19, 5, 0.25
4, 5, 6, 19, 44, 0.25
4, 5, 8, 19, 18, 0.25
4, 6, 9, 19, 18, 0.25
4, 7, 8, 19, 16, 0.25
4, 8, 9, 19, 43, 0.25
4, 1, 2, 20, 37, 0.25
4, 1, 4, 20, 2, 0.25
4, 2, 3, 20, 13, 0.25
4, 2, 5, 20, 42, 0.25
4, 3, 6, 20, 6, 0.25
4, 4, 5, 20, 14, 0.25
4, 4, 7, 20, 31, 0.25
4, 5, 6, 20, 43, 0.25
4, 5, 8, 20, 10, 0.25
4, 6, 9, 20, 18, 0.25
4, 7, 8, 20, 41, 0.25
4, 8, 9, 20, 21, 0.25
4, 1, 2, 21, 31, 0.25
4, 1, 4, 21, 22, 0.25
4, 2, 3, 21, 2, 0.25
4, 2, 5, 21, 13, 0.25
4, 3, 6, 21, 3, 0.25
4, 4, 5, 21, 16, 0.25
4, 4, 7, 21, 14, 0.25
4, 5, 6, 21, 34, 0.25
4, 5, 8, 21, 15, 0.25
4, 6, 9, 21, 4, 0.25
4, 7, 8, 21, 31, 0.25
4, 8, 9, 21, 5, 0.25
4, 1, 2, 22, 8, 0.25
4, 1, 4, 22, 26, 0.25
4, 2, 3, 22, 29, 0.25
4, 2, 5, 22, 21, 0.25
4, 3, 6, 22, 26, 0.25
4, 4, 5, 22, 37, 0.25
4, 4, 7, 22, 44, 0.25
4, 5, 6, 22, 19, 0.25
4, 5, 8, 22, 22, 0.25
4, 6, 9, 22, 5, 0.25
4, 7, 8, 22, 39, 0.25
4, 8, 9, 22, 19, 0.25
4, 1, 2, 23, 22, 0.25
4, 1, 4, 23, 11, 0.25
4, 2, 3, 23, 23, 0.25
4, 2, 5, 23, 33, 0.25
4, 3, 6, 23, 13, 0.25
4, 4, 5, 23, 1, 0.25
4, 4, 7, 23, 32, 0.25
4, 5, 6, 23, 14, 0.25
4, 5, 8, 23, 19, 0.25
4, 6, 9, 23, 21, 0.25
4, 7, 8, 23, 36, 0.25
4, 8, 9, 23, 20, 0.25
4, 1, 2, 24, 12, 0.25
4, 1, 4, 24, 21, 0.25
4, 2, 3, 24, 41, 0.25
4, 2, 5, 24, 19, 0.25
4, 3, 6, 24, 33, 0.25
4, 4, 5, 24, 34, 0.25
4, 4, 7, 24, 12, 0.25
4, 5, 6, 24, 39, 0.25
4, 5, 8, 24, 12, 0.25
4, 6, 9, 24, 10, 0.25
4, 7, 8, 24, 43, 0.25
4, 8, 9, 24, 9, 0.25
4, 1, 2, 25, 19, 0.25
4, 1, 4, 25, 21, 0.25
4, 2, 3, 25, 13, 0.25
4, 2, 5, 25, 1, 0.25
4, 3, 6, 25, 13, 0.25
4, 4, 5, 25, 37, 0.25
4, 4, 7, 25, 22, 0.25
4, 5, 6, 25, 39, 0.25
4, 5, 8, 25, 4, 0.25
4, 6, 9, 25, 29, 0.25
4, 7, 8, 25, 11, 0.25
4, 8, 9, 25, 18, 0.25
4, 1, 2, 26, 42, 0.25
4, 1, 4, 26, 36, 0.25
4, 2, 3, 26, 22, 0.25
4, 2, 5, 26, 30, 0.25
4, 3, 6, 26, 4, 0.25
4, 4, 5, 26, 24, 0.25
4, 4, 7, 26, 17, 0.25
4, 5, 6, 26, 14, 0.25
4, 5, 8, 26, 4, 0.25
4, 6, 9, 26, 38, 0.25
4, 7, 8, 26, 23, 0.25
4, 8, 9, 26, 34, 0.25
4, 1, 2, 27, 5, 0.25
4, 1, 4, 27, 10, 0.25
4, 2, 3, 27, 8, 0.25
4, 2, 5, 27, 26, 0.25
4, 3, 6, 27, 40, 0.25
4, 4, 5, 27, 40, 0.25
4, 4, 7, 27, 5, 0.25
4, 5, 6, 27, 21, 0.25
4, 5, 8, 27, 7, 0.25
4, 6, 9, 27, 38, 0.25
4, 7, 8, 27, 18, 0.25
4, 8, 9, 27, 11, 0.25
4, 1, 2, 28, 28, 0.25
4, 1, 4, 28, 42, 0.25
4, 2, 3, 28, 28, 0.25
4, 2, 5, 28, 14, 0.25
4, 3, 6, 28, 28, 0.25
4, 4, 5, 28, 8, 0.25
4, 4, 7, 28, 41, 0.25
4, 5, 6, 28, 33, 0.25
4, 5, 8, 28, 6, 0.25
4, 6, 9, 28, 31, 0.25
4, 7, 8, 28, 15, 0.25
4, 8, 9, 28, 9, 0.25
4, 1, 2, 29, 9, 0.25
4, 1, 4, 29, 18, 0.25
4, 2, 3, 29, 20, 0.25
4, 2, 5, 29, 38, 0.25
4, 3, 6, 29, 36, 0.25
4, 4, 5, 29, 17, 0.25
4, 4, 7, 29, 23, 0.25
4, 5, 6, 29, 29, 0.25
4, 5, 8, 29, 24, 0.25
4, 6, 9, 29, 37, 0.25
4, 7, 8, 29, 30, 0.25
4, 8, 9, 29, 13, 0.25
4, 1, 2, 30, 11, 0.25
4, 1, 4, 30, 44, 0.25
4, 2, 3, 30, 8, 0.25
4, 2, 5, 30, 38, 0.25
4, 3, 6, 30, 41, 0.25
4, 4, 5, 30, 7, 0.25
4, 4, 7, 30, 36, 0.25
4, 5, 6, 30, 6, 0.25
4, 5, 8, 30, 24, 0.25
4, 6, 9, 30, 9, 0.25
4, 7, 8, 30, 8, 0.25
4, 8, 9, 30, 39, 0.25
4, 1, 2, 31, 36, 0.25
4, 1, 4, 31, 11, 0.25
4, 2, 3, 31, 10, 0.25
4, 2, 5, 31, 2, 0.25
4, 3, 6, 31, 20, 0.25
4, 4, 5, 31, 26, 0.25
4, 4, 7, 31, 17, 0.25
4, 5, 6, 31, 12, 0.25
4, 5, 8, 31, 35, 0.25
4, 6, 9, 31, 12, 0.25
4, 7, 8, 31, 16, 0.25
4, 8, 9, 31, 39, 0.25
4, 1, 2, 32, 15, 0.25
4, 1, 4, 32, 18, 0.25
4, 2, 3, 32, 23, 0.25
4, 2, 5, 32, 29, 0.25
4, 3, 6, 32, 13, 0.25
4, 4, 5, 32, 31, 0.25
4, 4, 7, 32, 20, 0.25
4, 5, 6, 32, 17, 0.25
4, 5, 8, 32, 4, 0.25
4, 6, 9, 32, 35, 0.25
4, 7, 8, 32, 4, 0.25
4, 8, 9, 32, 31, 0.25
4, 1, 2, 33, 15, 0.25
4, 1, 4, 33, 10, 0.25
4, 2, 3, 33, 32, 0.25
4, 2, 5, 33, 21, 0.25
4, 3, 6, 33, 15, 0.25
4, 4, 5, 33, 21, 0.25
4, 4, 7, 33, 2, 0.25
4, 5, 6, 33, 17, 0.25
4, 5, 8, 33, 17, 0.25
4, 6, 9, 33, 18, 0.25
4, 7, 8, 33, 6, 0.25
4, 8, 9, 33, 35, 0.25
4, 1, 2, 34, 21, 0.25
4, 1, 4, 34, 35, 0.25
4, 2, 3, 34, 20, 0.25
4, 2, 5, 34, 14, 0.25
4, 3, 6, 34, 15, 0.25
4, 4, 5, 34, 6, 0.25
4, 4, 7, 34, 38, 0.25
4, 5, 6, 34, 20, 0.25
4, 5, 8, 34, 33, 0.25
4, 6, 9, 34, 33, 0.25
4, 7, 8, 34, 32, 0.25
4, 8, 9, 34, 37, 0.25
4, 1, 2, 35, 41, 0.25
4, 1, 4, 35, 26, 0.25
4, 2, 3, 35, 35, 0.25
4, 2, 5, 35, 44, 0.25
4, 3, 6, 35, 16, 0.25
4, 4, 5, 35, 7, 0.25
4, 4, 7, 35, 28, 0.25
4, 5, 6, 35, 3, 0.25
4, 5, 8, 35, 26, 0.25
4, 6, 9, 35, 31, 0.25
4, 7, 8, 35, 28, 0.25
4, 8, 9, 35, 26, 0.25
4, 1, 2, 36, 9, 0.25
4, 1, 4, 36, 9, 0.25
4, 2, 3, 36, 17, 0.25
4, 2, 5, 36, 20, 0.25
4, 3, 6, 36, 40, 0.25
4, 4, 5, 36, 18, 0.25
4, 4, 7, 36, 44, 0.25
4, 5, 6, 36, 26, 0.25
4, 5, 8, 36, 35, 0.25
4, 6, 9, 36, 14, 0.25
4, 7, 8, 36, 5, 0.25
4, 8, 9, 36, 15, 0.25
4, 1, 2, 37, 42, 0.25
4, 1, 4, 37, 5, 0.25
4, 2, 3, 37, 13, 0.25
4, 2, 5, 37, 30, 0.25
4, 3, 6, 37, 22, 0.25
4, 4, 5, 37, 20, 0.25
4, 4, 7, 37, 10, 0.25
4, 5, 6, 37, 32, 0.25
4, 5, 8, 37, 25, 0.25
4, 6, 9, 37, 38, 0.25
4, 7, 8, 37, 25, 0.25
4, 8, 9, 37, 30, 0.25
4, 1, 2, 38, 30, 0.25
4, 1, 4, 38, 18, 0.25
4, 2, 3, 38, 9, 0.25
4, 2, 5, 38, 23, 0.25
4, 3, 6, 38, 13, 0.25
4, 4, 5, 38, 23, 0.25
4, 4, 7, 38, 2, 0.25
4, 5, 6, 38, 43, 0.25
4, 5, 8, 38, 37, 0.25
4, 6, 9, 38, 40, 0.25
4, 7, 8, 38, 18, 0.25
4, 8, 9, 38, 42, 0.25
4, 1, 2, 39, 18, 0.25
4, 1, 4, 39, 6, 0.25
4, 2, 3, 39, 17, 0.25
4, 2, 5, 39, 2, 0.25
4, 3, 6, 39, 15, 0.25
4, 4, 5, 39, 8, 0.25
4, 4, 7, 39, 43, 0.25
4, 5, 6, 39, 11, 0.25
4, 5, 8, 39, 38, 0.25
4, 6, 9, 39, 16, 0.25
4, 7, 8, 39, 15, 0.25
4, 8, 9, 39, 26, 0.25
4, 1, 2, 40, 33, 0.25
4, 1, 4, 40, 13, 0.25
4, 2, 3, 40, 32, 0.25
4, 2, 5, 40, 38, 0.25
4, 3, 6, 40, 6, 0.25
4, 4, 5, 40, 43, 0.25
4, 4, 7, 40, 8, 0.25
4, 5, 6, 40, 33, 0.25
4, 5, 8, 40, 36, 0.25
4, 6, 9, 40, 22, 0.25
4, 7, 8, 40, 9, 0.25
4, 8, 9, 40, 41, 0.25
4, 1, 2, 41, 14, 0.25
4, 1, 4, 41, 13, 0.25
4, 2, 3, 41, 33, 0.25
4, 2, 5, 41, 33, 0.25
4, 3, 6, 41, 7, 0.25
4, 4, 5, 41, 29, 0.25
4, 4, 7, 41, 15, 0.25
4, 5, 6, 41, 38, 0.25
4, 5, 8, 41, 32, 0.25
4, 6, 9, 41, 4, 0.25
4, 7, 8, 41, 41, 0.25
4, 8, 9, 41, 3, 0.25
4, 1, 2, 42, 37, 0.25
4, 1, 4, 42, 40, 0.25
4, 2, 3, 42, 39, 0.25
4, 2, 5, 42, 20, 0.25
4, 3, 6, 42, 28, 0.25
4, 4, 5, 42, 41, 0.25
4, 4, 7, 42, 6, 0.25
4, 5, 6, 42, 8, 0.25
4, 5, 8, 42, 43, 0.25
4, 6, 9, 42, 21, 0.25
4, 7, 8, 42, 39, 0.25
4, 8, 9, 42, 14, 0.25
4, 1, 2, 43, 5, 0.25
4, 1, 4, 43, 21, 0.25
4, 2, 3, 43, 30, 0.25
4, 2, 5, 43, 15, 0.25
4, 3, 6, 43, 1, 0.25
4, 4, 5, 43, 24, 0.25
4, 4, 7, 43, 29, 0.25
4, 5, 6, 43, 39, 0.25
4, 5, 8, 43, 38, 0.25
4, 6, 9, 43, 9, 0.25
4, 7, 8, 43, 1, 0.25
4, 8, 9, 43, 26, 0.25
4, 1, 2, 44, 38, 0.25
4, 1, 4, 44, 7, 0.25
4, 2, 3, 44, 38, 0.25
4, 2, 5, 44, 22, 0.25
4, 3, 6, 44, 2, 0.25
4, 4, 5, 44, 11, 0.25
4, 4, 7, 44, 8, 0.25
4, 5, 6, 44, 27, 0.25
4, 5, 8, 44, 9, 0.25
4, 6, 9, 44, 38, 0.25
4, 7, 8, 44, 5, 0.25
4, 8, 9, 44, 13, 0.25
4, 1, 2, 45, 34, 0.25
4, 1, 4, 45, 42, 0.25
4, 2, 3, 45, 13, 0.25
4, 2, 5, 45, 22, 0.25
4, 3, 6, 45, 6, 0.25
4, 4, 5, 45, 13, 0.25
4, 4, 7, 45, 25, 0.25
4, 5, 6, 45, 30, 0.25
4, 5, 8, 45, 39, 0.25
4, 6, 9, 45, 17, 0.25
4, 7, 8, 45, 42, 0.25
4, 8, 9, 45, 3, 0.25
4, 1, 2, 46, 16, 0.25
4, 1, 4, 46, 14, 0.25
4, 2, 3, 46, 22, 0.25
4, 2, 5, 46, 26, 0.25
4, 3, 6, 46, 25, 0.25
4, 4, 5, 46, 31, 0.25
4, 4, 7, 46, 1, 0.25
4, 5, 6, 46, 25, 0.25
4, 5, 8, 46, 8, 0.25
4, 6, 9, 46, 40, 0.25
4, 7, 8, 46, 39, 0.25
4, 8, 9, 46, 8, 0.25
4, 1, 2, 47, 8, 0.25
4, 1, 4, 47, 42, 0.25
4, 2, 3, 47, 37, 0.25
4, 3, 6, 47, 5, 0.25
4, 4, 7, 47, 24, 0.25
4, 5, 6, 47, 35, 0.25
4, 6, 9, 47, 24, 0.25
4, 7, 8, 47, 3, 0.25
4, 8, 9, 47, 9, 0.25
4, 1, 2, 48, 23, 0.25
4, 1, 4, 48, 22, 0.25
4, 2, 3, 48, 5, 0.25
4, 2, 5, 48, 34, 0.25
4, 3, 6, 48, 36, 0.25
4, 4, 5, 48, 12, 0.25
4, 4, 7, 48, 32, 0.25
4, 5, 6, 48, 16, 0.25
4, 5, 8, 48, 8, 0.25
4, 6, 9, 48, 25, 0.25
4, 7, 8, 48, 16, 0.25
4, 8, 9, 48, 30, 0.25
4, 1, 2, 49, 29, 0.25
4, 1, 4, 49, 5, 0.25
4, 2, 3, 49, 20, 0.25
4, 2, 5, 49, 7, 0.25
4, 3, 6, 49, 10, 0.25
4, 4, 5, 49, 20, 0.25
4, 4, 7, 49, 5, 0.25
4, 5, 6, 49, 21, 0.25
4, 5, 8, 49, 4, 0.25
4, 6, 9, 49, 15, 0.25
4, 7, 8, 49, 20, 0.25
4, 8, 9, 49, 13, 0.25
4, 1, 2, 50, 25, 0.25
4, 1, 4, 50, 9, 0.25
4, 2, 3, 50, 4, 0.25
4, 2, 5, 50, 1, 0.25
4, 3, 6, 50, 25, 0.25
4, 4, 5, 50, 9, 0.25
4, 4, 7, 50, 23, 0.25
4, 5, 6, 50, 32, 0.25
4, 5, 8, 50, 5, 0.25
4, 6, 9, 50, 6, 0.25
4, 7, 8, 50, 27, 0.25
4, 8, 9, 50, 5, 0.25
4, 1, 2, 51, 3, 0.25
4, 1, 4, 51, 1, 0.25
4, 2, 5, 51, 16, 0.25
4, 4, 5, 51, 34, 0.25
4, 4, 7, 51, 12, 0.25
4, 5, 6, 51, 28, 0.25
4, 5, 8, 51, 25, 0.25
4, 6, 9, 51, 21, 0.25
4, 7, 8, 51, 6, 0.25
4, 8, 9, 51, 6, 0.25
4, 1, 2, 52, 34, 0.25
4, 1, 4, 52, 16, 0.25
4, 2, 3, 52, 6, 0.25
4, 3, 6, 52, 8, 0.25
4, 4, 5, 52, 10, 0.25
4, 4, 7, 52, 17, 0.25
4, 5, 8, 52, 31, 0.25
4, 6, 9, 52, 15, 0.25
4, 7, 8, 52, 21, 0.25
4, 8, 9, 52, 25, 0.25
4, 2, 5, 53, 22, 0.25
4, 3, 6, 53, 9, 0.25
4, 4, 5, 53, 33, 0.25
4, 4, 7, 53, 19, 0.25
4, 5, 6, 53, 10, 0.25
4, 5, 8, 53, 33, 0.25
4, 6, 9, 53, 31, 0.25
4, 7, 8, 53, 3, 0.25
4, 8, 9, 53, 34, 0.25
4, 1, 2, 54, 6, 0.25
4, 1, 4, 54, 13, 0.25
4, 2, 3, 54, 28, 0.25
4, 2, 5, 54, 2, 0.25
4, 4, 5, 54, 16, 0.25
4, 5, 6, 54, 18, 0.25
4, 5, 8, 54, 2, 0.25
4, 6, 9, 54, 3, 0.25
4, 7, 8, 54, 31, 0.25
4, 8, 9, 54, 4, 0.25
4, 1, 2, 55, 9, 0.25
4, 2, 3, 55, 34, 0.25
4, 2, 5, 55, 13, 0.25
4, 3, 6, 55, 20, 0.25
4, 4, 5, 55, 13, 0.25
4, 4, 7, 55, 16, 0.25
4, 5, 6, 55, 33, 0.25
4, 5, 8, 55, 33, 0.25
4, 6, 9, 55, 13, 0.25
4, 8, 9, 55, 4, 0.25
4, 1, 2, 56, 25, 0.25
4, 1, 4, 56, 26, 0.25
4, 4, 5, 56, 24, 0.25
4, 4, 7, 56, 7, 0.25
4, 5, 6, 56, 30, 0.25
4, 5, 8, 56, 29, 0.25
4, 1, 2, 57, 11, 0.25
4, 2, 3, 57, 6, 0.25
4, 2, 5, 57, 20, 0.25
4, 3, 6, 57, 18, 0.25
4, 4, 5, 57, 28, 0.25
4, 4, 7, 57, 12, 0.25
4, 5, 8, 57, 15, 0.25
4, 6, 9, 57, 6, 0.25
4, 8, 9, 57, 26, 0.25
4, 1, 2, 58, 12, 0.25
4, 2, 3, 58, 7, 0.25
4, 3, 6, 58, 14, 0.25
4, 4, 5, 58, 15, 0.25
4, 4, 7, 58, 14, 0.25
4, 5, 6, 58, 20, 0.25
4, 5, 8, 58, 24, 0.25
4, 6, 9, 58, 31, 0.25
4, 7, 8, 58, 9, 0.25
4, 8, 9, 58, 29, 0.25
4, 2, 3, 59, 9, 0.25
4, 3, 6, 59, 5, 0.25
4, 4, 5, 59, 21, 0.25
4, 4, 7, 59, 8, 0.25
4, 6, 9, 59, 14, 0.25
4, 7, 8, 59, 8, 0.25
4, 1, 2, 60, 12, 0.25
4, 1, 4, 60, 14, 0.25
4, 4, 7, 60, 20, 0.25
4, 5, 6, 60, 26, 0.25
4, 5, 8, 60, 9, 0.25
4, 7, 8, 60, 15, 0.25
4, 8, 9, 60, 24, 0.25
4, 2, 3, 61, 22, 0.25
4, 2, 5, 61, 25, 0.25
4, 3, 6, 61, 24, 0.25
4, 4, 7, 61, 19, 0.25
4, 5, 6, 61, 7, 0.25
4, 5, 8, 61, 27, 0.25
4, 7, 8, 61, 4, 0.25
4, 8, 9, 61, 23, 0.25
4, 1, 4, 62, 17, 0.25
4, 4, 7, 62, 3, 0.25
4, 5, 6, 62, 13, 0.25
4, 6, 9, 62, 14, 0.25
4, 7, 8, 62, 15, 0.25
4, 1, 4, 63, 25, 0.25
4, 4, 7, 63, 10, 0.25
4, 1, 2, 64, 9, 0.25
4, 3, 6, 64, 10, 0.25
4, 4, 5, 64, 4, 0.25
4, 4, 7, 64, 5, 0.25
4, 5, 6, 64, 4, 0.25
4, 5, 8, 64, 11, 0.25
4, 6, 9, 64, 5, 0.25
4, 7, 8, 64, 9, 0.25
4, 8, 9, 64, 2, 0.25
4, 1, 2, 65, 20, 0.25
4, 2, 5, 65, 8, 0.25
4, 3, 6, 65, 9, 0.25
4, 4, 5, 65, 20, 0.25
4, 4, 7, 65, 23, 0.25
4, 5, 6, 65, 19, 0.25
4, 5, 8, 65, 3, 0.25
4, 6, 9, 65, 17, 0.25
4, 8, 9, 65, 10, 0.25
4, 1, 2, 66, 13, 0.25
4, 4, 5, 66, 13, 0.25
4, 4, 7, 66, 22, 0.25
4, 5, 6, 66, 19, 0.25
4, 5, 8, 66, 5, 0.25
4, 2, 5, 67, 8, 0.25
4, 3, 6, 67, 9, 0.25
4, 4, 5, 67, 13, 0.25
4, 4, 7, 67, 3, 0.25
4, 5, 6, 67, 8, 0.25
4, 1, 4, 68, 14, 0.25
4, 3, 6, 68, 1, 0.25
4, 5, 8, 68, 12, 0.25
4, 7, 8, 68, 17, 0.25
4, 8, 9, 68, 15, 0.25
4, 1, 2, 69, 12, 0.25
4, 1, 4, 69, 2, 0.25
4, 3, 6, 69, 20, 0.25
4, 4, 5, 69, 14, 0.25
4, 4, 7, 69, 7, 0.25
4, 5, 6, 69, 20, 0.25
4, 1, 2, 70, 9, 0.25
4, 2, 5, 70, 18, 0.25
4, 5, 6, 70, 1, 0.25
4, 5, 8, 70, 1, 0.25
4, 6, 9, 70, 18, 0.25
4, 7, 8, 70, 15, 0.25
4, 8, 9, 70, 7, 0.25
4, 1, 4, 71, 18, 0.25
4, 2, 5, 71, 12, 0.25
4, 3, 6, 71, 5, 0.25
4, 4, 7, 71, 6, 0.25
4, 5, 6, 71, 7, 0.25
4, 2, 5, 72, 2, 0.25
4, 4, 7, 72, 8, 0.25
4, 5, 6, 72, 7, 0.25
4, 5, 8, 72, 2, 0.25
4, 1, 4, 73, 8, 0.25
4, 4, 5, 73, 10, 0.25
4, 5, 8, 73, 14, 0.25
4, 6, 9, 73, 4, 0.25
4, 1, 4, 74, 7, 0.25
4, 2, 3, 74, 14, 0.25
4, 5, 8, 74, 5, 0.25
4, 6, 9, 74, 5, 0.25
4, 8, 9, 74, 7, 0.25
4, 5, 6, 75, 11, 0.25
4, 5, 8, 75, 14, 0.25
4, 6, 9, 75, 6, 0.25
4, 7, 8, 75, 3, 0.25
4, 8, 9, 75, 14, 0.25
4, 2, 3, 76, 12, 0.25
4, 4, 5, 76, 4, 0.25
4, 5, 6, 76, 8, 0.25
4, 6, 9, 76, 1, 0.25
4, 8, 9, 76, 11, 0.25
4, 1, 2, 77, 2, 0.25
4, 1, 4, 78, 5, 0.25
4, 2, 3, 78, 6, 0.25
4, 2, 5, 78, 10, 0.25
4, 3, 6, 78, 9, 0.25
4, 3, 6, 79, 10, 0.25
4, 4, 5, 79, 7, 0.25
4, 7, 8, 79, 9, 0.25
4, 4, 5, 80, 8, 0.25
4, 8, 9, 80, 5, 0.25
4, 1, 2, 81, 7, 0.25
4, 1, 4, 81, 4, 0.25
4, 1, 4, 84, 5, 0.25
4, 2, 5, 84, 4, 0.25
4, 1, 2, 85, 2, 0.25
4, 5, 6, 85, 1, 0.25
4, 7, 8, 86, 2, 0.25
4, 1, 2, 87, 2, 0.25
