k, i, j, t, w, pr
1, 1, 2, 0, 26, 0.25
1, 1, 4, 0, 26, 0.25
1, 2, 3, 0, 28, 0.25
1, 2, 5, 0, 13, 0.25
1, 3, 6, 0, 26, 0.25
1, 4, 5, 0, 14, 0.25
1, 4, 7, 0, 24, 0.25
1, 5, 6, 0, 8, 0.25
1, 5, 8, 0, 35, 0.25
1, 6, 9, 0, 3, 0.25
1, 7, 8, 0, 8, 0.25
1, 8, 9, 0, 25, 0.25
1, 1, 2, 1, 33, 0.25
1, 1, 4, 1, 4, 0.25
1, 2, 3, 1, 22, 0.25
1, 2, 5, 1, 23, 0.25
1, 3, 6, 1, 40, 0.25
1, 4, 5, 1, 36, 0.25
1, 4, 7, 1, 42, 0.25
1, 5, 6, 1, 8, 0.25
1, 5, 8, 1, 36, 0.25
1, 6, 9, 1, 19, 0.25
1, 7, 8, 1, 34, 0.25
1, 8, 9, 1, 13, 0.25
1, 1, 2, 2, 43, 0.25
1, 1, 4, 2, 20, 0.25
1, 2, 3, 2, 26, 0.25
1, 2, 5, 2, 18, 0.25
1, 3, 6, 2, 37, 0.25
1, 4, 5, 2, 30, 0.25
1, 4, 7, 2, 10, 0.25
1, 5, 6, 2, 4, 0.25
1, 5, 8, 2, 34, 0.25
1, 6, 9, 2, 24, 0.25
1, 7, 8, 2, 8, 0.25
1, 8, 9, 2, 22, 0.25
1, 1, 2, 3, 5, 0.25
1, 1, 4, 3, 41, 0.25
1, 2, 3, 3, 23, 0.25
1, 2, 5, 3, 6, 0.25
1, 3, 6, 3, 17, 0.25
1, 4, 5, 3, 9, 0.25
1, 4, 7, 3, 14, 0.25
1, 5, 6, 3, 6, 0.25
1, 5, 8, 3, 18, 0.25
1, 6, 9, 3, 42, 0.25
1, 7, 8, 3, 22, 0.25
1, 8, 9, 3, 30, 0.25
1, 1, 2, 4, 8, 0.25
1, 1, 4, 4, 13, 0.25
1, 2, 3, 4, 16, 0.25
1, 2, 5, 4, 13, 0.25
1, 3, 6, 4, 22, 0.25
1, 4, 5, 4, 8, 0.25
1, 4, 7, 4, 34, 0.25
1, 5, 6, 4, 27, 0.25
1, 5, 8, 4, 41, 0.25
1, 6, 9, 4, 34, 0.25
1, 7, 8, 4, 24, 0.25
1, 8, 9, 4, 4, 0.25
1, 1, 2, 5, 18, 0.25
1, 1, 4, 5, 3, 0.25
1, 2, 3, 5, 37, 0.25
1, 2, 5, 5, 26, 0.25
1, 3, 6, 5, 9, 0.25
1, 4, 5, 5, 7, 0.25
1, 4, 7, 5, 22, 0.25
1, 5, 6, 5, 17, 0.25
1, 5, 8, 5, 35, 0.25
1, 6, 9, 5, 8, 0.25
1, 7, 8, 5, 39, 0.25
1, 8, 9, 5, 5, 0.25
1, 1, 2, 6, 18, 0.25
1, 1, 4, 6, 35, 0.25
1, 2, 3, 6, 12, 0.25
1, 2, 5, 6, 29, 0.25
1, 3, 6, 6, 15, 0.25
1, 4, 5, 6, 24, 0.25
1, 4, 7, 6, 33, 0.25
1, 5, 6, 6, 18, 0.25
1, 5, 8, 6, 9, 0.25
1, 6, 9, 6, 18, 0.25
1, 7, 8, 6, 18, 0.25
1, 8, 9, 6, 33, 0.25
1, 1, 2, 7, 41, 0.25
1, 1, 4, 7, 42, 0.25
1, 2, 3, 7, 3, 0.25
1, 2, 5, 7, 23, 0.25
1, 3, 6, 7, 34, 0.25
1, 4, 5, 7, 32, 0.25
1, 4, 7, 7, 1, 0.25
1, 5, 6, 7, 18, 0.25
1, 5, 8, 7, 15, 0.25
1, 6, 9, 7, 29, 0.25
1, 7, 8, 7, 39, 0.25
1, 8, 9, 7, 26, 0.25
1, 1, 2, 8, 21, 0.25
1, 1, 4, 8, 33, 0.25
1, 2, 3, 8, 16, 0.25
1, 2, 5, 8, 21, 0.25
1, 3, 6, 8, 5, 0.25
1, 4, 5, 8, 42, 0.25
1, 4, 7, 8, 19, 0.25
1, 5, 6, 8, 44, 0.25
1, 5, 8, 8, 10, 0.25
1, 6, 9, 8, 40, 0.25
1, 7, 8, 8, 22, 0.25
1, 8, 9, 8, 32, 0.25
1, 1, 2, 9, 28, 0.25
1, 1, 4, 9, 16, 0.25
1, 2, 3, 9, 27, 0.25
1, 2, 5, 9, 2, 0.25
1, 3, 6, 9, 24, 0.25
1, 4, 5, 9, 14, 0.25
1, 4, 7, 9, 5, 0.25
1, 5, 6, 9, 31, 0.25
1, 5, 8, 9, 32, 0.25
1, 6, 9, 9, 11, 0.25
1, 7, 8, 9, 30, 0.25
1, 8, 9, 9, 2, 0.25
1, 1, 2, 10, 6, 0.25
1, 1, 4, 10, 26, 0.25
1, 2, 3, 10, 19, 0.25
1, 2, 5, 10, 27, 0.25
1, 3, 6, 10, 39, 0.25
1, 4, 5, 10, 26, 0.25
1, 4, 7, 10, 12, 0.25
1, 5, 6, 10, 40, 0.25
1, 5, 8, 10, 6, 0.25
1, 6, 9, 10, 23, 0.25
1, 7, 8, 10, 8, 0.25
1, 8, 9, 10, 32, 0.25
1, 1, 2, 11, 11, 0.25
1, 1, 4, 11, 43, 0.25
1, 2, 3, 11, 15, 0.25
1, 2, 5, 11, 23, 0.25
1, 3, 6, 11, 36, 0.25
1, 4, 5, 11, 4, 0.25
1, 4, 7, 11, 34, 0.25
1, 5, 6, 11, 31, 0.25
1, 5, 8, 11, 35, 0.25
1, 6, 9, 11, 30, 0.25
1, 7, 8, 11, 2, 0.25
1, 8, 9, 11, 36, 0.25
1, 1, 2, 12, 26, 0.25
1, 1, 4, 12, 43, 0.25
1, 2, 3, 12, 25, 0.25
1, 2, 5, 12, 28, 0.25
1, 3, 6, 12, 42, 0.25
1, 4, 5, 12, 23, 0.25
1, 4, 7, 12, 38, 0.25
1, 5, 6, 12, 23, 0.25
1, 5, 8, 12, 34, 0.25
1, 6, 9, 12, 32, 0.25
1, 7, 8, 12, 23, 0.25
1, 8, 9, 12, 1, 0.25
1, 1, 2, 13, 11, 0.25
1, 1, 4, 13, 3, 0.25
1, 2, 3, 13, 27, 0.25
1, 2, 5, 13, 33, 0.25
1, 3, 6, 13, 33, 0.25
1, 4, 5, 13, 3, 0.25
1, 4, 7, 13, 12, 0.25
1, 5, 6, 13, 42, 0.25
1, 5, 8, 13, 14, 0.25
1, 6, 9, 13, 43, 0.25
1, 7, 8, 13, 14, 0.25
1, 8, 9, 13, 26, 0.25
1, 1, 2, 14, 17, 0.25
1, 1, 4, 14, 4, 0.25
1, 2, 3, 14, 12, 0.25
1, 2, 5, 14, 14, 0.25
1, 3, 6, 14, 5, 0.25
1, 4, 5, 14, 13, 0.25
1, 4, 7, 14, 8, 0.25
1, 5, 6, 14, 38, 0.25
1, 5, 8, 14, 14, 0.25
1, 6, 9, 14, 11, 0.25
1, 7, 8, 14, 23, 0.25
1, 8, 9, 14, 20, 0.25
1, 1, 2, 15, 36, 0.25
1, 1, 4, 15, 43, 0.25
1, 2, 3, 15, 33, 0.25
1, 2, 5, 15, 14, 0.25
1, 3, 6, 15, 28, 0.25
1, 4, 5, 15, 34, 0.25
1, 4, 7, 15, 19, 0.25
1, 5, 6, 15, 25, 0.25
1, 5, 8, 15, 5, 0.25
1, 6, 9, 15, 10, 0.25
1, 7, 8, 15, 27, 0.25
1, 8, 9, 15, 28, 0.25
1, 1, 2, 16, 11, 0.25
1, 1, 4, 16, 3, 0.25
1, 2, 3, 16, 17, 0.25
1, 2, 5, 16, 2, 0.25
1, 3, 6, 16, 35, 0.25
1, 4, 5, 16, 36, 0.25
1, 4, 7, 16, 5, 0.25
1, 5, 6, 16, 1, 0.25
1, 5, 8, 16, 4, 0.25
1, 6, 9, 16, 33, 0.25
1, 7, 8, 16, 38, 0.25
1, 8, 9, 16, 19, 0.25
1, 1, 2, 17, 39, 0.25
1, 1, 4, 17, 13, 0.25
1, 2, 3, 17, 35, 0.25
1, 2, 5, 17, 8, 0.25
1, 3, 6, 17, 36, 0.25
1, 4, 5, 17, 3, 0.25
1, 4, 7, 17, 3, 0.25
1, 5, 6, 17, 5, 0.25
1, 5, 8, 17, 44, 0.25
1, 6, 9, 17, 39, 0.25
1, 7, 8, 17, 26, 0.25
1, 8, 9, 17, 32, 0.25
1, 1, 2, 18, 16, 0.25
1, 1, 4, 18, 2, 0.25
1, 2, 3, 18, 26, 0.25
1, 2, 5, 18, 11, 0.25
1, 3, 6, 18, 20, 0.25
1, 4, 5, 18, 42, 0.25
1, 4, 7, 18, 33, 0.25
1, 5, 6, 18, 12, 0.25
1, 5, 8, 18, 7, 0.25
1, 6, 9, 18, 16, 0.25
1, 7, 8, 18, 22, 0.25
1, 8, 9, 18, 21, 0.25
1, 1, 2, 19, 37, 0.25
1, 1, 4, 19, 19, 0.25
1, 2, 3, 19, 1, 0.25
1, 2, 5, 19, 31, 0.25
1, 3, 6, 19, 35, 0.25
1, 4, 5, 19, 24, 0.25
1, 4, 7, 19, 39, 0.25
1, 5, 6, 19, 41, 0.25
1, 5, 8, 19, 20, 0.25
1, 6, 9, 19, 33, 0.25
1, 7, 8, 19, 40, 0.25
1, 8, 9, 19, 39, 0.25
1, 1, 2, 20, 32, 0.25
1, 1, 4, 20, 15, 0.25
1, 2, 3, 20, 35, 0.25
1, 2, 5, 20, 9, 0.25
1, 3, 6, 20, 3, 0.25
1, 4, 5, 20, 18, 0.25
1, 4, 7, 20, 14, 0.25
1, 5, 6, 20, 17, 0.25
1, 5, 8, 20, 13, 0.25
1, 6, 9, 20, 25, 0.25
1, 7, 8, 20, 6, 0.25
1, 8, 9, 20, 23, 0.25
1, 1, 2, 21, 2, 0.25
1, 1, 4, 21, 24, 0.25
1, 2, 3, 21, 35, 0.25
1, 2, 5, 21, 21, 0.25
1, 3, 6, 21, 20, 0.25
1, 4, 5, 21, 24, 0.25
1, 4, 7, 21, 40, 0.25
1, 5, 6, 21, 24, 0.25
1, 5, 8, 21, 20, 0.25
1, 6, 9, 21, 43, 0.25
1, 7, 8, 21, 35, 0.25
1, 8, 9, 21, 13, 0.25
1, 1, 2, 22, 28, 0.25
1, 1, 4, 22, 37, 0.25
1, 2, 3, 22, 26, 0.25
1, 2, 5, 22, 23, 0.25
1, 3, 6, 22, 14, 0.25
1, 4, 5, 22, 16, 0.25
1, 4, 7, 22, 23, 0.25
1, 5, 6, 22, 27, 0.25
1, 5, 8, 22, 38, 0.25
1, 6, 9, 22, 10, 0.25
1, 7, 8, 22, 31, 0.25
1, 8, 9, 22, 42, 0.25
1, 1, 2, 23, 3, 0.25
1, 1, 4, 23, 12, 0.25
1, 2, 3, 23, 28, 0.25
1, 2, 5, 23, 25, 0.25
1, 3, 6, 23, 44, 0.25
1, 4, 5, 23, 28, 0.25
1, 4, 7, 23, 35, 0.25
1, 5, 6, 23, 22, 0.25
1, 5, 8, 23, 2, 0.25
1, 6, 9, 23, 20, 0.25
1, 7, 8, 23, 41, 0.25
1, 8, 9, 23, 4, 0.25
1, 1, 2, 24, 23, 0.25
1, 1, 4, 24, 1, 0.25
1, 2, 3, 24, 22, 0.25
1, 2, 5, 24, 27, 0.25
1, 3, 6, 24, 34, 0.25
1, 4, 5, 24, 1, 0.25
1, 4, 7, 24, 23, 0.25
1, 5, 6, 24, 35, 0.25
1, 5, 8, 24, 40, 0.25
1, 6, 9, 24, 10, 0.25
1, 7, 8, 24, 38, 0.25
1, 8, 9, 24, 28, 0.25
1, 1, 2, 25, 1, 0.25
1, 1, 4, 25, 26, 0.25
1, 2, 3, 25, 12, 0.25
1, 2, 5, 25, 42, 0.25
1, 3, 6, 25, 9, 0.25
1, 4, 5, 25, 28, 0.25
1, 4, 7, 25, 11, 0.25
1, 5, 6, 25, 29, 0.25
1, 5, 8, 25, 13, 0.25
1, 6, 9, 25, 11, 0.25
1, 7, 8, 25, 41, 0.25
1, 8, 9, 25, 40, 0.25
1, 1, 2, 26, 42, 0.25
1, 1, 4, 26, 30, 0.25
1, 2, 3, 26, 5, 0.25
1, 2, 5, 26, 8, 0.25
1, 3, 6, 26, 32, 0.25
1, 4, 5, 26, 3, 0.25
1, 4, 7, 26, 40, 0.25
1, 5, 6, 26, 23, 0.25
1, 5, 8, 26, 3, 0.25
1, 6, 9, 26, 44, 0.25
1, 7, 8, 26, 36, 0.25
1, 8, 9, 26, 5, 0.25
1, 1, 2, 27, 10, 0.25
1, 1, 4, 27, 10, 0.25
1, 2, 3, 27, 7, 0.25
1, 2, 5, 27, 18, 0.25
1, 3, 6, 27, 3, 0.25
1, 4, 5, 27, 7, 0.25
1, 4, 7, 27, 40, 0.25
1, 5, 6, 27, 33, 0.25
1, 5, 8, 27, 31, 0.25
1, 6, 9, 27, 9, 0.25
1, 7, 8, 27, 26, 0.25
1, 8, 9, 27, 12, 0.25
1, 1, 2, 28, 43, 0.25
1, 1, 4, 28, 25, 0.25
1, 2, 3, 28, 20, 0.25
1, 2, 5, 28, 10, 0.25
1, 3, 6, 28, 10, 0.25
1, 4, 5, 28, 10, 0.25
1, 4, 7, 28, 20, 0.25
1, 5, 6, 28, 7, 0.25
1, 5, 8, 28, 11, 0.25
1, 6, 9, 28, 43, 0.25
1, 7, 8, 28, 9, 0.25
1, 8, 9, 28, 30, 0.25
1, 1, 2, 29, 36, 0.25
1, 1, 4, 29, 31, 0.25
1, 2, 3, 29, 36, 0.25
1, 2, 5, 29, 15, 0.25
1, 3, 6, 29, 8, 0.25
1, 4, 5, 29, 4, 0.25
1, 4, 7, 29, 36, 0.25
1, 5, 6, 29, 13, 0.25
1, 5, 8, 29, 43, 0.25
1, 6, 9, 29, 15, 0.25
1, 7, 8, 29, 25, 0.25
1, 8, 9, 29, 9, 0.25
1, 1, 2, 30, 16, 0.25
1, 1, 4, 30, 24, 0.25
1, 2, 3, 30, 39, 0.25
1, 2, 5, 30, 15, 0.25
1, 3, 6, 30, 9, 0.25
1, 4, 5, 30, 15, 0.25
1, 4, 7, 30, 1, 0.25
1, 5, 6, 30, 18, 0.25
1, 5, 8, 30, 44, 0.25
1, 6, 9, 30, 25, 0.25
1, 7, 8, 30, 19, 0.25
1, 8, 9, 30, 8, 0.25
1, 1, 2, 31, 31, 0.25
1, 1, 4, 31, 35, 0.25
1, 2, 3, 31, 33, 0.25
1, 2, 5, 31, 17, 0.25
1, 3, 6, 31, 43, 0.25
1, 4, 5, 31, 40, 0.25
1, 4, 7, 31, 20, 0.25
1, 5, 6, 31, 33, 0.25
1, 5, 8, 31, 4, 0.25
1, 6, 9, 31, 23, 0.25
1, 7, 8, 31, 39, 0.25
1, 8, 9, 31, 24, 0.25
1, 1, 2, 32, 6, 0.25
1, 1, 4, 32, 11, 0.25
1, 2, 3, 32, 24, 0.25
1, 2, 5, 32, 43, 0.25
1, 3, 6, 32, 30, 0.25
1, 4, 5, 32, 29, 0.25
1, 4, 7, 32, 44, 0.25
1, 5, 6, 32, 15, 0.25
1, 5, 8, 32, 40, 0.25
1, 6, 9, 32, 14, 0.25
1, 7, 8, 32, 38, 0.25
1, 8, 9, 32, 7, 0.25
1, 1, 2, 33, 33, 0.25
1, 1, 4, 33, 10, 0.25
1, 2, 3, 33, 36, 0.25
1, 2, 5, 33, 35, 0.25
1, 3, 6, 33, 28, 0.25
1, 4, 5, 33, 12, 0.25
1, 4, 7, 33, 42, 0.25
1, 5, 6, 33, 1, 0.25
1, 5, 8, 33, 12, 0.25
1, 6, 9, 33, 35, 0.25
1, 7, 8, 33, 43, 0.25
1, 8, 9, 33, 28, 0.25
1, 1, 2, 34, 23, 0.25
1, 1, 4, 34, 41, 0.25
1, 2, 3, 34, 42, 0.25
1, 2, 5, 34, 6, 0.25
1, 3, 6, 34, 4, 0.25
1, 4, 5, 34, 21, 0.25
1, 4, 7, 34, 38, 0.25
1, 5, 6, 34, 29, 0.25
1, 5, 8, 34, 40, 0.25
1, 6, 9, 34, 9, 0.25
1, 7, 8, 34, 38, 0.25
1, 8, 9, 34, 27, 0.25
1, 1, 2, 35, 31, 0.25
1, 1, 4, 35, 12, 0.25
1, 2, 3, 35, 8, 0.25
1, 2, 5, 35, 41, 0.25
1, 3, 6, 35, 13, 0.25
1, 4, 5, 35, 25, 0.25
1, 4, 7, 35, 17, 0.25
1, 5, 6, 35, 13, 0.25
1, 5, 8, 35, 37, 0.25
1, 6, 9, 35, 21, 0.25
1, 7, 8, 35, 31, 0.25
1, 8, 9, 35, 1, 0.25
1, 1, 2, 36, 7, 0.25
1, 1, 4, 36, 33, 0.25
1, 2, 3, 36, 30, 0.25
1, 2, 5, 36, 9, 0.25
1, 3, 6, 36, 34, 0.25
1, 4, 5, 36, 28, 0.25
1, 4, 7, 36, 5, 0.25
1, 5, 6, 36, 43, 0.25
1, 5, 8, 36, 7, 0.25
1, 6, 9, 36, 19, 0.25
1, 7, 8, 36, 24, 0.25
1, 8, 9, 36, 27, 0.25
1, 1, 2, 37, 19, 0.25
1, 1, 4, 37, 42, 0.25
1, 2, 3, 37, 16, 0.25
1, 2, 5, 37, 23, 0.25
1, 3, 6, 37, 12, 0.25
1, 4, 5, 37, 18, 0.25
1, 4, 7, 37, 11, 0.25
1, 5, 6, 37, 18, 0.25
1, 5, 8, 37, 41, 0.25
1, 6, 9, 37, 36, 0.25
1, 7, 8, 37, 36, 0.25
1, 8, 9, 37, 39, 0.25
1, 1, 2, 38, 1, 0.25
1, 1, 4, 38, 10, 0.25
1, 2, 3, 38, 4, 0.25
1, 2, 5, 38, 16, 0.25
1, 3, 6, 38, 6, 0.25
1, 4, 5, 38, 36, 0.25
1, 4, 7, 38, 24, 0.25
1, 5, 6, 38, 15, 0.25
1, 5, 8, 38, 34, 0.25
1, 6, 9, 38, 28, 0.25
1, 7, 8, 38, 33, 0.25
1, 8, 9, 38, 24, 0.25
1, 1, 2, 39, 13, 0.25
1, 1, 4, 39, 9, 0.25
1, 2, 3, 39, 6, 0.25
1, 2, 5, 39, 9, 0.25
1, 3, 6, 39, 18, 0.25
1, 4, 5, 39, 18, 0.25
1, 4, 7, 39, 21, 0.25
1, 5, 6, 39, 19, 0.25
1, 5, 8, 39, 14, 0.25
1, 6, 9, 39, 1, 0.25
1, 7, 8, 39, 34, 0.25
1, 8, 9, 39, 35, 0.25
1, 1, 2, 40, 26, 0.25
1, 1, 4, 40, 40, 0.25
1, 2, 3, 40, 36, 0.25
1, 2, 5, 40, 21, 0.25
1, 3, 6, 40, 30, 0.25
1, 4, 5, 40, 43, 0.25
1, 4, 7, 40, 5, 0.25
1, 5, 6, 40, 6, 0.25
1, 5, 8, 40, 20, 0.25
1, 6, 9, 40, 17, 0.25
1, 7, 8, 40, 41, 0.25
1, 8, 9, 40, 16, 0.25
1, 1, 2, 41, 22, 0.25
1, 1, 4, 41, 37, 0.25
1, 2, 3, 41, 26, 0.25
1, 2, 5, 41, 18, 0.25
1, 3, 6, 41, 3, 0.25
1, 4, 5, 41, 41, 0.25
1, 4, 7, 41, 23, 0.25
1, 5, 6, 41, 7, 0.25
1, 5, 8, 41, 38, 0.25
1, 6, 9, 41, 4, 0.25
1, 7, 8, 41, 12, 0.25
1, 8, 9, 41, 5, 0.25
1, 1, 2, 42, 24, 0.25
1, 1, 4, 42, 13, 0.25
1, 2, 3, 42, 6, 0.25
1, 2, 5, 42, 3, 0.25
1, 3, 6, 42, 12, 0.25
1, 4, 5, 42, 34, 0.25
1, 4, 7, 42, 29, 0.25
1, 5, 6, 42, 10, 0.25
1, 5, 8, 42, 25, 0.25
1, 6, 9, 42, 12, 0.25
1, 7, 8, 42, 3, 0.25
1, 8, 9, 42, 12, 0.25
1, 1, 2, 43, 10, 0.25
1, 1, 4, 43, 29, 0.25
1, 2, 3, 43, 11, 0.25
1, 2, 5, 43, 30, 0.25
1, 3, 6, 43, 19, 0.25
1, 4, 5, 43, 9, 0.25
1, 4, 7, 43, 4, 0.25
1, 5, 6, 43, 23, 0.25
1, 5, 8, 43, 19, 0.25
1, 6, 9, 43, 12, 0.25
1, 7, 8, 43, 3, 0.25
1, 8, 9, 43, 21, 0.25
1, 1, 2, 44, 1, 0.25
1, 1, 4, 44, 23, 0.25
1, 2, 3, 44, 31, 0.25
1, 2, 5, 44, 32, 0.25
1, 3, 6, 44, 10, 0.25
1, 4, 5, 44, 26, 0.25
1, 4, 7, 44, 24, 0.25
1, 5, 6, 44, 31, 0.25
1, 5, 8, 44, 44, 0.25
1, 6, 9, 44, 24, 0.25
1, 7, 8, 44, 39, 0.25
1, 8, 9, 44, 6, 0.25
1, 1, 2, 45, 16, 0.25
1, 1, 4, 45, 12, 0.25
1, 2, 3, 45, 10, 0.25
1, 2, 5, 45, 36, 0.25
1, 3, 6, 45, 34, 0.25
1, 4, 5, 45, 7, 0.25
1, 4, 7, 45, 29, 0.25
1, 5, 6, 45, 4, 0.25
1, 5, 8, 45, 28, 0.25
1, 6, 9, 45, 22, 0.25
1, 7, 8, 45, 21, 0.25
1, 8, 9, 45, 26, 0.25
1, 1, 2, 46, 16, 0.25
1, 1, 4, 46, 23, 0.25
1, 2, 3, 46, 3, 0.25
1, 2, 5, 46, 22, 0.25
1, 3, 6, 46, 10, 0.25
1, 4, 5, 46, 32, 0.25
1, 4, 7, 46, 19, 0.25
1, 5, 6, 46, 25, 0.25
1, 5, 8, 46, 14, 0.25
1, 6, 9, 46, 24, 0.25
1, 7, 8, 46, 12, 0.25
1, 8, 9, 46, 30, 0.25
1, 1, 2, 47, 35, 0.25
1, 1, 4, 47, 29, 0.25
1, 2, 3, 47, 4, 0.25
1, 2, 5, 47, 6, 0.25
1, 3, 6, 47, 7, 0.25
1, 4, 7, 47, 3, 0.25
1, 5, 6, 47, 11, 0.25
1, 5, 8, 47, 19, 0.25
1, 6, 9, 47, 10, 0.25
1, 7, 8, 47, 19, 0.25
1, 8, 9, 47, 40, 0.25
1, 1, 2, 48, 36, 0.25
1, 1, 4, 48, 8, 0.25
1, 2, 3, 48, 5, 0.25
1, 2, 5, 48, 8, 0.25
1, 3, 6, 48, 20, 0.25
1, 4, 5, 48, 35, 0.25
1, 5, 6, 48, 20, 0.25
1, 5, 8, 48, 10, 0.25
1, 6, 9, 48, 28, 0.25
1, 7, 8, 48, 7, 0.25
1, 8, 9, 48, 39, 0.25
1, 1, 2, 49, 40, 0.25
1, 1, 4, 49, 14, 0.25
1, 2, 3, 49, 34, 0.25
1, 2, 5, 49, 8, 0.25
1, 3, 6, 49, 3, 0.25
1, 4, 5, 49, 19, 0.25
1, 5, 6, 49, 22, 0.25
1, 5, 8, 49, 8, 0.25
1, 6, 9, 49, 26, 0.25
1, 7, 8, 49, 33, 0.25
1, 1, 2, 50, 20, 0.25
1, 1, 4, 50, 36, 0.25
1, 2, 3, 50, 2, 0.25
1, 2, 5, 50, 20, 0.25
1, 3, 6, 50, 5, 0.25
1, 4, 5, 50, 31, 0.25
1, 4, 7, 50, 8, 0.25
1, 5, 6, 50, 38, 0.25
1, 5, 8, 50, 5, 0.25
1, 6, 9, 50, 7, 0.25
1, 7, 8, 50, 12, 0.25
1, 8, 9, 50, 22, 0.25
1, 1, 2, 51, 29, 0.25
1, 2, 3, 51, 20, 0.25
1, 2, 5, 51, 27, 0.25
1, 3, 6, 51, 14, 0.25
1, 4, 5, 51, 36, 0.25
1, 4, 7, 51, 36, 0.25
1, 5, 6, 51, 8, 0.25
1, 5, 8, 51, 9, 0.25
1, 6, 9, 51, 6, 0.25
1, 7, 8, 51, 8, 0.25
1, 8, 9, 51, 34, 0.25
1, 1, 2, 52, 6, 0.25
1, 1, 4, 52, 28, 0.25
1, 2, 3, 52, 4, 0.25
1, 2, 5, 52, 11, 0.25
1, 3, 6, 52, 35, 0.25
1, 4, 5, 52, 7, 0.25
1, 4, 7, 52, 30, 0.25
1, 5, 6, 52, 22, 0.25
1, 5, 8, 52, 4, 0.25
1, 6, 9, 52, 10, 0.25
1, 7, 8, 52, 36, 0.25
1, 1, 2, 53, 16, 0.25
1, 1, 4, 53, 3, 0.25
1, 2, 3, 53, 11, 0.25
1, 2, 5, 53, 35, 0.25
1, 3, 6, 53, 27, 0.25
1, 4, 5, 53, 27, 0.25
1, 4, 7, 53, 30, 0.25
1, 5, 6, 53, 14, 0.25
1, 6, 9, 53, 27, 0.25
1, 7, 8, 53, 14, 0.25
1, 8, 9, 53, 29, 0.25
1, 1, 2, 54, 8, 0.25
1, 1, 4, 54, 21, 0.25
1, 2, 3, 54, 8, 0.25
1, 2, 5, 54, 30, 0.25
1, 3, 6, 54, 35, 0.25
1, 4, 5, 54, 31, 0.25
1, 4, 7, 54, 13, 0.25
1, 5, 6, 54, 6, 0.25
1, 5, 8, 54, 13, 0.25
1, 6, 9, 54, 18, 0.25
1, 7, 8, 54, 14, 0.25
1, 8, 9, 54, 14, 0.25
1, 1, 2, 55, 30, 0.25
1, 1, 4, 55, 6, 0.25
1, 2, 3, 55, 25, 0.25
1, 2, 5, 55, 20, 0.25
1, 3, 6, 55, 2, 0.25
1, 4, 7, 55, 26, 0.25
1, 6, 9, 55, 18, 0.25
1, 7, 8, 55, 21, 0.25
1, 8, 9, 55, 14, 0.25
1, 1, 2, 56, 21, 0.25
1, 1, 4, 56, 30, 0.25
1, 2, 3, 56, 6, 0.25
1, 2, 5, 56, 32, 0.25
1, 3, 6, 56, 2, 0.25
1, 4, 7, 56, 20, 0.25
1, 5, 6, 56, 4, 0.25
1, 6, 9, 56, 15, 0.25
1, 7, 8, 56, 23, 0.25
1, 1, 2, 57, 23, 0.25
1, 1, 4, 57, 17, 0.25
1, 2, 3, 57, 27, 0.25
1, 2, 5, 57, 32, 0.25
1, 3, 6, 57, 26, 0.25
1, 4, 5, 57, 8, 0.25
1, 4, 7, 57, 4, 0.25
1, 5, 8, 57, 20, 0.25
1, 6, 9, 57, 22, 0.25
1, 7, 8, 57, 7, 0.25
1, 8, 9, 57, 18, 0.25
1, 1, 2, 58, 20, 0.25
1, 2, 3, 58, 9, 0.25
1, 2, 5, 58, 7, 0.25
1, 3, 6, 58, 31, 0.25
1, 4, 5, 58, 28, 0.25
1, 4, 7, 58, 13, 0.25
1, 5, 6, 58, 25, 0.25
1, 5, 8, 58, 14, 0.25
1, 6, 9, 58, 27, 0.25
1, 7, 8, 58, 15, 0.25
1, 8, 9, 58, 14, 0.25
1, 1, 2, 59, 5, 0.25
1, 1, 4, 59, 3, 0.25
1, 3, 6, 59, 25, 0.25
1, 4, 7, 59, 21, 0.25
1, 5, 6, 59, 11, 0.25
1, 6, 9, 59, 27, 0.25
1, 7, 8, 59, 11, 0.25
1, 8, 9, 59, 10, 0.25
1, 1, 2, 60, 17, 0.25
1, 1, 4, 60, 14, 0.25
1, 2, 3, 60, 28, 0.25
1, 2, 5, 60, 2, 0.25
1, 4, 5, 60, 17, 0.25
1, 5, 6, 60, 29, 0.25
1, 5, 8, 60, 3, 0.25
1, 6, 9, 60, 2, 0.25
1, 7, 8, 60, 27, 0.25
1, 8, 9, 60, 3, 0.25
1, 1, 2, 61, 16, 0.25
1, 3, 6, 61, 7, 0.25
1, 4, 5, 61, 10, 0.25
1, 4, 7, 61, 21, 0.25
1, 5, 6, 61, 21, 0.25
1, 5, 8, 61, 19, 0.25
1, 6, 9, 61, 27, 0.25
1, 7, 8, 61, 3, 0.25
1, 1, 2, 62, 17, 0.25
1, 4, 5, 62, 14, 0.25
1, 4, 7, 62, 21, 0.25
1, 5, 6, 62, 10, 0.25
1, 5, 8, 62, 21, 0.25
1, 6, 9, 62, 14, 0.25
1, 7, 8, 62, 12, 0.25
1, 8, 9, 62, 10, 0.25
1, 1, 2, 63, 13, 0.25
1, 1, 4, 63, 7, 0.25
1, 2, 3, 63, 2, 0.25
1, 3, 6, 63, 25, 0.25
1, 5, 6, 63, 10, 0.25
1, 6, 9, 63, 24, 0.25
1, 8, 9, 63, 26, 0.25
1, 1, 2, 64, 2, 0.25
1, 1, 4, 64, 14, 0.25
1, 2, 3, 64, 6, 0.25
1, 3, 6, 64, 21, 0.25
1, 4, 5, 64, 5, 0.25
1, 4, 7, 64, 1, 0.25
1, 5, 8, 64, 13, 0.25
1, 6, 9, 64, 11, 0.25
1, 7, 8, 64, 22, 0.25
1, 8, 9, 64, 22, 0.25
1, 1, 2, 65, 12, 0.25
1, 1, 4, 65, 7, 0.25
1, 2, 3, 65, 12, 0.25
1, 2, 5, 65, 19, 0.25
1, 3, 6, 65, 9, 0.25
1, 4, 5, 65, 20, 0.25
1, 4, 7, 65, 17, 0.25
1, 5, 6, 65, 11, 0.25
1, 6, 9, 65, 11, 0.25
1, 7, 8, 65, 12, 0.25
1, 8, 9, 65, 20, 0.25
1, 2, 5, 66, 15, 0.25
1, 5, 6, 66, 19, 0.25
1, 5, 8, 66, 18, 0.25
1, 6, 9, 66, 2, 0.25
1, 7, 8, 66, 20, 0.25
1, 8, 9, 66, 17, 0.25
1, 2, 5, 67, 2, 0.25
1, 7, 8, 67, 22, 0.25
1, 8, 9, 67, 16, 0.25
1, 2, 3, 68, 15, 0.25
1, 3, 6, 68, 7, 0.25
1, 4, 5, 68, 11, 0.25
1, 5, 6, 68, 15, 0.25
1, 5, 8, 68, 3, 0.25
1, 7, 8, 68, 7, 0.25
1, 1, 2, 69, 14, 0.25
1, 1, 4, 69, 2, 0.25
1, 2, 3, 69, 14, 0.25
1, 3, 6, 69, 1, 0.25
1, 4, 5, 69, 1, 0.25
1, 4, 7, 69, 2, 0.25
1, 5, 8, 69, 9, 0.25
1, 6, 9, 69, 13, 0.25
1, 7, 8, 69, 17, 0.25
1, 1, 4, 70, 18, 0.25
1, 2, 3, 70, 3, 0.25
1, 3, 6, 70, 13, 0.25
1, 4, 7, 70, 18, 0.25
1, 5, 6, 70, 18, 0.25
1, 8, 9, 70, 6, 0.25
1, 2, 5, 71, 8, 0.25
1, 5, 6, 71, 13, 0.25
1, 5, 8, 71, 16, 0.25
1, 6, 9, 71, 9, 0.25
1, 4, 5, 72, 17, 0.25
1, 8, 9, 72, 7, 0.25
1, 1, 4, 74, 7, 0.25
1, 2, 5, 74, 1, 0.25
1, 3, 6, 74, 9, 0.25
1, 5, 6, 74, 6, 0.25
1, 5, 8, 74, 7, 0.25
1, 6, 9, 74, 4, 0.25
1, 8, 9, 74, 9, 0.25
1, 1, 2, 75, 6, 0.25
1, 3, 6, 76, 3, 0.25
1, 6, 9, 76, 1, 0.25
1, 7, 8, 76, 9, 0.25
1, 1, 2, 77, 1, 0.25
1, 1, 4, 77, 11, 0.25
1, 2, 3, 77, 3, 0.25
1, 3, 6, 77, 8, 0.25
1, 4, 5, 77, 12, 0.25
1, 5, 8, 77, 5, 0.25
1, 6, 9, 77, 5, 0.25
1, 8, 9, 77, 12, 0.25
1, 4, 7, 78, 5, 0.25
1, 5, 6, 78, 6, 0.25
1, 1, 2, 79, 6, 0.25
1, 3, 6, 79, 2, 0.25
1, 4, 5, 79, 6, 0.25
1, 1, 4, 80, 7, 0.25
1, 3, 6, 80, 4, 0.25
1, 5, 8, 80, 2, 0.25
1, 2, 5, 81, 4, 0.25
1, 6, 9, 81, 2, 0.25
1, 5, 8, 82, 3, 0.25
1, 3, 6, 83, 1, 0.25
1, 4, 7, 83, 2, 0.25
1, 6, 9, 83, 3, 0.25
1, 7, 8, 83, 6, 0.25
1, 1, 4, 85, 2, 0.25
2, 1, 2, 0, 23, 0.25
2, 1, 4, 0, 16, 0.25
2, 2, 3, 0, 25, 0.25
2, 2, 5, 0, 22, 0.25
2, 3, 6, 0, 25, 0.25
2, 4, 5, 0, 16, 0.25
2, 4, 7, 0, 8, 0.25
2, 5, 6, 0, 31, 0.25
2, 5, 8, 0, 10, 0.25
2, 6, 9, 0, 17, 0.25
2, 7, 8, 0, 35, 0.25
2, 8, 9, 0, 37, 0.25
2, 1, 2, 1, 16, 0.25
2, 1, 4, 1, 28, 0.25
2, 2, 3, 1, 5, 0.25
2, 2, 5, 1, 29, 0.25
2, 3, 6, 1, 35, 0.25
2, 4, 5, 1, 16, 0.25
2, 4, 7, 1, 22, 0.25
2, 5, 6, 1, 38, 0.25
2, 5, 8, 1, 23, 0.25
2, 6, 9, 1, 41, 0.25
2, 7, 8, 1, 42, 0.25
2, 8, 9, 1, 32, 0.25
2, 1, 2, 2, 21, 0.25
2, 1, 4, 2, 37, 0.25
2, 2, 3, 2, 27, 0.25
2, 2, 5, 2, 30, 0.25
2, 3, 6, 2, 10, 0.25
2, 4, 5, 2, 2, 0.25
2, 4, 7, 2, 34, 0.25
2, 5, 6, 2, 5, 0.25
2, 5, 8, 2, 32, 0.25
2, 6, 9, 2, 34, 0.25
2, 7, 8, 2, 11, 0.25
2, 8, 9, 2, 19, 0.25
2, 1, 2, 3, 24, 0.25
2, 1, 4, 3, 7, 0.25
2, 2, 3, 3, 10, 0.25
2, 2, 5, 3, 31, 0.25
2, 3, 6, 3, 4, 0.25
2, 4, 5, 3, 23, 0.25
2, 4, 7, 3, 8, 0.25
2, 5, 6, 3, 41, 0.25
2, 5, 8, 3, 20, 0.25
2, 6, 9, 3, 36, 0.25
2, 7, 8, 3, 18, 0.25
2, 8, 9, 3, 18, 0.25
2, 1, 2, 4, 25, 0.25
2, 1, 4, 4, 41, 0.25
2, 2, 3, 4, 16, 0.25
2, 2, 5, 4, 23, 0.25
2, 3, 6, 4, 16, 0.25
2, 4, 5, 4, 30, 0.25
2, 4, 7, 4, 19, 0.25
2, 5, 6, 4, 21, 0.25
2, 5, 8, 4, 29, 0.25
2, 6, 9, 4, 11, 0.25
2, 7, 8, 4, 26, 0.25
2, 8, 9, 4, 25, 0.25
2, 1, 2, 5, 38, 0.25
2, 1, 4, 5, 19, 0.25
2, 2, 3, 5, 28, 0.25
2, 2, 5, 5, 42, 0.25
2, 3, 6, 5, 29, 0.25
2, 4, 5, 5, 7, 0.25
2, 4, 7, 5, 13, 0.25
2, 5, 6, 5, 29, 0.25
2, 5, 8, 5, 40, 0.25
2, 6, 9, 5, 9, 0.25
2, 7, 8, 5, 37, 0.25
2, 8, 9, 5, 20, 0.25
2, 1, 2, 6, 2, 0.25
2, 1, 4, 6, 24, 0.25
2, 2, 3, 6, 13, 0.25
2, 2, 5, 6, 15, 0.25
2, 3, 6, 6, 2, 0.25
2, 4, 5, 6, 21, 0.25
2, 4, 7, 6, 36, 0.25
2, 5, 6, 6, 31, 0.25
2, 5, 8, 6, 24, 0.25
2, 6, 9, 6, 5, 0.25
2, 7, 8, 6, 15, 0.25
2, 8, 9, 6, 31, 0.25
2, 1, 2, 7, 12, 0.25
2, 1, 4, 7, 13, 0.25
2, 2, 3, 7, 29, 0.25
2, 2, 5, 7, 4, 0.25
2, 3, 6, 7, 20, 0.25
2, 4, 5, 7, 29, 0.25
2, 4, 7, 7, 23, 0.25
2, 5, 6, 7, 15, 0.25
2, 5, 8, 7, 15, 0.25
2, 6, 9, 7, 31, 0.25
2, 7, 8, 7, 4, 0.25
2, 8, 9, 7, 26, 0.25
2, 1, 2, 8, 3, 0.25
2, 1, 4, 8, 22, 0.25
2, 2, 3, 8, 14, 0.25
2, 2, 5, 8, 2, 0.25
2, 3, 6, 8, 31, 0.25
2, 4, 5, 8, 19, 0.25
2, 4, 7, 8, 42, 0.25
2, 5, 6, 8, 22, 0.25
2, 5, 8, 8, 9, 0.25
2, 6, 9, 8, 42, 0.25
2, 7, 8, 8, 20, 0.25
2, 8, 9, 8, 26, 0.25
2, 1, 2, 9, 28, 0.25
2, 1, 4, 9, 39, 0.25
2, 2, 3, 9, 8, 0.25
2, 2, 5, 9, 43, 0.25
2, 3, 6, 9, 2, 0.25
2, 4, 5, 9, 32, 0.25
2, 4, 7, 9, 35, 0.25
2, 5, 6, 9, 29, 0.25
2, 5, 8, 9, 8, 0.25
2, 6, 9, 9, 21, 0.25
2, 7, 8, 9, 30, 0.25
2, 8, 9, 9, 13, 0.25
2, 1, 2, 10, 15, 0.25
2, 1, 4, 10, 7, 0.25
2, 2, 3, 10, 9, 0.25
2, 2, 5, 10, 14, 0.25
2, 3, 6, 10, 4, 0.25
2, 4, 5, 10, 23, 0.25
2, 4, 7, 10, 23, 0.25
2, 5, 6, 10, 12, 0.25
2, 5, 8, 10, 40, 0.25
2, 6, 9, 10, 2, 0.25
2, 7, 8, 10, 5, 0.25
2, 8, 9, 10, 40, 0.25
2, 1, 2, 11, 27, 0.25
2, 1, 4, 11, 34, 0.25
2, 2, 3, 11, 19, 0.25
2, 2, 5, 11, 3, 0.25
2, 3, 6, 11, 26, 0.25
2, 4, 5, 11, 20, 0.25
2, 4, 7, 11, 5, 0.25
2, 5, 6, 11, 15, 0.25
2, 5, 8, 11, 41, 0.25
2, 6, 9, 11, 16, 0.25
2, 7, 8, 11, 25, 0.25
2, 8, 9, 11, 10, 0.25
2, 1, 2, 12, 23, 0.25
2, 1, 4, 12, 26, 0.25
2, 2, 3, 12, 4, 0.25
2, 2, 5, 12, 5, 0.25
2, 3, 6, 12, 36, 0.25
2, 4, 5, 12, 43, 0.25
2, 4, 7, 12, 37, 0.25
2, 5, 6, 12, 4, 0.25
2, 5, 8, 12, 38, 0.25
2, 6, 9, 12, 13, 0.25
2, 7, 8, 12, 40, 0.25
2, 8, 9, 12, 42, 0.25
2, 1, 2, 13, 24, 0.25
2, 1, 4, 13, 44, 0.25
2, 2, 3, 13, 37, 0.25
2, 2, 5, 13, 8, 0.25
2, 3, 6, 13, 41, 0.25
2, 4, 5, 13, 22, 0.25
2, 4, 7, 13, 30, 0.25
2, 5, 6, 13, 16, 0.25
2, 5, 8, 13, 28, 0.25
2, 6, 9, 13, 26, 0.25
2, 7, 8, 13, 44, 0.25
2, 8, 9, 13, 25, 0.25
2, 1, 2, 14, 29, 0.25
2, 1, 4, 14, 17, 0.25
2, 2, 3, 14, 33, 0.25
2, 2, 5, 14, 24, 0.25
2, 3, 6, 14, 6, 0.25
2, 4, 5, 14, 35, 0.25
2, 4, 7, 14, 18, 0.25
2, 5, 6, 14, 30, 0.25
2, 5, 8, 14, 19, 0.25
2, 6, 9, 14, 17, 0.25
2, 7, 8, 14, 11, 0.25
2, 8, 9, 14, 29, 0.25
2, 1, 2, 15, 20, 0.25
2, 1, 4, 15, 20, 0.25
2, 2, 3, 15, 2, 0.25
2, 2, 5, 15, 37, 0.25
2, 3, 6, 15, 40, 0.25
2, 4, 5, 15, 20, 0.25
2, 4, 7, 15, 22, 0.25
2, 5, 6, 15, 17, 0.25
2, 5, 8, 15, 17, 0.25
2, 6, 9, 15, 30, 0.25
2, 7, 8, 15, 13, 0.25
2, 8, 9, 15, 9, 0.25
2, 1, 2, 16, 25, 0.25
2, 1, 4, 16, 22, 0.25
2, 2, 3, 16, 29, 0.25
2, 2, 5, 16, 21, 0.25
2, 3, 6, 16, 31, 0.25
2, 4, 5, 16, 12, 0.25
2, 4, 7, 16, 3, 0.25
2, 5, 6, 16, 11, 0.25
2, 5, 8, 16, 33, 0.25
2, 6, 9, 16, 37, 0.25
2, 7, 8, 16, 39, 0.25
2, 8, 9, 16, 38, 0.25
2, 1, 2, 17, 20, 0.25
2, 1, 4, 17, 38, 0.25
2, 2, 3, 17, 36, 0.25
2, 2, 5, 17, 32, 0.25
2, 3, 6, 17, 41, 0.25
2, 4, 5, 17, 31, 0.25
2, 4, 7, 17, 35, 0.25
2, 5, 6, 17, 21, 0.25
2, 5, 8, 17, 27, 0.25
2, 6, 9, 17, 22, 0.25
2, 7, 8, 17, 14, 0.25
2, 8, 9, 17, 19, 0.25
2, 1, 2, 18, 23, 0.25
2, 1, 4, 18, 9, 0.25
2, 2, 3, 18, 11, 0.25
2, 2, 5, 18, 21, 0.25
2, 3, 6, 18, 35, 0.25
2, 4, 5, 18, 25, 0.25
2, 4, 7, 18, 28, 0.25
2, 5, 6, 18, 37, 0.25
2, 5, 8, 18, 6, 0.25
2, 6, 9, 18, 14, 0.25
2, 7, 8, 18, 12, 0.25
2, 8, 9, 18, 31, 0.25
2, 1, 2, 19, 8, 0.25
2, 1, 4, 19, 42, 0.25
2, 2, 3, 19, 41, 0.25
2, 2, 5, 19, 23, 0.25
2, 3, 6, 19, 37, 0.25
2, 4, 5, 19, 12, 0.25
2, 4, 7, 19, 11, 0.25
2, 5, 6, 19, 20, 0.25
2, 5, 8, 19, 17, 0.25
2, 6, 9, 19, 2, 0.25
2, 7, 8, 19, 22, 0.25
2, 8, 9, 19, 7, 0.25
2, 1, 2, 20, 38, 0.25
2, 1, 4, 20, 24, 0.25
2, 2, 3, 20, 1, 0.25
2, 2, 5, 20, 6, 0.25
2, 3, 6, 20, 40, 0.25
2, 4, 5, 20, 24, 0.25
2, 4, 7, 20, 36, 0.25
2, 5, 6, 20, 43, 0.25
2, 5, 8, 20, 12, 0.25
2, 6, 9, 20, 38, 0.25
2, 7, 8, 20, 41, 0.25
2, 8, 9, 20, 31, 0.25
2, 1, 2, 21, 34, 0.25
2, 1, 4, 21, 13, 0.25
2, 2, 3, 21, 2, 0.25
2, 2, 5, 21, 25, 0.25
2, 3, 6, 21, 7, 0.25
2, 4, 5, 21, 5, 0.25
2, 4, 7, 21, 28, 0.25
2, 5, 6, 21, 17, 0.25
2, 5, 8, 21, 10, 0.25
2, 6, 9, 21, 15, 0.25
2, 7, 8, 21, 15, 0.25
2, 8, 9, 21, 10, 0.25
2, 1, 2, 22, 2, 0.25
2, 1, 4, 22, 7, 0.25
2, 2, 3, 22, 2, 0.25
2, 2, 5, 22, 2, 0.25
2, 3, 6, 22, 40, 0.25
2, 4, 5, 22, 19, 0.25
2, 4, 7, 22, 34, 0.25
2, 5, 6, 22, 31, 0.25
2, 5, 8, 22, 31, 0.25
2, 6, 9, 22, 14, 0.25
2, 7, 8, 22, 15, 0.25
2, 8, 9, 22, 29, 0.25
2, 1, 2, 23, 9, 0.25
2, 1, 4, 23, 36, 0.25
2, 2, 3, 23, 31, 0.25
2, 2, 5, 23, 23, 0.25
2, 3, 6, 23, 34, 0.25
2, 4, 5, 23, 36, 0.25
2, 4, 7, 23, 35, 0.25
2, 5, 6, 23, 2, 0.25
2, 5, 8, 23, 40, 0.25
2, 6, 9, 23, 43, 0.25
2, 7, 8, 23, 14, 0.25
2, 8, 9, 23, 2, 0.25
2, 1, 2, 24, 31, 0.25
2, 1, 4, 24, 14, 0.25
2, 2, 3, 24, 19, 0.25
2, 2, 5, 24, 27, 0.25
2, 3, 6, 24, 10, 0.25
2, 4, 5, 24, 10, 0.25
2, 4, 7, 24, 2, 0.25
2, 5, 6, 24, 30, 0.25
2, 5, 8, 24, 17, 0.25
2, 6, 9, 24, 35, 0.25
2, 7, 8, 24, 9, 0.25
2, 8, 9, 24, 19, 0.25
2, 1, 2, 25, 20, 0.25
2, 1, 4, 25, 29, 0.25
2, 2, 3, 25, 6, 0.25
2, 2, 5, 25, 4, 0.25
2, 3, 6, 25, 30, 0.25
2, 4, 5, 25, 28, 0.25
2, 4, 7, 25, 14, 0.25
2, 5, 6, 25, 37, 0.25
2, 5, 8, 25, 38, 0.25
2, 6, 9, 25, 41, 0.25
2, 7, 8, 25, 32, 0.25
2, 8, 9, 25, 29, 0.25
2, 1, 2, 26, 34, 0.25
2, 1, 4, 26, 16, 0.25
2, 2, 3, 26, 27, 0.25
2, 2, 5, 26, 42, 0.25
2, 3, 6, 26, 4, 0.25
2, 4, 5, 26, 4, 0.25
2, 4, 7, 26, 43, 0.25
2, 5, 6, 26, 10, 0.25
2, 5, 8, 26, 21, 0.25
2, 6, 9, 26, 10, 0.25
2, 7, 8, 26, 2, 0.25
2, 8, 9, 26, 7, 0.25
2, 1, 2, 27, 22, 0.25
2, 1, 4, 27, 3, 0.25
2, 2, 3, 27, 15, 0.25
2, 2, 5, 27, 5, 0.25
2, 3, 6, 27, 32, 0.25
2, 4, 5, 27, 44, 0.25
2, 4, 7, 27, 36, 0.25
2, 5, 6, 27, 16, 0.25
2, 5, 8, 27, 26, 0.25
2, 6, 9, 27, 33, 0.25
2, 7, 8, 27, 1, 0.25
2, 8, 9, 27, 13, 0.25
2, 1, 2, 28, 10, 0.25
2, 1, 4, 28, 15, 0.25
2, 2, 3, 28, 14, 0.25
2, 2, 5, 28, 10, 0.25
2, 3, 6, 28, 4, 0.25
2, 4, 5, 28, 41, 0.25
2, 4, 7, 28, 44, 0.25
2, 5, 6, 28, 19, 0.25
2, 5, 8, 28, 10, 0.25
2, 6, 9, 28, 8, 0.25
2, 7, 8, 28, 22, 0.25
2, 8, 9, 28, 7, 0.25
2, 1, 2, 29, 24, 0.25
2, 1, 4, 29, 6, 0.25
2, 2, 3, 29, 32, 0.25
2, 2, 5, 29, 43, 0.25
2, 3, 6, 29, 11, 0.25
2, 4, 5, 29, 36, 0.25
2, 4, 7, 29, 12, 0.25
2, 5, 6, 29, 22, 0.25
2, 5, 8, 29, 23, 0.25
2, 6, 9, 29, 40, 0.25
2, 7, 8, 29, 3, 0.25
2, 8, 9, 29, 17, 0.25
2, 1, 2, 30, 39, 0.25
2, 1, 4, 30, 20, 0.25
2, 2, 3, 30, 2, 0.25
2, 2, 5, 30, 22, 0.25
2, 3, 6, 30, 33, 0.25
2, 4, 5, 30, 7, 0.25
2, 4, 7, 30, 23, 0.25
2, 5, 6, 30, 14, 0.25
2, 5, 8, 30, 41, 0.25
2, 6, 9, 30, 10, 0.25
2, 7, 8, 30, 19, 0.25
2, 8, 9, 30, 22, 0.25
2, 1, 2, 31, 17, 0.25
2, 1, 4, 31, 15, 0.25
2, 2, 3, 31, 41, 0.25
2, 2, 5, 31, 25, 0.25
2, 3, 6, 31, 16, 0.25
2, 4, 5, 31, 6, 0.25
2, 4, 7, 31, 27, 0.25
2, 5, 6, 31, 33, 0.25
2, 5, 8, 31, 4, 0.25
2, 6, 9, 31, 39, 0.25
2, 7, 8, 31, 23, 0.25
2, 8, 9, 31, 36, 0.25
2, 1, 2, 32, 12, 0.25
2, 1, 4, 32, 6, 0.25
2, 2, 3, 32, 12, 0.25
2, 2, 5, 32, 43, 0.25
2, 3, 6, 32, 19, 0.25
2, 4, 5, 32, 11, 0.25
2, 4, 7, 32, 26, 0.25
2, 5, 6, 32, 20, 0.25
2, 5, 8, 32, 8, 0.25
2, 6, 9, 32, 44, 0.25
2, 7, 8, 32, 7, 0.25
2, 8, 9, 32, 7, 0.25
2, 1, 2, 33, 2, 0.25
2, 1, 4, 33, 7, 0.25
2, 2, 3, 33, 7, 0.25
2, 2, 5, 33, 37, 0.25
2, 3, 6, 33, 37, 0.25
2, 4, 5, 33, 8, 0.25
2, 4, 7, 33, 24, 0.25
2, 5, 6, 33, 25, 0.25
2, 5, 8, 33, 5, 0.25
2, 6, 9, 33, 4, 0.25
2, 7, 8, 33, 31, 0.25
2, 8, 9, 33, 23, 0.25
2, 1, 2, 34, 32, 0.25
2, 1, 4, 34, 6, 0.25
2, 2, 3, 34, 37, 0.25
2, 2, 5, 34, 43, 0.25
2, 3, 6, 34, 14, 0.25
2, 4, 5, 34, 17, 0.25
2, 4, 7, 34, 16, 0.25
2, 5, 6, 34, 24, 0.25
2, 5, 8, 34, 20, 0.25
2, 6, 9, 34, 42, 0.25
2, 7, 8, 34, 27, 0.25
2, 8, 9, 34, 7, 0.25
2, 1, 2, 35, 18, 0.25
2, 1, 4, 35, 35, 0.25
2, 2, 3, 35, 6, 0.25
2, 2, 5, 35, 29, 0.25
2, 3, 6, 35, 7, 0.25
2, 4, 5, 35, 22, 0.25
2, 4, 7, 35, 24, 0.25
2, 5, 6, 35, 4, 0.25
2, 5, 8, 35, 11, 0.25
2, 6, 9, 35, 4, 0.25
2, 7, 8, 35, 35, 0.25
2, 8, 9, 35, 32, 0.25
2, 1, 2, 36, 13, 0.25
2, 1, 4, 36, 4, 0.25
2, 2, 3, 36, 32, 0.25
2, 2, 5, 36, 24, 0.25
2, 3, 6, 36, 26, 0.25
2, 4, 5, 36, 42, 0.25
2, 4, 7, 36, 28, 0.25
2, 5, 6, 36, 7, 0.25
2, 5, 8, 36, 7, 0.25
2, 6, 9, 36, 27, 0.25
2, 7, 8, 36, 17, 0.25
2, 8, 9, 36, 4, 0.25
2, 1, 2, 37, 28, 0.25
2, 1, 4, 37, 21, 0.25
2, 2, 3, 37, 31, 0.25
2, 2, 5, 37, 23, 0.25
2, 3, 6, 37, 35, 0.25
2, 4, 5, 37, 4, 0.25
2, 4, 7, 37, 35, 0.25
2, 5, 6, 37, 23, 0.25
2, 5, 8, 37, 14, 0.25
2, 6, 9, 37, 31, 0.25
2, 7, 8, 37, 17, 0.25
2, 8, 9, 37, 10, 0.25
2, 1, 2, 38, 30, 0.25
2, 1, 4, 38, 27, 0.25
2, 2, 3, 38, 16, 0.25
2, 2, 5, 38, 33, 0.25
2, 3, 6, 38, 36, 0.25
2, 4, 5, 38, 21, 0.25
2, 4, 7, 38, 25, 0.25
2, 5, 6, 38, 1, 0.25
2, 5, 8, 38, 12, 0.25
2, 6, 9, 38, 17, 0.25
2, 7, 8, 38, 15, 0.25
2, 8, 9, 38, 22, 0.25
2, 1, 2, 39, 13, 0.25
2, 1, 4, 39, 35, 0.25
2, 2, 3, 39, 31, 0.25
2, 2, 5, 39, 19, 0.25
2, 3, 6, 39, 15, 0.25
2, 4, 5, 39, 22, 0.25
2, 4, 7, 39, 11, 0.25
2, 5, 6, 39, 29, 0.25
2, 5, 8, 39, 19, 0.25
2, 6, 9, 39, 18, 0.25
2, 7, 8, 39, 20, 0.25
2, 8, 9, 39, 35, 0.25
2, 1, 2, 40, 36, 0.25
2, 1, 4, 40, 8, 0.25
2, 2, 3, 40, 19, 0.25
2, 2, 5, 40, 14, 0.25
2, 3, 6, 40, 30, 0.25
2, 4, 5, 40, 39, 0.25
2, 4, 7, 40, 34, 0.25
2, 5, 6, 40, 12, 0.25
2, 5, 8, 40, 11, 0.25
2, 6, 9, 40, 8, 0.25
2, 7, 8, 40, 30, 0.25
2, 8, 9, 40, 35, 0.25
2, 1, 2, 41, 42, 0.25
2, 1, 4, 41, 41, 0.25
2, 2, 3, 41, 29, 0.25
2, 2, 5, 41, 2, 0.25
2, 3, 6, 41, 2, 0.25
2, 4, 5, 41, 10, 0.25
2, 4, 7, 41, 43, 0.25
2, 5, 6, 41, 3, 0.25
2, 5, 8, 41, 3, 0.25
2, 6, 9, 41, 1, 0.25
2, 7, 8, 41, 42, 0.25
2, 8, 9, 41, 16, 0.25
2, 1, 2, 42, 39, 0.25
2, 1, 4, 42, 30, 0.25
2, 2, 3, 42, 24, 0.25
2, 2, 5, 42, 37, 0.25
2, 3, 6, 42, 43, 0.25
2, 4, 5, 42, 7, 0.25
2, 4, 7, 42, 24, 0.25
2, 5, 6, 42, 26, 0.25
2, 5, 8, 42, 2, 0.25
2, 6, 9, 42, 18, 0.25
2, 7, 8, 42, 28, 0.25
2, 8, 9, 42, 8, 0.25
2, 1, 2, 43, 4, 0.25
2, 1, 4, 43, 7, 0.25
2, 2, 3, 43, 32, 0.25
2, 2, 5, 43, 11, 0.25
2, 3, 6, 43, 25, 0.25
2, 4, 5, 43, 39, 0.25
2, 4, 7, 43, 13, 0.25
2, 5, 6, 43, 31, 0.25
2, 5, 8, 43, 19, 0.25
2, 6, 9, 43, 8, 0.25
2, 7, 8, 43, 25, 0.25
2, 8, 9, 43, 24, 0.25
2, 1, 2, 44, 20, 0.25
2, 1, 4, 44, 22, 0.25
2, 2, 3, 44, 4, 0.25
2, 2, 5, 44, 31, 0.25
2, 3, 6, 44, 10, 0.25
2, 4, 5, 44, 25, 0.25
2, 4, 7, 44, 39, 0.25
2, 5, 6, 44, 32, 0.25
2, 5, 8, 44, 20, 0.25
2, 6, 9, 44, 39, 0.25
2, 7, 8, 44, 12, 0.25
2, 8, 9, 44, 27, 0.25
2, 1, 2, 45, 17, 0.25
2, 1, 4, 45, 31, 0.25
2, 2, 3, 45, 35, 0.25
2, 2, 5, 45, 43, 0.25
2, 3, 6, 45, 42, 0.25
2, 4, 5, 45, 2, 0.25
2, 4, 7, 45, 24, 0.25
2, 5, 6, 45, 9, 0.25
2, 5, 8, 45, 4, 0.25
2, 6, 9, 45, 17, 0.25
2, 7, 8, 45, 10, 0.25
2, 8, 9, 45, 5, 0.25
2, 1, 2, 46, 7, 0.25
2, 1, 4, 46, 6, 0.25
2, 2, 3, 46, 30, 0.25
2, 2, 5, 46, 33, 0.25
2, 3, 6, 46, 19, 0.25
2, 4, 5, 46, 28, 0.25
2, 4, 7, 46, 39, 0.25
2, 5, 6, 46, 28, 0.25
2, 5, 8, 46, 7, 0.25
2, 6, 9, 46, 32, 0.25
2, 7, 8, 46, 9, 0.25
2, 8, 9, 46, 29, 0.25
2, 1, 2, 47, 37, 0.25
2, 1, 4, 47, 21, 0.25
2, 2, 3, 47, 29, 0.25
2, 2, 5, 47, 24, 0.25
2, 3, 6, 47, 28, 0.25
2, 4, 5, 47, 19, 0.25
2, 4, 7, 47, 35, 0.25
2, 5, 6, 47, 10, 0.25
2, 5, 8, 47, 37, 0.25
2, 6, 9, 47, 38, 0.25
2, 7, 8, 47, 39, 0.25
2, 8, 9, 47, 8, 0.25
2, 1, 2, 48, 16, 0.25
2, 1, 4, 48, 6, 0.25
2, 2, 3, 48, 39, 0.25
2, 2, 5, 48, 24, 0.25
2, 3, 6, 48, 32, 0.25
2, 4, 5, 48, 28, 0.25
2, 4, 7, 48, 9, 0.25
2, 5, 6, 48, 14, 0.25
2, 5, 8, 48, 36, 0.25
2, 6, 9, 48, 41, 0.25
2, 7, 8, 48, 28, 0.25
2, 8, 9, 48, 3, 0.25
2, 1, 2, 49, 9, 0.25
2, 1, 4, 49, 27, 0.25
2, 2, 5, 49, 2, 0.25
2, 3, 6, 49, 31, 0.25
2, 4, 5, 49, 3, 0.25
2, 4, 7, 49, 30, 0.25
2, 5, 6, 49, 8, 0.25
2, 5, 8, 49, 12, 0.25
2, 6, 9, 49, 14, 0.25
2, 7, 8, 49, 4, 0.25
2, 8, 9, 49, 9, 0.25
2, 1, 2, 50, 19, 0.25
2, 1, 4, 50, 25, 0.25
2, 2, 3, 50, 15, 0.25
2, 2, 5, 50, 3, 0.25
2, 3, 6, 50, 17, 0.25
2, 4, 5, 50, 2, 0.25
2, 5, 6, 50, 5, 0.25
2, 6, 9, 50, 39, 0.25
2, 7, 8, 50, 36, 0.25
2, 8, 9, 50, 38, 0.25
2, 1, 2, 51, 2, 0.25
2, 1, 4, 51, 1, 0.25
2, 2, 3, 51, 12, 0.25
2, 3, 6, 51, 30, 0.25
2, 4, 5, 51, 13, 0.25
2, 4, 7, 51, 11, 0.25
2, 5, 6, 51, 33, 0.25
2, 5, 8, 51, 37, 0.25
2, 6, 9, 51, 32, 0.25
2, 7, 8, 51, 27, 0.25
2, 8, 9, 51, 20, 0.25
2, 1, 2, 52, 29, 0.25
2, 1, 4, 52, 30, 0.25
2, 2, 3, 52, 35, 0.25
2, 2, 5, 52, 20, 0.25
2, 3, 6, 52, 30, 0.25
2, 4, 7, 52, 14, 0.25
2, 5, 6, 52, 5, 0.25
2, 5, 8, 52, 23, 0.25
2, 6, 9, 52, 9, 0.25
2, 7, 8, 52, 15, 0.25
2, 8, 9, 52, 23, 0.25
2, 1, 2, 53, 2, 0.25
2, 1, 4, 53, 33, 0.25
2, 2, 3, 53, 21, 0.25
2, 4, 7, 53, 1, 0.25
2, 5, 6, 53, 17, 0.25
2, 5, 8, 53, 36, 0.25
2, 6, 9, 53, 6, 0.25
2, 7, 8, 53, 28, 0.25
2, 8, 9, 53, 18, 0.25
2, 1, 2, 54, 23, 0.25
2, 1, 4, 54, 1, 0.25
2, 2, 3, 54, 20, 0.25
2, 2, 5, 54, 9, 0.25
2, 3, 6, 54, 6, 0.25
2, 4, 5, 54, 2, 0.25
2, 4, 7, 54, 20, 0.25
2, 5, 6, 54, 12, 0.25
2, 5, 8, 54, 29, 0.25
2, 6, 9, 54, 18, 0.25
2, 7, 8, 54, 23, 0.25
2, 8, 9, 54, 28, 0.25
2, 1, 2, 55, 10, 0.25
2, 1, 4, 55, 18, 0.25
2, 2, 5, 55, 7, 0.25
2, 3, 6, 55, 11, 0.25
2, 4, 5, 55, 5, 0.25
2, 4, 7, 55, 23, 0.25
2, 5, 6, 55, 2, 0.25
2, 5, 8, 55, 12, 0.25
2, 6, 9, 55, 22, 0.25
2, 7, 8, 55, 9, 0.25
2, 1, 2, 56, 33, 0.25
2, 1, 4, 56, 4, 0.25
2, 3, 6, 56, 29, 0.25
2, 4, 5, 56, 28, 0.25
2, 5, 6, 56, 25, 0.25
2, 5, 8, 56, 25, 0.25
2, 6, 9, 56, 13, 0.25
2, 7, 8, 56, 19, 0.25
2, 8, 9, 56, 8, 0.25
2, 1, 4, 57, 32, 0.25
2, 2, 3, 57, 24, 0.25
2, 2, 5, 57, 32, 0.25
2, 3, 6, 57, 15, 0.25
2, 4, 5, 57, 10, 0.25
2, 6, 9, 57, 8, 0.25
2, 7, 8, 57, 14, 0.25
2, 1, 2, 58, 9, 0.25
2, 1, 4, 58, 13, 0.25
2, 3, 6, 58, 4, 0.25
2, 4, 5, 58, 26, 0.25
2, 4, 7, 58, 24, 0.25
2, 5, 6, 58, 20, 0.25
2, 5, 8, 58, 3, 0.25
2, 7, 8, 58, 13, 0.25
2, 8, 9, 58, 5, 0.25
2, 1, 2, 59, 12, 0.25
2, 1, 4, 59, 21, 0.25
2, 2, 3, 59, 27, 0.25
2, 2, 5, 59, 20, 0.25
2, 3, 6, 59, 27, 0.25
2, 4, 5, 59, 5, 0.25
2, 5, 8, 59, 14, 0.25
2, 6, 9, 59, 9, 0.25
2, 1, 2, 60, 17, 0.25
2, 1, 4, 60, 10, 0.25
2, 2, 3, 60, 29, 0.25
2, 2, 5, 60, 21, 0.25
2, 3, 6, 60, 12, 0.25
2, 4, 5, 60, 5, 0.25
2, 5, 6, 60, 15, 0.25
2, 5, 8, 60, 9, 0.25
2, 6, 9, 60, 23, 0.25
2, 7, 8, 60, 25, 0.25
2, 8, 9, 60, 8, 0.25
2, 1, 4, 61, 15, 0.25
2, 2, 5, 61, 7, 0.25
2, 4, 7, 61, 9, 0.25
2, 5, 8, 61, 12, 0.25
2, 7, 8, 61, 28, 0.25
2, 8, 9, 61, 18, 0.25
2, 1, 2, 62, 15, 0.25
2, 2, 3, 62, 19, 0.25
2, 2, 5, 62, 7, 0.25
2, 3, 6, 62, 7, 0.25
2, 4, 7, 62, 19, 0.25
2, 5, 6, 62, 19, 0.25
2, 6, 9, 62, 7, 0.25
2, 7, 8, 62, 3, 0.25
2, 1, 2, 63, 12, 0.25
2, 1, 4, 63, 20, 0.25
2, 3, 6, 63, 26, 0.25
2, 4, 7, 63, 13, 0.25
2, 5, 6, 63, 22, 0.25
2, 5, 8, 63, 25, 0.25
2, 6, 9, 63, 12, 0.25
2, 8, 9, 63, 17, 0.25
2, 1, 2, 64, 12, 0.25
2, 4, 7, 64, 13, 0.25
2, 5, 6, 64, 8, 0.25
2, 5, 8, 64, 7, 0.25
2, 6, 9, 64, 14, 0.25
2, 7, 8, 64, 16, 0.25
2, 8, 9, 64, 22, 0.25
2, 1, 4, 65, 15, 0.25
2, 2, 5, 65, 11, 0.25
2, 3, 6, 65, 6, 0.25
2, 4, 7, 65, 24, 0.25
2, 6, 9, 65, 9, 0.25
2, 8, 9, 65, 10, 0.25
2, 2, 5, 66, 14, 0.25
2, 3, 6, 66, 8, 0.25
2, 4, 5, 66, 13, 0.25
2, 4, 7, 66, 19, 0.25
2, 6, 9, 66, 12, 0.25
2, 8, 9, 66, 16, 0.25
2, 1, 2, 67, 13, 0.25
2, 1, 4, 67, 7, 0.25
2, 2, 5, 67, 9, 0.25
2, 3, 6, 67, 3, 0.25
2, 4, 7, 67, 18, 0.25
2, 5, 6, 67, 7, 0.25
2, 6, 9, 67, 10, 0.25
2, 7, 8, 67, 10, 0.25
2, 1, 2, 68, 17, 0.25
2, 6, 9, 68, 10, 0.25
2, 7, 8, 68, 17, 0.25
2, 1, 2, 69, 6, 0.25
2, 2, 5, 69, 3, 0.25
2, 5, 6, 69, 7, 0.25
2, 8, 9, 69, 10, 0.25
2, 1, 2, 70, 13, 0.25
2, 2, 3, 70, 18, 0.25
2, 2, 5, 70, 15, 0.25
2, 4, 7, 70, 3, 0.25
2, 7, 8, 70, 12, 0.25
2, 8, 9, 70, 4, 0.25
2, 1, 2, 71, 10, 0.25
2, 2, 3, 71, 12, 0.25
2, 3, 6, 71, 1, 0.25
2, 4, 5, 71, 9, 0.25
2, 5, 6, 71, 10, 0.25
2, 5, 8, 71, 6, 0.25
2, 6, 9, 71, 16, 0.25
2, 3, 6, 72, 5, 0.25
2, 6, 9, 72, 9, 0.25
2, 7, 8, 72, 2, 0.25
2, 8, 9, 72, 2, 0.25
2, 1, 2, 73, 2, 0.25
2, 2, 5, 73, 15, 0.25
2, 5, 6, 73, 12, 0.25
2, 5, 8, 73, 10, 0.25
2, 6, 9, 73, 4, 0.25
2, 7, 8, 73, 16, 0.25
2, 1, 4, 74, 4, 0.25
2, 2, 3, 74, 13, 0.25
2, 5, 8, 74, 8, 0.25
2, 6, 9, 74, 2, 0.25
2, 8, 9, 74, 1, 0.25
2, 2, 3, 75, 3, 0.25
2, 3, 6, 75, 8, 0.25
2, 3, 6, 76, 2, 0.25
2, 4, 5, 76, 3, 0.25
2, 4, 7, 76, 11, 0.25
2, 6, 9, 76, 9, 0.25
2, 7, 8, 76, 7, 0.25
2, 8, 9, 76, 6, 0.25
2, 1, 2, 77, 9, 0.25
2, 2, 3, 77, 6, 0.25
2, 1, 2, 78, 11, 0.25
2, 2, 5, 78, 9, 0.25
2, 4, 7, 78, 11, 0.25
2, 5, 8, 78, 4, 0.25
2, 2, 3, 79, 5, 0.25
2, 3, 6, 79, 1, 0.25
2, 4, 5, 79, 2, 0.25
2, 5, 8, 79, 9, 0.25
2, 8, 9, 79, 10, 0.25
2, 1, 2, 80, 8, 0.25
2, 2, 3, 80, 1, 0.25
2, 3, 6, 80, 6, 0.25
2, 4, 7, 80, 5, 0.25
2, 5, 8, 81, 1, 0.25
2, 6, 9, 81, 5, 0.25
2, 1, 4, 82, 5, 0.25
2, 2, 5, 82, 3, 0.25
2, 4, 5, 82, 3, 0.25
2, 7, 8, 83, 1, 0.25
2, 2, 5, 84, 1, 0.25
2, 5, 8, 84, 4, 0.25
2, 8, 9, 84, 2, 0.25
2, 1, 2, 85, 2, 0.25
2, 1, 4, 85, 2, 0.25
2, 3, 6, 85, 3, 0.25
2, 4, 7, 85, 3, 0.25
3, 1, 2, 0, 7, 0.25
3, 1, 4, 0, 29, 0.25
3, 2, 3, 0, 36, 0.25
3, 2, 5, 0, 21, 0.25
3, 3, 6, 0, 44, 0.25
3, 4, 5, 0, 20, 0.25
3, 4, 7, 0, 15, 0.25
3, 5, 6, 0, 5, 0.25
3, 5, 8, 0, 19, 0.25
3, 6, 9, 0, 33, 0.25
3, 7, 8, 0, 2, 0.25
3, 8, 9, 0, 24, 0.25
3, 1, 2, 1, 11, 0.25
3, 1, 4, 1, 44, 0.25
3, 2, 3, 1, 24, 0.25
3, 2, 5, 1, 43, 0.25
3, 3, 6, 1, 8, 0.25
3, 4, 5, 1, 26, 0.25
3, 4, 7, 1, 3, 0.25
3, 5, 6, 1, 22, 0.25
3, 5, 8, 1, 1, 0.25
3, 6, 9, 1, 31, 0.25
3, 7, 8, 1, 12, 0.25
3, 8, 9, 1, 31, 0.25
3, 1, 2, 2, 31, 0.25
3, 1, 4, 2, 13, 0.25
3, 2, 3, 2, 23, 0.25
3, 2, 5, 2, 32, 0.25
3, 3, 6, 2, 4, 0.25
3, 4, 5, 2, 36, 0.25
3, 4, 7, 2, 21, 0.25
3, 5, 6, 2, 35, 0.25
3, 5, 8, 2, 38, 0.25
3, 6, 9, 2, 8, 0.25
3, 7, 8, 2, 29, 0.25
3, 8, 9, 2, 7, 0.25
3, 1, 2, 3, 21, 0.25
3, 1, 4, 3, 21, 0.25
3, 2, 3, 3, 2, 0.25
3, 2, 5, 3, 16, 0.25
3, 3, 6, 3, 16, 0.25
3, 4, 5, 3, 33, 0.25
3, 4, 7, 3, 27, 0.25
3, 5, 6, 3, 1, 0.25
3, 5, 8, 3, 24, 0.25
3, 6, 9, 3, 33, 0.25
3, 7, 8, 3, 40, 0.25
3, 8, 9, 3, 30, 0.25
3, 1, 2, 4, 42, 0.25
3, 1, 4, 4, 1, 0.25
3, 2, 3, 4, 10, 0.25
3, 2, 5, 4, 3, 0.25
3, 3, 6, 4, 31, 0.25
3, 4, 5, 4, 18, 0.25
3, 4, 7, 4, 42, 0.25
3, 5, 6, 4, 42, 0.25
3, 5, 8, 4, 22, 0.25
3, 6, 9, 4, 38, 0.25
3, 7, 8, 4, 5, 0.25
3, 8, 9, 4, 15, 0.25
3, 1, 2, 5, 43, 0.25
3, 1, 4, 5, 40, 0.25
3, 2, 3, 5, 35, 0.25
3, 2, 5, 5, 7, 0.25
3, 3, 6, 5, 14, 0.25
3, 4, 5, 5, 31, 0.25
3, 4, 7, 5, 10, 0.25
3, 5, 6, 5, 19, 0.25
3, 5, 8, 5, 31, 0.25
3, 6, 9, 5, 34, 0.25
3, 7, 8, 5, 17, 0.25
3, 8, 9, 5, 30, 0.25
3, 1, 2, 6, 17, 0.25
3, 1, 4, 6, 36, 0.25
3, 2, 3, 6, 18, 0.25
3, 2, 5, 6, 39, 0.25
3, 3, 6, 6, 29, 0.25
3, 4, 5, 6, 44, 0.25
3, 4, 7, 6, 20, 0.25
3, 5, 6, 6, 28, 0.25
3, 5, 8, 6, 11, 0.25
3, 6, 9, 6, 14, 0.25
3, 7, 8, 6, 25, 0.25
3, 8, 9, 6, 32, 0.25
3, 1, 2, 7, 2, 0.25
3, 1, 4, 7, 28, 0.25
3, 2, 3, 7, 23, 0.25
3, 2, 5, 7, 20, 0.25
3, 3, 6, 7, 35, 0.25
3, 4, 5, 7, 38, 0.25
3, 4, 7, 7, 25, 0.25
3, 5, 6, 7, 33, 0.25
3, 5, 8, 7, 32, 0.25
3, 6, 9, 7, 26, 0.25
3, 7, 8, 7, 14, 0.25
3, 8, 9, 7, 35, 0.25
3, 1, 2, 8, 16, 0.25
3, 1, 4, 8, 30, 0.25
3, 2, 3, 8, 27, 0.25
3, 2, 5, 8, 42, 0.25
3, 3, 6, 8, 31, 0.25
3, 4, 5, 8, 21, 0.25
3, 4, 7, 8, 15, 0.25
3, 5, 6, 8, 5, 0.25
3, 5, 8, 8, 17, 0.25
3, 6, 9, 8, 20, 0.25
3, 7, 8, 8, 30, 0.25
3, 8, 9, 8, 37, 0.25
3, 1, 2, 9, 25, 0.25
3, 1, 4, 9, 17, 0.25
3, 2, 3, 9, 18, 0.25
3, 2, 5, 9, 35, 0.25
3, 3, 6, 9, 43, 0.25
3, 4, 5, 9, 11, 0.25
3, 4, 7, 9, 14, 0.25
3, 5, 6, 9, 5, 0.25
3, 5, 8, 9, 23, 0.25
3, 6, 9, 9, 4, 0.25
3, 7, 8, 9, 8, 0.25
3, 8, 9, 9, 39, 0.25
3, 1, 2, 10, 25, 0.25
3, 1, 4, 10, 28, 0.25
3, 2, 3, 10, 25, 0.25
3, 2, 5, 10, 19, 0.25
3, 3, 6, 10, 16, 0.25
3, 4, 5, 10, 7, 0.25
3, 4, 7, 10, 14, 0.25
3, 5, 6, 10, 6, 0.25
3, 5, 8, 10, 18, 0.25
3, 6, 9, 10, 12, 0.25
3, 7, 8, 10, 39, 0.25
3, 8, 9, 10, 2, 0.25
3, 1, 2, 11, 37, 0.25
3, 1, 4, 11, 22, 0.25
3, 2, 3, 11, 11, 0.25
3, 2, 5, 11, 26, 0.25
3, 3, 6, 11, 15, 0.25
3, 4, 5, 11, 8, 0.25
3, 4, 7, 11, 14, 0.25
3, 5, 6, 11, 32, 0.25
3, 5, 8, 11, 31, 0.25
3, 6, 9, 11, 11, 0.25
3, 7, 8, 11, 25, 0.25
3, 8, 9, 11, 7, 0.25
3, 1, 2, 12, 42, 0.25
3, 1, 4, 12, 29, 0.25
3, 2, 3, 12, 42, 0.25
3, 2, 5, 12, 16, 0.25
3, 3, 6, 12, 6, 0.25
3, 4, 5, 12, 30, 0.25
3, 4, 7, 12, 27, 0.25
3, 5, 6, 12, 28, 0.25
3, 5, 8, 12, 8, 0.25
3, 6, 9, 12, 9, 0.25
3, 7, 8, 12, 31, 0.25
3, 8, 9, 12, 3, 0.25
3, 1, 2, 13, 11, 0.25
3, 1, 4, 13, 27, 0.25
3, 2, 3, 13, 4, 0.25
3, 2, 5, 13, 12, 0.25
3, 3, 6, 13, 1, 0.25
3, 4, 5, 13, 11, 0.25
3, 4, 7, 13, 28, 0.25
3, 5, 6, 13, 39, 0.25
3, 5, 8, 13, 8, 0.25
3, 6, 9, 13, 9, 0.25
3, 7, 8, 13, 2, 0.25
3, 8, 9, 13, 23, 0.25
3, 1, 2, 14, 33, 0.25
3, 1, 4, 14, 42, 0.25
3, 2, 3, 14, 5, 0.25
3, 2, 5, 14, 29, 0.25
3, 3, 6, 14, 39, 0.25
3, 4, 5, 14, 18, 0.25
3, 4, 7, 14, 3, 0.25
3, 5, 6, 14, 42, 0.25
3, 5, 8, 14, 9, 0.25
3, 6, 9, 14, 5, 0.25
3, 7, 8, 14, 21, 0.25
3, 8, 9, 14, 29, 0.25
3, 1, 2, 15, 35, 0.25
3, 1, 4, 15, 23, 0.25
3, 2, 3, 15, 11, 0.25
3, 2, 5, 15, 12, 0.25
3, 3, 6, 15, 25, 0.25
3, 4, 5, 15, 2, 0.25
3, 4, 7, 15, 27, 0.25
3, 5, 6, 15, 23, 0.25
3, 5, 8, 15, 8, 0.25
3, 6, 9, 15, 31, 0.25
3, 7, 8, 15, 35, 0.25
3, 8, 9, 15, 26, 0.25
3, 1, 2, 16, 3, 0.25
3, 1, 4, 16, 12, 0.25
3, 2, 3, 16, 41, 0.25
3, 2, 5, 16, 39, 0.25
3, 3, 6, 16, 23, 0.25
3, 4, 5, 16, 39, 0.25
3, 4, 7, 16, 30, 0.25
3, 5, 6, 16, 27, 0.25
3, 5, 8, 16, 8, 0.25
3, 6, 9, 16, 26, 0.25
3, 7, 8, 16, 11, 0.25
3, 8, 9, 16, 40, 0.25
3, 1, 2, 17, 21, 0.25
3, 1, 4, 17, 40, 0.25
3, 2, 3, 17, 4, 0.25
3, 2, 5, 17, 20, 0.25
3, 3, 6, 17, 35, 0.25
3, 4, 5, 17, 42, 0.25
3, 4, 7, 17, 7, 0.25
3, 5, 6, 17, 19, 0.25
3, 5, 8, 17, 25, 0.25
3, 6, 9, 17, 9, 0.25
3, 7, 8, 17, 7, 0.25
3, 8, 9, 17, 21, 0.25
3, 1, 2, 18, 19, 0.25
3, 1, 4, 18, 6, 0.25
3, 2, 3, 18, 41, 0.25
3, 2, 5, 18, 2, 0.25
3, 3, 6, 18, 19, 0.25
3, 4, 5, 18, 5, 0.25
3, 4, 7, 18, 30, 0.25
3, 5, 6, 18, 43, 0.25
3, 5, 8, 18, 43, 0.25
3, 6, 9, 18, 43, 0.25
3, 7, 8, 18, 5, 0.25
3, 8, 9, 18, 12, 0.25
3, 1, 2, 19, 22, 0.25
3, 1, 4, 19, 14, 0.25
3, 2, 3, 19, 13, 0.25
3, 2, 5, 19, 25, 0.25
3, 3, 6, 19, 6, 0.25
3, 4, 5, 19, 38, 0.25
3, 4, 7, 19, 2, 0.25
3, 5, 6, 19, 42, 0.25
3, 5, 8, 19, 22, 0.25
3, 6, 9, 19, 33, 0.25
3, 7, 8, 19, 4, 0.25
3, 8, 9, 19, 37, 0.25
3, 1, 2, 20, 10, 0.25
3, 1, 4, 20, 26, 0.25
3, 2, 3, 20, 37, 0.25
3, 2, 5, 20, 36, 0.25
3, 3, 6, 20, 11, 0.25
3, 4, 5, 20, 32, 0.25
3, 4, 7, 20, 17, 0.25
3, 5, 6, 20, 16, 0.25
3, 5, 8, 20, 30, 0.25
3, 6, 9, 20, 36, 0.25
3, 7, 8, 20, 44, 0.25
3, 8, 9, 20, 24, 0.25
3, 1, 2, 21, 35, 0.25
3, 1, 4, 21, 25, 0.25
3, 2, 3, 21, 10, 0.25
3, 2, 5, 21, 41, 0.25
3, 3, 6, 21, 5, 0.25
3, 4, 5, 21, 1, 0.25
3, 4, 7, 21, 12, 0.25
3, 5, 6, 21, 31, 0.25
3, 5, 8, 21, 42, 0.25
3, 6, 9, 21, 10, 0.25
3, 7, 8, 21, 23, 0.25
3, 8, 9, 21, 41, 0.25
3, 1, 2, 22, 24, 0.25
3, 1, 4, 22, 13, 0.25
3, 2, 3, 22, 25, 0.25
3, 2, 5, 22, 1, 0.25
3, 3, 6, 22, 42, 0.25
3, 4, 5, 22, 31, 0.25
3, 4, 7, 22, 27, 0.25
3, 5, 6, 22, 5, 0.25
3, 5, 8, 22, 19, 0.25
3, 6, 9, 22, 43, 0.25
3, 7, 8, 22, 27, 0.25
3, 8, 9, 22, 35, 0.25
3, 1, 2, 23, 42, 0.25
3, 1, 4, 23, 29, 0.25
3, 2, 3, 23, 26, 0.25
3, 2, 5, 23, 32, 0.25
3, 3, 6, 23, 6, 0.25
3, 4, 5, 23, 18, 0.25
3, 4, 7, 23, 19, 0.25
3, 5, 6, 23, 28, 0.25
3, 5, 8, 23, 9, 0.25
3, 6, 9, 23, 35, 0.25
3, 7, 8, 23, 6, 0.25
3, 8, 9, 23, 3, 0.25
3, 1, 2, 24, 42, 0.25
3, 1, 4, 24, 28, 0.25
3, 2, 3, 24, 40, 0.25
3, 2, 5, 24, 29, 0.25
3, 3, 6, 24, 14, 0.25
3, 4, 5, 24, 22, 0.25
3, 4, 7, 24, 26, 0.25
3, 5, 6, 24, 6, 0.25
3, 5, 8, 24, 7, 0.25
3, 6, 9, 24, 15, 0.25
3, 7, 8, 24, 2, 0.25
3, 8, 9, 24, 6, 0.25
3, 1, 2, 25, 9, 0.25
3, 1, 4, 25, 35, 0.25
3, 2, 3, 25, 1, 0.25
3, 2, 5, 25, 22, 0.25
3, 3, 6, 25, 32, 0.25
3, 4, 5, 25, 29, 0.25
3, 4, 7, 25, 42, 0.25
3, 5, 6, 25, 14, 0.25
3, 5, 8, 25, 38, 0.25
3, 6, 9, 25, 25, 0.25
3, 7, 8, 25, 29, 0.25
3, 8, 9, 25, 7, 0.25
3, 1, 2, 26, 10, 0.25
3, 1, 4, 26, 32, 0.25
3, 2, 3, 26, 22, 0.25
3, 2, 5, 26, 30, 0.25
3, 3, 6, 26, 27, 0.25
3, 4, 5, 26, 43, 0.25
3, 4, 7, 26, 38, 0.25
3, 5, 6, 26, 34, 0.25
3, 5, 8, 26, 3, 0.25
3, 6, 9, 26, 7, 0.25
3, 7, 8, 26, 15, 0.25
3, 8, 9, 26, 19, 0.25
3, 1, 2, 27, 34, 0.25
3, 1, 4, 27, 9, 0.25
3, 2, 3, 27, 9, 0.25
3, 2, 5, 27, 32, 0.25
3, 3, 6, 27, 2, 0.25
3, 4, 5, 27, 36, 0.25
3, 4, 7, 27, 15, 0.25
3, 5, 6, 27, 16, 0.25
3, 5, 8, 27, 13, 0.25
3, 6, 9, 27, 16, 0.25
3, 7, 8, 27, 42, 0.25
3, 8, 9, 27, 27, 0.25
3, 1, 2, 28, 28, 0.25
3, 1, 4, 28, 5, 0.25
3, 2, 3, 28, 1, 0.25
3, 2, 5, 28, 13, 0.25
3, 3, 6, 28, 30, 0.25
3, 4, 5, 28, 3, 0.25
3, 4, 7, 28, 29, 0.25
3, 5, 6, 28, 29, 0.25
3, 5, 8, 28, 32, 0.25
3, 6, 9, 28, 11, 0.25
3, 7, 8, 28, 26, 0.25
3, 8, 9, 28, 24, 0.25
3, 1, 2, 29, 35, 0.25
3, 1, 4, 29, 2, 0.25
3, 2, 3, 29, 8, 0.25
3, 2, 5, 29, 2, 0.25
3, 3, 6, 29, 24, 0.25
3, 4, 5, 29, 37, 0.25
3, 4, 7, 29, 30, 0.25
3, 5, 6, 29, 6, 0.25
3, 5, 8, 29, 11, 0.25
3, 6, 9, 29, 38, 0.25
3, 7, 8, 29, 9, 0.25
3, 8, 9, 29, 11, 0.25
3, 1, 2, 30, 11, 0.25
3, 1, 4, 30, 42, 0.25
3, 2, 3, 30, 29, 0.25
3, 2, 5, 30, 39, 0.25
3, 3, 6, 30, 2, 0.25
3, 4, 5, 30, 4, 0.25
3, 4, 7, 30, 35, 0.25
3, 5, 6, 30, 40, 0.25
3, 5, 8, 30, 8, 0.25
3, 6, 9, 30, 27, 0.25
3, 7, 8, 30, 17, 0.25
3, 8, 9, 30, 35, 0.25
3, 1, 2, 31, 27, 0.25
3, 1, 4, 31, 14, 0.25
3, 2, 3, 31, 32, 0.25
3, 2, 5, 31, 12, 0.25
3, 3, 6, 31, 33, 0.25
3, 4, 5, 31, 8, 0.25
3, 4, 7, 31, 18, 0.25
3, 5, 6, 31, 16, 0.25
3, 5, 8, 31, 8, 0.25
3, 6, 9, 31, 26, 0.25
3, 7, 8, 31, 18, 0.25
3, 8, 9, 31, 33, 0.25
3, 1, 2, 32, 21, 0.25
3, 1, 4, 32, 34, 0.25
3, 2, 3, 32, 41, 0.25
3, 2, 5, 32, 20, 0.25
3, 3, 6, 32, 14, 0.25
3, 4, 5, 32, 31, 0.25
3, 4, 7, 32, 42, 0.25
3, 5, 6, 32, 41, 0.25
3, 5, 8, 32, 40, 0.25
3, 6, 9, 32, 34, 0.25
3, 7, 8, 32, 38, 0.25
3, 8, 9, 32, 37, 0.25
3, 1, 2, 33, 2, 0.25
3, 1, 4, 33, 11, 0.25
3, 2, 3, 33, 41, 0.25
3, 2, 5, 33, 23, 0.25
3, 3, 6, 33, 39, 0.25
3, 4, 5, 33, 28, 0.25
3, 4, 7, 33, 18, 0.25
3, 5, 6, 33, 32, 0.25
3, 5, 8, 33, 28, 0.25
3, 6, 9, 33, 10, 0.25
3, 7, 8, 33, 26, 0.25
3, 8, 9, 33, 5, 0.25
3, 1, 2, 34, 31, 0.25
3, 1, 4, 34, 24, 0.25
3, 2, 3, 34, 33, 0.25
3, 2, 5, 34, 2, 0.25
3, 3, 6, 34, 13, 0.25
3, 4, 5, 34, 33, 0.25
3, 4, 7, 34, 10, 0.25
3, 5, 6, 34, 6, 0.25
3, 5, 8, 34, 28, 0.25
3, 6, 9, 34, 40, 0.25
3, 7, 8, 34, 4, 0.25
3, 8, 9, 34, 40, 0.25
3, 1, 2, 35, 31, 0.25
3, 1, 4, 35, 31, 0.25
3, 2, 3, 35, 19, 0.25
3, 2, 5, 35, 16, 0.25
3, 3, 6, 35, 6, 0.25
3, 4, 5, 35, 20, 0.25
3, 4, 7, 35, 39, 0.25
3, 5, 6, 35, 25, 0.25
3, 5, 8, 35, 7, 0.25
3, 6, 9, 35, 29, 0.25
3, 7, 8, 35, 6, 0.25
3, 8, 9, 35, 32, 0.25
3, 1, 2, 36, 30, 0.25
3, 1, 4, 36, 39, 0.25
3, 2, 3, 36, 8, 0.25
3, 2, 5, 36, 35, 0.25
3, 3, 6, 36, 13, 0.25
3, 4, 5, 36, 2, 0.25
3, 4, 7, 36, 25, 0.25
3, 5, 6, 36, 32, 0.25
3, 5, 8, 36, 32, 0.25
3, 6, 9, 36, 10, 0.25
3, 7, 8, 36, 30, 0.25
3, 8, 9, 36, 34, 0.25
3, 1, 2, 37, 41, 0.25
3, 1, 4, 37, 17, 0.25
3, 2, 3, 37, 19, 0.25
3, 2, 5, 37, 23, 0.25
3, 3, 6, 37, 29, 0.25
3, 4, 5, 37, 5, 0.25
3, 4, 7, 37, 6, 0.25
3, 5, 6, 37, 9, 0.25
3, 5, 8, 37, 19, 0.25
3, 6, 9, 37, 36, 0.25
3, 7, 8, 37, 1, 0.25
3, 8, 9, 37, 13, 0.25
3, 1, 2, 38, 42, 0.25
3, 1, 4, 38, 16, 0.25
3, 2, 3, 38, 18, 0.25
3, 2, 5, 38, 19, 0.25
3, 3, 6, 38, 4, 0.25
3, 4, 5, 38, 15, 0.25
3, 4, 7, 38, 40, 0.25
3, 5, 6, 38, 41, 0.25
3, 5, 8, 38, 6, 0.25
3, 6, 9, 38, 32, 0.25
3, 7, 8, 38, 11, 0.25
3, 8, 9, 38, 16, 0.25
3, 1, 2, 39, 41, 0.25
3, 1, 4, 39, 32, 0.25
3, 2, 3, 39, 19, 0.25
3, 2, 5, 39, 39, 0.25
3, 3, 6, 39, 1, 0.25
3, 4, 5, 39, 12, 0.25
3, 4, 7, 39, 4, 0.25
3, 5, 6, 39, 31, 0.25
3, 5, 8, 39, 37, 0.25
3, 6, 9, 39, 27, 0.25
3, 7, 8, 39, 44, 0.25
3, 8, 9, 39, 5, 0.25
3, 1, 2, 40, 37, 0.25
3, 1, 4, 40, 35, 0.25
3, 2, 3, 40, 4, 0.25
3, 2, 5, 40, 43, 0.25
3, 3, 6, 40, 15, 0.25
3, 4, 5, 40, 35, 0.25
3, 4, 7, 40, 10, 0.25
3, 5, 6, 40, 2, 0.25
3, 5, 8, 40, 21, 0.25
3, 6, 9, 40, 7, 0.25
3, 7, 8, 40, 5, 0.25
3, 8, 9, 40, 19, 0.25
3, 1, 2, 41, 27, 0.25
3, 1, 4, 41, 34, 0.25
3, 2, 3, 41, 29, 0.25
3, 2, 5, 41, 42, 0.25
3, 3, 6, 41, 32, 0.25
3, 4, 5, 41, 34, 0.25
3, 4, 7, 41, 20, 0.25
3, 5, 6, 41, 33, 0.25
3, 5, 8, 41, 5, 0.25
3, 6, 9, 41, 18, 0.25
3, 7, 8, 41, 38, 0.25
3, 8, 9, 41, 41, 0.25
3, 1, 2, 42, 5, 0.25
3, 1, 4, 42, 42, 0.25
3, 2, 3, 42, 13, 0.25
3, 2, 5, 42, 32, 0.25
3, 3, 6, 42, 17, 0.25
3, 4, 5, 42, 36, 0.25
3, 4, 7, 42, 41, 0.25
3, 5, 6, 42, 22, 0.25
3, 5, 8, 42, 28, 0.25
3, 6, 9, 42, 11, 0.25
3, 7, 8, 42, 16, 0.25
3, 8, 9, 42, 19, 0.25
3, 1, 2, 43, 17, 0.25
3, 1, 4, 43, 26, 0.25
3, 2, 3, 43, 36, 0.25
3, 2, 5, 43, 23, 0.25
3, 3, 6, 43, 43, 0.25
3, 4, 5, 43, 11, 0.25
3, 4, 7, 43, 34, 0.25
3, 5, 6, 43, 18, 0.25
3, 5, 8, 43, 10, 0.25
3, 6, 9, 43, 34, 0.25
3, 7, 8, 43, 21, 0.25
3, 8, 9, 43, 23, 0.25
3, 1, 2, 44, 35, 0.25
3, 1, 4, 44, 22, 0.25
3, 2, 3, 44, 44, 0.25
3, 2, 5, 44, 32, 0.25
3, 3, 6, 44, 6, 0.25
3, 4, 5, 44, 10, 0.25
3, 4, 7, 44, 13, 0.25
3, 5, 6, 44, 27, 0.25
3, 5, 8, 44, 1, 0.25
3, 6, 9, 44, 7, 0.25
3, 7, 8, 44, 25, 0.25
3, 8, 9, 44, 36, 0.25
3, 1, 2, 45, 3, 0.25
3, 1, 4, 45, 21, 0.25
3, 2, 3, 45, 22, 0.25
3, 2, 5, 45, 20, 0.25
3, 3, 6, 45, 33, 0.25
3, 4, 5, 45, 6, 0.25
3, 4, 7, 45, 27, 0.25
3, 5, 6, 45, 38, 0.25
3, 5, 8, 45, 34, 0.25
3, 6, 9, 45, 10, 0.25
3, 7, 8, 45, 39, 0.25
3, 8, 9, 45, 15, 0.25
3, 1, 2, 46, 17, 0.25
3, 1, 4, 46, 30, 0.25
3, 2, 3, 46, 42, 0.25
3, 2, 5, 46, 3, 0.25
3, 3, 6, 46, 35, 0.25
3, 4, 5, 46, 26, 0.25
3, 4, 7, 46, 13, 0.25
3, 5, 6, 46, 10, 0.25
3, 5, 8, 46, 4, 0.25
3, 6, 9, 46, 4, 0.25
3, 7, 8, 46, 21, 0.25
3, 8, 9, 46, 26, 0.25
3, 1, 2, 47, 28, 0.25
3, 1, 4, 47, 34, 0.25
3, 2, 3, 47, 27, 0.25
3, 2, 5, 47, 12, 0.25
3, 3, 6, 47, 28, 0.25
3, 4, 5, 47, 17, 0.25
3, 4, 7, 47, 35, 0.25
3, 5, 6, 47, 38, 0.25
3, 5, 8, 47, 12, 0.25
3, 6, 9, 47, 5, 0.25
3, 7, 8, 47, 3, 0.25
3, 8, 9, 47, 25, 0.25
3, 1, 2, 48, 31, 0.25
3, 1, 4, 48, 31, 0.25
3, 2, 3, 48, 18, 0.25
3, 2, 5, 48, 32, 0.25
3, 3, 6, 48, 7, 0.25
3, 4, 5, 48, 35, 0.25
3, 4, 7, 48, 8, 0.25
3, 5, 6, 48, 15, 0.25
3, 5, 8, 48, 36, 0.25
3, 6, 9, 48, 35, 0.25
3, 7, 8, 48, 17, 0.25
3, 8, 9, 48, 24, 0.25
3, 1, 4, 49, 26, 0.25
3, 2, 3, 49, 15, 0.25
3, 2, 5, 49, 10, 0.25
3, 3, 6, 49, 36, 0.25
3, 4, 5, 49, 9, 0.25
3, 4, 7, 49, 38, 0.25
3, 5, 6, 49, 14, 0.25
3, 5, 8, 49, 5, 0.25
3, 6, 9, 49, 39, 0.25
3, 7, 8, 49, 38, 0.25
3, 8, 9, 49, 13, 0.25
3, 1, 2, 50, 11, 0.25
3, 1, 4, 50, 11, 0.25
3, 2, 3, 50, 28, 0.25
3, 2, 5, 50, 32, 0.25
3, 3, 6, 50, 18, 0.25
3, 4, 5, 50, 23, 0.25
3, 4, 7, 50, 28, 0.25
3, 5, 6, 50, 39, 0.25
3, 5, 8, 50, 5, 0.25
3, 6, 9, 50, 9, 0.25
3, 8, 9, 50, 13, 0.25
3, 1, 2, 51, 11, 0.25
3, 1, 4, 51, 10, 0.25
3, 2, 5, 51, 10, 0.25
3, 4, 5, 51, 24, 0.25
3, 4, 7, 51, 16, 0.25
3, 5, 6, 51, 12, 0.25
3, 5, 8, 51, 23, 0.25
3, 7, 8, 51, 15, 0.25
3, 8, 9, 51, 4, 0.25
3, 1, 2, 52, 10, 0.25
3, 1, 4, 52, 35, 0.25
3, 2, 3, 52, 7, 0.25
3, 2, 5, 52, 14, 0.25
3, 4, 5, 52, 14, 0.25
3, 4, 7, 52, 20, 0.25
3, 5, 6, 52, 6, 0.25
3, 5, 8, 52, 26, 0.25
3, 6, 9, 52, 19, 0.25
3, 7, 8, 52, 13, 0.25
3, 8, 9, 52, 32, 0.25
3, 1, 2, 53, 29, 0.25
3, 1, 4, 53, 27, 0.25
3, 2, 3, 53, 22, 0.25
3, 2, 5, 53, 30, 0.25
3, 4, 5, 53, 36, 0.25
3, 4, 7, 53, 35, 0.25
3, 5, 6, 53, 26, 0.25
3, 5, 8, 53, 26, 0.25
3, 6, 9, 53, 19, 0.25
3, 7, 8, 53, 11, 0.25
3, 8, 9, 53, 8, 0.25
3, 1, 2, 54, 32, 0.25
3, 1, 4, 54, 8, 0.25
3, 2, 5, 54, 17, 0.25
3, 3, 6, 54, 3, 0.25
3, 4, 5, 54, 16, 0.25
3, 4, 7, 54, 32, 0.25
3, 5, 6, 54, 22, 0.25
3, 5, 8, 54, 6, 0.25
3, 6, 9, 54, 15, 0.25
3, 8, 9, 54, 33, 0.25
3, 1, 2, 55, 21, 0.25
3, 1, 4, 55, 34, 0.25
3, 2, 3, 55, 15, 0.25
3, 2, 5, 55, 3, 0.25
3, 3, 6, 55, 23, 0.25
3, 4, 5, 55, 8, 0.25
3, 4, 7, 55, 7, 0.25
3, 5, 6, 55, 23, 0.25
3, 6, 9, 55, 11, 0.25
3, 7, 8, 55, 20, 0.25
3, 8, 9, 55, 29, 0.25
3, 1, 2, 56, 24, 0.25
3, 1, 4, 56, 23, 0.25
3, 2, 3, 56, 9, 0.25
3, 2, 5, 56, 10, 0.25
3, 3, 6, 56, 18, 0.25
3, 4, 5, 56, 31, 0.25
3, 5, 6, 56, 11, 0.25
3, 5, 8, 56, 33, 0.25
3, 6, 9, 56, 29, 0.25
3, 1, 2, 57, 2, 0.25
3, 1, 4, 57, 20, 0.25
3, 2, 3, 57, 5, 0.25
3, 2, 5, 57, 5, 0.25
3, 3, 6, 57, 30, 0.25
3, 4, 5, 57, 18, 0.25
3, 4, 7, 57, 15, 0.25
3, 5, 6, 57, 2, 0.25
3, 5, 8, 57, 25, 0.25
3, 6, 9, 57, 10, 0.25
3, 7, 8, 57, 25, 0.25
3, 1, 2, 58, 13, 0.25
3, 1, 4, 58, 7, 0.25
3, 4, 7, 58, 23, 0.25
3, 7, 8, 58, 30, 0.25
3, 8, 9, 58, 10, 0.25
3, 1, 4, 59, 17, 0.25
3, 6, 9, 59, 7, 0.25
3, 7, 8, 59, 23, 0.25
3, 8, 9, 59, 13, 0.25
3, 1, 2, 60, 22, 0.25
3, 1, 4, 60, 27, 0.25
3, 3, 6, 60, 24, 0.25
3, 5, 6, 60, 12, 0.25
3, 6, 9, 60, 12, 0.25
3, 8, 9, 60, 25, 0.25
3, 1, 2, 61, 6, 0.25
3, 1, 4, 61, 28, 0.25
3, 2, 5, 61, 16, 0.25
3, 4, 7, 61, 17, 0.25
3, 5, 6, 61, 23, 0.25
3, 5, 8, 61, 11, 0.25
3, 6, 9, 61, 17, 0.25
3, 8, 9, 61, 19, 0.25
3, 1, 2, 62, 12, 0.25
3, 2, 3, 62, 23, 0.25
3, 4, 7, 62, 18, 0.25
3, 5, 6, 62, 3, 0.25
3, 5, 8, 62, 5, 0.25
3, 6, 9, 62, 12, 0.25
3, 8, 9, 62, 13, 0.25
3, 2, 5, 63, 9, 0.25
3, 5, 6, 63, 8, 0.25
3, 5, 8, 63, 9, 0.25
3, 6, 9, 63, 19, 0.25
3, 1, 4, 64, 24, 0.25
3, 2, 3, 64, 15, 0.25
3, 2, 5, 64, 12, 0.25
3, 3, 6, 64, 16, 0.25
3, 5, 8, 64, 11, 0.25
3, 2, 3, 65, 21, 0.25
3, 2, 5, 65, 6, 0.25
3, 3, 6, 65, 21, 0.25
3, 5, 6, 65, 22, 0.25
3, 5, 8, 65, 7, 0.25
3, 6, 9, 65, 10, 0.25
3, 8, 9, 65, 17, 0.25
3, 1, 4, 66, 10, 0.25
3, 4, 5, 66, 5, 0.25
3, 5, 6, 66, 11, 0.25
3, 1, 4, 67, 14, 0.25
3, 3, 6, 67, 4, 0.25
3, 4, 5, 67, 3, 0.25
3, 4, 7, 67, 21, 0.25
3, 5, 8, 67, 7, 0.25
3, 7, 8, 67, 11, 0.25
3, 8, 9, 67, 5, 0.25
3, 1, 2, 68, 1, 0.25
3, 2, 5, 68, 10, 0.25
3, 3, 6, 68, 3, 0.25
3, 5, 6, 68, 8, 0.25
3, 6, 9, 68, 8, 0.25
3, 7, 8, 68, 19, 0.25
3, 1, 4, 69, 20, 0.25
3, 2, 3, 69, 17, 0.25
3, 3, 6, 69, 5, 0.25
3, 5, 6, 69, 17, 0.25
3, 8, 9, 69, 17, 0.25
3, 1, 2, 70, 9, 0.25
3, 4, 5, 70, 17, 0.25
3, 4, 7, 70, 9, 0.25
3, 5, 8, 70, 4, 0.25
3, 1, 4, 71, 13, 0.25
3, 2, 3, 71, 3, 0.25
3, 2, 5, 71, 10, 0.25
3, 7, 8, 71, 8, 0.25
3, 2, 5, 72, 4, 0.25
3, 4, 7, 72, 16, 0.25
3, 5, 8, 72, 8, 0.25
3, 8, 9, 72, 12, 0.25
3, 1, 4, 73, 14, 0.25
3, 2, 5, 73, 12, 0.25
3, 3, 6, 73, 11, 0.25
3, 5, 6, 73, 5, 0.25
3, 1, 4, 74, 13, 0.25
3, 2, 3, 74, 9, 0.25
3, 3, 6, 74, 12, 0.25
3, 6, 9, 74, 12, 0.25
3, 5, 8, 75, 1, 0.25
3, 8, 9, 75, 13, 0.25
3, 2, 3, 76, 6, 0.25
3, 2, 5, 76, 5, 0.25
3, 4, 5, 76, 7, 0.25
3, 1, 4, 77, 4, 0.25
3, 3, 6, 77, 12, 0.25
3, 4, 7, 77, 10, 0.25
3, 2, 3, 78, 8, 0.25
3, 2, 5, 78, 9, 0.25
3, 3, 6, 78, 7, 0.25
3, 4, 7, 78, 7, 0.25
3, 6, 9, 78, 9, 0.25
3, 4, 5, 79, 9, 0.25
3, 4, 7, 79, 6, 0.25
3, 5, 6, 79, 10, 0.25
3, 5, 8, 79, 9, 0.25
3, 8, 9, 80, 9, 0.25
3, 1, 2, 81, 7, 0.25
3, 4, 7, 82, 2, 0.25
3, 6, 9, 82, 6, 0.25
3, 5, 8, 83, 4, 0.25
3, 2, 3, 84, 1, 0.25
3, 4, 5, 84, 5, 0.25
3, 4, 7, 85, 2, 0.25
3, 5, 6, 87, 1, 0.25
4, 1, 2, 0, 7, 0.25
4, 1, 4, 0, 5, 0.25
4, 2, 3, 0, 40, 0.25
4, 2, 5, 0, 36, 0.25
4, 3, 6, 0, 31, 0.25
4, 4, 5, 0, 1, 0.25
4, 4, 7, 0, 29, 0.25
4, 5, 6, 0, 4, 0.25
4, 5, 8, 0, 12, 0.25
4, 6, 9, 0, 10, 0.25
4, 7, 8, 0, 22, 0.25
4, 8, 9, 0, 1, 0.25
4, 1, 2, 1, 23, 0.25
4, 1, 4, 1, 29, 0.25
4, 2, 3, 1, 43, 0.25
4, 2, 5, 1, 18, 0.25
4, 3, 6, 1, 20, 0.25
4, 4, 5, 1, 29, 0.25
4, 4, 7, 1, 24, 0.25
4, 5, 6, 1, 15, 0.25
4, 5, 8, 1, 22, 0.25
4, 6, 9, 1, 19, 0.25
4, 7, 8, 1, 24, 0.25
4, 8, 9, 1, 16, 0.25
4, 1, 2, 2, 28, 0.25
4, 1, 4, 2, 15, 0.25
4, 2, 3, 2, 21, 0.25
4, 2, 5, 2, 16, 0.25
4, 3, 6, 2, 15, 0.25
4, 4, 5, 2, 16, 0.25
4, 4, 7, 2, 38, 0.25
4, 5, 6, 2, 30, 0.25
4, 5, 8, 2, 7, 0.25
4, 6, 9, 2, 37, 0.25
4, 7, 8, 2, 21, 0.25
4, 8, 9, 2, 36, 0.25
4, 1, 2, 3, 36, 0.25
4, 1, 4, 3, 14, 0.25
4, 2, 3, 3, 7, 0.25
4, 2, 5, 3, 40, 0.25
4, 3, 6, 3, 33, 0.25
4, 4, 5, 3, 27, 0.25
4, 4, 7, 3, 41, 0.25
4, 5, 6, 3, 4, 0.25
4, 5, 8, 3, 34, 0.25
4, 6, 9, 3, 16, 0.25
4, 7, 8, 3, 21, 0.25
4, 8, 9, 3, 30, 0.25
4, 1, 2, 4, 18, 0.25
4, 1, 4, 4, 11, 0.25
4, 2, 3, 4, 36, 0.25
4, 2, 5, 4, 16, 0.25
4, 3, 6, 4, 34, 0.25
4, 4, 5, 4, 37, 0.25
4, 4, 7, 4, 14, 0.25
4, 5, 6, 4, 17, 0.25
4, 5, 8, 4, 42, 0.25
4, 6, 9, 4, 14, 0.25
4, 7, 8, 4, 44, 0.25
4, 8, 9, 4, 19, 0.25
4, 1, 2, 5, 25, 0.25
4, 1, 4, 5, 9, 0.25
4, 2, 3, 5, 3, 0.25
4, 2, 5, 5, 25, 0.25
4, 3, 6, 5, 7, 0.25
4, 4, 5, 5, 38, 0.25
4, 4, 7, 5, 19, 0.25
4, 5, 6, 5, 27, 0.25
4, 5, 8, 5, 12, 0.25
4, 6, 9, 5, 24, 0.25
4, 7, 8, 5, 34, 0.25
4, 8, 9, 5, 10, 0.25
4, 1, 2, 6, 36, 0.25
4, 1, 4, 6, 7, 0.25
4, 2, 3, 6, 2, 0.25
4, 2, 5, 6, 44, 0.25
4, 3, 6, 6, 20, 0.25
4, 4, 5, 6, 41, 0.25
4, 4, 7, 6, 21, 0.25
4, 5, 6, 6, 27, 0.25
4, 5, 8, 6, 35, 0.25
4, 6, 9, 6, 16, 0.25
4, 7, 8, 6, 31, 0.25
4, 8, 9, 6, 11, 0.25
4, 1, 2, 7, 43, 0.25
4, 1, 4, 7, 17, 0.25
4, 2, 3, 7, 5, 0.25
4, 2, 5, 7, 38, 0.25
4, 3, 6, 7, 40, 0.25
4, 4, 5, 7, 19, 0.25
4, 4, 7, 7, 26, 0.25
4, 5, 6, 7, 4, 0.25
4, 5, 8, 7, 41, 0.25
4, 6, 9, 7, 19, 0.25
4, 7, 8, 7, 34, 0.25
4, 8, 9, 7, 12, 0.25
4, 1, 2, 8, 43, 0.25
4, 1, 4, 8, 31, 0.25
4, 2, 3, 8, 24, 0.25
4, 2, 5, 8, 18, 0.25
4, 3, 6, 8, 33, 0.25
4, 4, 5, 8, 40, 0.25
4, 4, 7, 8, 4, 0.25
4, 5, 6, 8, 28, 0.25
4, 5, 8, 8, 6, 0.25
4, 6, 9, 8, 30, 0.25
4, 7, 8, 8, 8, 0.25
4, 8, 9, 8, 42, 0.25
4, 1, 2, 9, 37, 0.25
4, 1, 4, 9, 42, 0.25
4, 2, 3, 9, 32, 0.25
4, 2, 5, 9, 22, 0.25
4, 3, 6, 9, 6, 0.25
4, 4, 5, 9, 33, 0.25
4, 4, 7, 9, 27, 0.25
4, 5, 6, 9, 5, 0.25
4, 5, 8, 9, 22, 0.25
4, 6, 9, 9, 30, 0.25
4, 7, 8, 9, 42, 0.25
4, 8, 9, 9, 36, 0.25
4, 1, 2, 10, 37, 0.25
4, 1, 4, 10, 21, 0.25
4, 2, 3, 10, 11, 0.25
4, 2, 5, 10, 26, 0.25
4, 3, 6, 10, 19, 0.25
4, 4, 5, 10, 32, 0.25
4, 4, 7, 10, 6, 0.25
4, 5, 6, 10, 35, 0.25
4, 5, 8, 10, 9, 0.25
4, 6, 9, 10, 36, 0.25
4, 7, 8, 10, 11, 0.25
4, 8, 9, 10, 17, 0.25
4, 1, 2, 11, 34, 0.25
4, 1, 4, 11, 4, 0.25
4, 2, 3, 11, 27, 0.25
4, 2, 5, 11, 35, 0.25
4, 3, 6, 11, 42, 0.25
4, 4, 5, 11, 8, 0.25
4, 4, 7, 11, 4, 0.25
4, 5, 6, 11, 39, 0.25
4, 5, 8, 11, 14, 0.25
4, 6, 9, 11, 13, 0.25
4, 7, 8, 11, 32, 0.25
4, 8, 9, 11, 24, 0.25
4, 1, 2, 12, 37, 0.25
4, 1, 4, 12, 35, 0.25
4, 2, 3, 12, 43, 0.25
4, 2, 5, 12, 28, 0.25
4, 3, 6, 12, 16, 0.25
4, 4, 5, 12, 26, 0.25
4, 4, 7, 12, 8, 0.25
4, 5, 6, 12, 23, 0.25
4, 5, 8, 12, 4, 0.25
4, 6, 9, 12, 34, 0.25
4, 7, 8, 12, 6, 0.25
4, 8, 9, 12, 30, 0.25
4, 1, 2, 13, 17, 0.25
4, 1, 4, 13, 42, 0.25
4, 2, 3, 13, 19, 0.25
4, 2, 5, 13, 43, 0.25
4, 3, 6, 13, 16, 0.25
4, 4, 5, 13, 30, 0.25
4, 4, 7, 13, 18, 0.25
4, 5, 6, 13, 2, 0.25
4, 5, 8, 13, 34, 0.25
4, 6, 9, 13, 44, 0.25
4, 7, 8, 13, 15, 0.25
4, 8, 9, 13, 33, 0.25
4, 1, 2, 14, 37, 0.25
4, 1, 4, 14, 31, 0.25
4, 2, 3, 14, 22, 0.25
4, 2, 5, 14, 41, 0.25
4, 3, 6, 14, 39, 0.25
4, 4, 5, 14, 10, 0.25
4, 4, 7, 14, 39, 0.25
4, 5, 6, 14, 42, 0.25
4, 5, 8, 14, 31, 0.25
4, 6, 9, 14, 34, 0.25
4, 7, 8, 14, 10, 0.25
4, 8, 9, 14, 33, 0.25
4, 1, 2, 15, 37, 0.25
4, 1, 4, 15, 13, 0.25
4, 2, 3, 15, 19, 0.25
4, 2, 5, 15, 34, 0.25
4, 3, 6, 15, 13, 0.25
4, 4, 5, 15, 30, 0.25
4, 4, 7, 15, 43, 0.25
4, 5, 6, 15, 4, 0.25
4, 5, 8, 15, 38, 0.25
4, 6, 9, 15, 10, 0.25
4, 7, 8, 15, 36, 0.25
4, 8, 9, 15, 24, 0.25
4, 1, 2, 16, 8, 0.25
4, 1, 4, 16, 5, 0.25
4, 2, 3, 16, 34, 0.25
4, 2, 5, 16, 19, 0.25
4, 3, 6, 16, 41, 0.25
4, 4, 5, 16, 2, 0.25
4, 4, 7, 16, 13, 0.25
4, 5, 6, 16, 36, 0.25
4, 5, 8, 16, 6, 0.25
4, 6, 9, 16, 22, 0.25
4, 7, 8, 16, 40, 0.25
4, 8, 9, 16, 24, 0.25
4, 1, 2, 17, 34, 0.25
4, 1, 4, 17, 40, 0.25
4, 2, 3, 17, 12, 0.25
4, 2, 5, 17, 22, 0.25
4, 3, 6, 17, 30, 0.25
4, 4, 5, 17, 15, 0.25
4, 4, 7, 17, 29, 0.25
4, 5, 6, 17, 10, 0.25
4, 5, 8, 17, 38, 0.25
4, 6, 9, 17, 21, 0.25
4, 7, 8, 17, 27, 0.25
4, 8, 9, 17, 35, 0.25
4, 1, 2, 18, 43, 0.25
4, 1, 4, 18, 13, 0.25
4, 2, 3, 18, 42, 0.25
4, 2, 5, 18, 44, 0.25
4, 3, 6, 18, 42, 0.25
4, 4, 5, 18, 6, 0.25
4, 4, 7, 18, 6, 0.25
4, 5, 6, 18, 4, 0.25
4, 5, 8, 18, 24, 0.25
4, 6, 9, 18, 3, 0.25
4, 7, 8, 18, 22, 0.25
4, 8, 9, 18, 38, 0.25
4, 1, 2, 19, 39, 0.25
4, 1, 4, 19, 38, 0.25
4, 2, 3, 19, 3, 0.25
4, 2, 5, 19, 33, 0.25
4, 3, 6, 19, 10, 0.25
4, 4, 5, 19, 38, 0.25
4, 4, 7, 19, 15, 0.25
4, 5, 6, 19, 17, 0.25
4, 5, 8, 19, 41, 0.25
4, 6, 9, 19, 13, 0.25
4, 7, 8, 19, 36, 0.25
4, 8, 9, 19, 39, 0.25
4, 1, 2, 20, 24, 0.25
4, 1, 4, 20, 35, 0.25
4, 2, 3, 20, 19, 0.25
4, 2, 5, 20, 40, 0.25
4, 3, 6, 20, 34, 0.25
4, 4, 5, 20, 25, 0.25
4, 4, 7, 20, 15, 0.25
4, 5, 6, 20, 5, 0.25
4, 5, 8, 20, 14, 0.25
4, 6, 9, 20, 20, 0.25
4, 7, 8, 20, 18, 0.25
4, 8, 9, 20, 39, 0.25
4, 1, 2, 21, 33, 0.25
4, 1, 4, 21, 39, 0.25
4, 2, 3, 21, 17, 0.25
4, 2, 5, 21, 35, 0.25
4, 3, 6, 21, 44, 0.25
4, 4, 5, 21, 32, 0.25
4, 4, 7, 21, 22, 0.25
4, 5, 6, 21, 34, 0.25
4, 5, 8, 21, 28, 0.25
4, 6, 9, 21, 10, 0.25
4, 7, 8, 21, 39, 0.25
4, 8, 9, 21, 3, 0.25
4, 1, 2, 22, 38, 0.25
4, 1, 4, 22, 13, 0.25
4, 2, 3, 22, 17, 0.25
4, 2, 5, 22, 33, 0.25
4, 3, 6, 22, 3, 0.25
4, 4, 5, 22, 42, 0.25
4, 4, 7, 22, 22, 0.25
4, 5, 6, 22, 15, 0.25
4, 5, 8, 22, 20, 0.25
4, 6, 9, 22, 17, 0.25
4, 7, 8, 22, 9, 0.25
4, 8, 9, 22, 33, 0.25
4, 1, 2, 23, 29, 0.25
4, 1, 4, 23, 9, 0.25
4, 2, 3, 23, 44, 0.25
4, 2, 5, 23, 35, 0.25
4, 3, 6, 23, 21, 0.25
4, 4, 5, 23, 38, 0.25
4, 4, 7, 23, 15, 0.25
4, 5, 6, 23, 26, 0.25
4, 5, 8, 23, 8, 0.25
4, 6, 9, 23, 7, 0.25
4, 7, 8, 23, 27, 0.25
4, 8, 9, 23, 22, 0.25
4, 1, 2, 24, 12, 0.25
4, 1, 4, 24, 44, 0.25
4, 2, 3, 24, 31, 0.25
4, 2, 5, 24, 35, 0.25
4, 3, 6, 24, 8, 0.25
4, 4, 5, 24, 32, 0.25
4, 4, 7, 24, 21, 0.25
4, 5, 6, 24, 34, 0.25
4, 5, 8, 24, 32, 0.25
4, 6, 9, 24, 7, 0.25
4, 7, 8, 24, 26, 0.25
4, 8, 9, 24, 8, 0.25
4, 1, 2, 25, 19, 0.25
4, 1, 4, 25, 24, 0.25
4, 2, 3, 25, 12, 0.25
4, 2, 5, 25, 22, 0.25
4, 3, 6, 25, 10, 0.25
4, 4, 5, 25, 12, 0.25
4, 4, 7, 25, 15, 0.25
4, 5, 6, 25, 15, 0.25
4, 5, 8, 25, 14, 0.25
4, 6, 9, 25, 24, 0.25
4, 7, 8, 25, 39, 0.25
4, 8, 9, 25, 42, 0.25
4, 1, 2, 26, 41, 0.25
4, 1, 4, 26, 27, 0.25
4, 2, 3, 26, 29, 0.25
4, 2, 5, 26, 6, 0.25
4, 3, 6, 26, 35, 0.25
4, 4, 5, 26, 19, 0.25
4, 4, 7, 26, 18, 0.25
4, 5, 6, 26, 5, 0.25
4, 5, 8, 26, 15, 0.25
4, 6, 9, 26, 12, 0.25
4, 7, 8, 26, 7, 0.25
4, 8, 9, 26, 18, 0.25
4, 1, 2, 27, 17, 0.25
4, 1, 4, 27, 36, 0.25
4, 2, 3, 27, 40, 0.25
4, 2, 5, 27, 27, 0.25
4, 3, 6, 27, 4, 0.25
4, 4, 5, 27, 42, 0.25
4, 4, 7, 27, 29, 0.25
4, 5, 6, 27, 41, 0.25
4, 5, 8, 27, 42, 0.25
4, 6, 9, 27, 40, 0.25
4, 7, 8, 27, 6, 0.25
4, 8, 9, 27, 28, 0.25
4, 1, 2, 28, 40, 0.25
4, 1, 4, 28, 30, 0.25
4, 2, 3, 28, 38, 0.25
4, 2, 5, 28, 23, 0.25
4, 3, 6, 28, 40, 0.25
4, 4, 5, 28, 13, 0.25
4, 4, 7, 28, 3, 0.25
4, 5, 6, 28, 9, 0.25
4, 5, 8, 28, 8, 0.25
4, 6, 9, 28, 38, 0.25
4, 7, 8, 28, 2, 0.25
4, 8, 9, 28, 13, 0.25
4, 1, 2, 29, 11, 0.25
4, 1, 4, 29, 39, 0.25
4, 2, 3, 29, 36, 0.25
4, 2, 5, 29, 26, 0.25
4, 3, 6, 29, 36, 0.25
4, 4, 5, 29, 25, 0.25
4, 4, 7, 29, 15, 0.25
4, 5, 6, 29, 9, 0.25
4, 5, 8, 29, 43, 0.25
4, 6, 9, 29, 37, 0.25
4, 7, 8, 29, 27, 0.25
4, 8, 9, 29, 20, 0.25
4, 1, 2, 30, 16, 0.25
4, 1, 4, 30, 8, 0.25
4, 2, 3, 30, 7, 0.25
4, 2, 5, 30, 23, 0.25
4, 3, 6, 30, 43, 0.25
4, 4, 5, 30, 22, 0.25
4, 4, 7, 30, 3, 0.25
4, 5, 6, 30, 2, 0.25
4, 5, 8, 30, 13, 0.25
4, 6, 9, 30, 34, 0.25
4, 7, 8, 30, 39, 0.25
4, 8, 9, 30, 25, 0.25
4, 1, 2, 31, 33, 0.25
4, 1, 4, 31, 8, 0.25
4, 2, 3, 31, 34, 0.25
4, 2, 5, 31, 23, 0.25
4, 3, 6, 31, 44, 0.25
4, 4, 5, 31, 24, 0.25
4, 4, 7, 31, 40, 0.25
4, 5, 6, 31, 19, 0.25
4, 5, 8, 31, 14, 0.25
4, 6, 9, 31, 5, 0.25
4, 7, 8, 31, 19, 0.25
4, 8, 9, 31, 38, 0.25
4, 1, 2, 32, 39, 0.25
4, 1, 4, 32, 37, 0.25
4, 2, 3, 32, 44, 0.25
4, 2, 5, 32, 41, 0.25
4, 3, 6, 32, 5, 0.25
4, 4, 5, 32, 16, 0.25
4, 4, 7, 32, 2, 0.25
4, 5, 6, 32, 19, 0.25
4, 5, 8, 32, 19, 0.25
4, 6, 9, 32, 9, 0.25
4, 7, 8, 32, 12, 0.25
4, 8, 9, 32, 36, 0.25
4, 1, 2, 33, 9, 0.25
4, 1, 4, 33, 37, 0.25
4, 2, 3, 33, 25, 0.25
4, 2, 5, 33, 43, 0.25
4, 3, 6, 33, 19, 0.25
4, 4, 5, 33, 40, 0.25
4, 4, 7, 33, 2, 0.25
4, 5, 6, 33, 25, 0.25
4, 5, 8, 33, 7, 0.25
4, 6, 9, 33, 3, 0.25
4, 7, 8, 33, 1, 0.25
4, 8, 9, 33, 16, 0.25
4, 1, 2, 34, 20, 0.25
4, 1, 4, 34, 43, 0.25
4, 2, 3, 34, 3, 0.25
4, 2, 5, 34, 39, 0.25
4, 3, 6, 34, 17, 0.25
4, 4, 5, 34, 4, 0.25
4, 4, 7, 34, 39, 0.25
4, 5, 6, 34, 5, 0.25
4, 5, 8, 34, 36, 0.25
4, 6, 9, 34, 12, 0.25
4, 7, 8, 34, 32, 0.25
4, 8, 9, 34, 17, 0.25
4, 1, 2, 35, 7, 0.25
4, 1, 4, 35, 7, 0.25
4, 2, 3, 35, 23, 0.25
4, 2, 5, 35, 27, 0.25
4, 3, 6, 35, 15, 0.25
4, 4, 5, 35, 8, 0.25
4, 4, 7, 35, 34, 0.25
4, 5, 6, 35, 44, 0.25
4, 5, 8, 35, 38, 0.25
4, 6, 9, 35, 11, 0.25
4, 7, 8, 35, 41, 0.25
4, 8, 9, 35, 24, 0.25
4, 1, 2, 36, 34, 0.25
4, 1, 4, 36, 15, 0.25
4, 2, 3, 36, 17, 0.25
4, 2, 5, 36, 1, 0.25
4, 3, 6, 36, 25, 0.25
4, 4, 5, 36, 14, 0.25
4, 4, 7, 36, 22, 0.25
4, 5, 6, 36, 28, 0.25
4, 5, 8, 36, 26, 0.25
4, 6, 9, 36, 1, 0.25
4, 7, 8, 36, 13, 0.25
4, 8, 9, 36, 34, 0.25
4, 1, 2, 37, 33, 0.25
4, 1, 4, 37, 42, 0.25
4, 2, 3, 37, 35, 0.25
4, 2, 5, 37, 15, 0.25
4, 3, 6, 37, 38, 0.25
4, 4, 5, 37, 12, 0.25
4, 4, 7, 37, 25, 0.25
4, 5, 6, 37, 21, 0.25
4, 5, 8, 37, 20, 0.25
4, 6, 9, 37, 4, 0.25
4, 7, 8, 37, 13, 0.25
4, 8, 9, 37, 30, 0.25
4, 1, 2, 38, 10, 0.25
4, 1, 4, 38, 36, 0.25
4, 2, 3, 38, 22, 0.25
4, 2, 5, 38, 27, 0.25
4, 3, 6, 38, 3, 0.25
4, 4, 5, 38, 40, 0.25
4, 4, 7, 38, 37, 0.25
4, 5, 6, 38, 1, 0.25
4, 5, 8, 38, 8, 0.25
4, 6, 9, 38, 40, 0.25
4, 7, 8, 38, 10, 0.25
4, 8, 9, 38, 3, 0.25
4, 1, 2, 39, 40, 0.25
4, 1, 4, 39, 12, 0.25
4, 2, 3, 39, 43, 0.25
4, 2, 5, 39, 3, 0.25
4, 3, 6, 39, 40, 0.25
4, 4, 5, 39, 26, 0.25
4, 4, 7, 39, 36, 0.25
4, 5, 6, 39, 5, 0.25
4, 5, 8, 39, 23, 0.25
4, 6, 9, 39, 34, 0.25
4, 7, 8, 39, 33, 0.25
4, 8, 9, 39, 25, 0.25
4, 1, 2, 40, 3, 0.25
4, 1, 4, 40, 34, 0.25
4, 2, 3, 40, 8, 0.25
4, 2, 5, 40, 34, 0.25
4, 3, 6, 40, 20, 0.25
4, 4, 5, 40, 19, 0.25
4, 4, 7, 40, 23, 0.25
4, 5, 6, 40, 9, 0.25
4, 5, 8, 40, 32, 0.25
4, 6, 9, 40, 25, 0.25
4, 7, 8, 40, 20, 0.25
4, 8, 9, 40, 17, 0.25
4, 1, 2, 41, 22, 0.25
4, 1, 4, 41, 7, 0.25
4, 2, 3, 41, 26, 0.25
4, 2, 5, 41, 34, 0.25
4, 3, 6, 41, 26, 0.25
4, 4, 5, 41, 22, 0.25
4, 4, 7, 41, 17, 0.25
4, 5, 6, 41, 42, 0.25
4, 5, 8, 41, 19, 0.25
4, 6, 9, 41, 3, 0.25
4, 7, 8, 41, 6, 0.25
4, 8, 9, 41, 38, 0.25
4, 1, 2, 42, 21, 0.25
4, 1, 4, 42, 40, 0.25
4, 2, 3, 42, 3, 0.25
4, 2, 5, 42, 7, 0.25
4, 3, 6, 42, 16, 0.25
4, 4, 5, 42, 26, 0.25
4, 4, 7, 42, 35, 0.25
4, 5, 6, 42, 38, 0.25
4, 5, 8, 42, 16, 0.25
4, 6, 9, 42, 37, 0.25
4, 7, 8, 42, 25, 0.25
4, 8, 9, 42, 33, 0.25
4, 1, 2, 43, 32, 0.25
4, 1, 4, 43, 10, 0.25
4, 2, 3, 43, 31, 0.25
4, 2, 5, 43, 12, 0.25
4, 3, 6, 43, 40, 0.25
4, 4, 5, 43, 16, 0.25
4, 4, 7, 43, 17, 0.25
4, 5, 6, 43, 25, 0.25
4, 5, 8, 43, 29, 0.25
4, 6, 9, 43, 33, 0.25
4, 7, 8, 43, 15, 0.25
4, 8, 9, 43, 18, 0.25
4, 1, 2, 44, 3, 0.25
4, 1, 4, 44, 33, 0.25
4, 2, 3, 44, 8, 0.25
4, 2, 5, 44, 39, 0.25
4, 3, 6, 44, 2, 0.25
4, 4, 5, 44, 38, 0.25
4, 4, 7, 44, 39, 0.25
4, 5, 6, 44, 17, 0.25
4, 5, 8, 44, 12, 0.25
4, 6, 9, 44, 2, 0.25
4, 7, 8, 44, 7, 0.25
4, 8, 9, 44, 8, 0.25
4, 1, 2, 45, 27, 0.25
4, 1, 4, 45, 28, 0.25
4, 2, 3, 45, 16, 0.25
4, 2, 5, 45, 17, 0.25
4, 3, 6, 45, 24, 0.25
4, 4, 5, 45, 29, 0.25
4, 4, 7, 45, 19, 0.25
4, 5, 6, 45, 16, 0.25
4, 5, 8, 45, 28, 0.25
4, 6, 9, 45, 42, 0.25
4, 7, 8, 45, 15, 0.25
4, 8, 9, 45, 31, 0.25
4, 1, 2, 46, 35, 0.25
4, 1, 4, 46, 28, 0.25
4, 2, 3, 46, 4, 0.25
4, 2, 5, 46, 25, 0.25
4, 3, 6, 46, 23, 0.25
4, 4, 5, 46, 30, 0.25
4, 4, 7, 46, 30, 0.25
4, 5, 6, 46, 16, 0.25
4, 5, 8, 46, 30, 0.25
4, 6, 9, 46, 35, 0.25
4, 7, 8, 46, 17, 0.25
4, 8, 9, 46, 16, 0.25
4, 1, 2, 47, 34, 0.25
4, 1, 4, 47, 22, 0.25
4, 2, 3, 47, 14, 0.25
4, 2, 5, 47, 34, 0.25
4, 3, 6, 47, 19, 0.25
4, 4, 5, 47, 11, 0.25
4, 4, 7, 47, 31, 0.25
4, 5, 6, 47, 16, 0.25
4, 5, 8, 47, 14, 0.25
4, 8, 9, 47, 7, 0.25
4, 1, 2, 48, 33, 0.25
4, 2, 3, 48, 41, 0.25
4, 2, 5, 48, 11, 0.25
4, 3, 6, 48, 24, 0.25
4, 4, 5, 48, 17, 0.25
4, 4, 7, 48, 24, 0.25
4, 5, 6, 48, 19, 0.25
4, 5, 8, 48, 19, 0.25
4, 6, 9, 48, 41, 0.25
4, 7, 8, 48, 41, 0.25
4, 8, 9, 48, 41, 0.25
4, 1, 2, 49, 1, 0.25
4, 1, 4, 49, 25, 0.25
4, 2, 3, 49, 5, 0.25
4, 2, 5, 49, 3, 0.25
4, 3, 6, 49, 36, 0.25
4, 4, 5, 49, 23, 0.25
4, 4, 7, 49, 32, 0.25
4, 5, 6, 49, 20, 0.25
4, 5, 8, 49, 21, 0.25
4, 6, 9, 49, 34, 0.25
4, 7, 8, 49, 5, 0.25
4, 8, 9, 49, 38, 0.25
4, 1, 2, 50, 24, 0.25
4, 1, 4, 50, 9, 0.25
4, 2, 5, 50, 18, 0.25
4, 3, 6, 50, 33, 0.25
4, 4, 5, 50, 37, 0.25
4, 4, 7, 50, 21, 0.25
4, 5, 6, 50, 11, 0.25
4, 5, 8, 50, 17, 0.25
4, 6, 9, 50, 33, 0.25
4, 7, 8, 50, 27, 0.25
4, 8, 9, 50, 10, 0.25
4, 1, 2, 51, 29, 0.25
4, 1, 4, 51, 1, 0.25
4, 2, 3, 51, 27, 0.25
4, 2, 5, 51, 12, 0.25
4, 3, 6, 51, 2, 0.25
4, 4, 5, 51, 18, 0.25
4, 4, 7, 51, 33, 0.25
4, 5, 6, 51, 4, 0.25
4, 5, 8, 51, 17, 0.25
4, 6, 9, 51, 7, 0.25
4, 7, 8, 51, 21, 0.25
4, 1, 2, 52, 10, 0.25
4, 1, 4, 52, 21, 0.25
4, 3, 6, 52, 7, 0.25
4, 4, 5, 52, 21, 0.25
4, 4, 7, 52, 8, 0.25
4, 5, 6, 52, 15, 0.25
4, 5, 8, 52, 32, 0.25
4, 7, 8, 52, 10, 0.25
4, 8, 9, 52, 16, 0.25
4, 1, 2, 53, 21, 0.25
4, 1, 4, 53, 36, 0.25
4, 2, 3, 53, 11, 0.25
4, 2, 5, 53, 32, 0.25
4, 3, 6, 53, 18, 0.25
4, 4, 5, 53, 2, 0.25
4, 4, 7, 53, 9, 0.25
4, 5, 8, 53, 18, 0.25
4, 6, 9, 53, 34, 0.25
4, 7, 8, 53, 18, 0.25
4, 8, 9, 53, 34, 0.25
4, 1, 2, 54, 31, 0.25
4, 2, 3, 54, 15, 0.25
4, 2, 5, 54, 34, 0.25
4, 3, 6, 54, 28, 0.25
4, 4, 5, 54, 15, 0.25
4, 4, 7, 54, 19, 0.25
4, 5, 6, 54, 8, 0.25
4, 5, 8, 54, 32, 0.25
4, 6, 9, 54, 12, 0.25
4, 8, 9, 54, 26, 0.25
4, 1, 2, 55, 10, 0.25
4, 1, 4, 55, 19, 0.25
4, 4, 5, 55, 22, 0.25
4, 4, 7, 55, 17, 0.25
4, 5, 6, 55, 23, 0.25
4, 5, 8, 55, 17, 0.25
4, 7, 8, 55, 21, 0.25
4, 1, 2, 56, 26, 0.25
4, 1, 4, 56, 33, 0.25
4, 2, 5, 56, 3, 0.25
4, 4, 5, 56, 21, 0.25
4, 4, 7, 56, 27, 0.25
4, 5, 6, 56, 21, 0.25
4, 5, 8, 56, 4, 0.25
4, 6, 9, 56, 16, 0.25
4, 7, 8, 56, 18, 0.25
4, 8, 9, 56, 23, 0.25
4, 1, 2, 57, 32, 0.25
4, 1, 4, 57, 17, 0.25
4, 2, 5, 57, 4, 0.25
4, 3, 6, 57, 11, 0.25
4, 5, 6, 57, 7, 0.25
4, 6, 9, 57, 3, 0.25
4, 7, 8, 57, 29, 0.25
4, 8, 9, 57, 16, 0.25
4, 1, 2, 58, 5, 0.25
4, 1, 4, 58, 23, 0.25
4, 2, 5, 58, 26, 0.25
4, 3, 6, 58, 25, 0.25
4, 4, 7, 58, 21, 0.25
4, 5, 6, 58, 15, 0.25
4, 5, 8, 58, 21, 0.25
4, 6, 9, 58, 7, 0.25
4, 8, 9, 58, 9, 0.25
4, 1, 2, 59, 9, 0.25
4, 1, 4, 59, 11, 0.25
4, 2, 3, 59, 20, 0.25
4, 3, 6, 59, 11, 0.25
4, 4, 5, 59, 13, 0.25
4, 4, 7, 59, 14, 0.25
4, 5, 8, 59, 8, 0.25
4, 6, 9, 59, 5, 0.25
4, 7, 8, 59, 17, 0.25
4, 8, 9, 59, 11, 0.25
4, 1, 2, 60, 23, 0.25
4, 1, 4, 60, 29, 0.25
4, 2, 3, 60, 18, 0.25
4, 2, 5, 60, 10, 0.25
4, 3, 6, 60, 10, 0.25
4, 5, 6, 60, 4, 0.25
4, 6, 9, 60, 17, 0.25
4, 8, 9, 60, 28, 0.25
4, 2, 5, 61, 2, 0.25
4, 5, 8, 61, 1, 0.25
4, 7, 8, 61, 9, 0.25
4, 1, 2, 62, 20, 0.25
4, 1, 4, 62, 20, 0.25
4, 2, 5, 62, 1, 0.25
4, 4, 7, 62, 24, 0.25
4, 5, 6, 62, 11, 0.25
4, 5, 8, 62, 18, 0.25
4, 6, 9, 62, 8, 0.25
4, 1, 2, 63, 9, 0.25
4, 2, 3, 63, 19, 0.25
4, 2, 5, 63, 1, 0.25
4, 3, 6, 63, 11, 0.25
4, 4, 5, 63, 22, 0.25
4, 5, 8, 63, 10, 0.25
4, 1, 2, 64, 24, 0.25
4, 1, 4, 64, 2, 0.25
4, 2, 3, 64, 5, 0.25
4, 2, 5, 64, 5, 0.25
4, 3, 6, 64, 16, 0.25
4, 4, 5, 64, 12, 0.25
4, 4, 7, 64, 9, 0.25
4, 6, 9, 64, 2, 0.25
4, 7, 8, 64, 23, 0.25
4, 1, 2, 65, 15, 0.25
4, 2, 5, 65, 24, 0.25
4, 3, 6, 65, 8, 0.25
4, 4, 7, 65, 7, 0.25
4, 5, 8, 65, 5, 0.25
4, 1, 2, 66, 19, 0.25
4, 1, 4, 66, 15, 0.25
4, 2, 3, 66, 6, 0.25
4, 2, 5, 66, 13, 0.25
4, 4, 7, 66, 18, 0.25
4, 5, 8, 66, 15, 0.25
4, 6, 9, 66, 19, 0.25
4, 7, 8, 66, 16, 0.25
4, 1, 2, 67, 18, 0.25
4, 1, 4, 67, 22, 0.25
4, 2, 3, 67, 10, 0.25
4, 2, 5, 67, 1, 0.25
4, 4, 5, 67, 8, 0.25
4, 5, 8, 67, 10, 0.25
4, 6, 9, 67, 20, 0.25
4, 8, 9, 67, 12, 0.25
4, 1, 4, 68, 15, 0.25
4, 2, 5, 68, 10, 0.25
4, 3, 6, 68, 4, 0.25
4, 4, 5, 68, 13, 0.25
4, 5, 6, 68, 16, 0.25
4, 6, 9, 68, 3, 0.25
4, 7, 8, 68, 13, 0.25
4, 8, 9, 68, 16, 0.25
4, 1, 2, 69, 5, 0.25
4, 1, 4, 69, 15, 0.25
4, 2, 3, 69, 19, 0.25
4, 2, 5, 69, 19, 0.25
4, 3, 6, 69, 6, 0.25
4, 6, 9, 69, 3, 0.25
4, 7, 8, 69, 4, 0.25
4, 3, 6, 70, 12, 0.25
4, 5, 6, 70, 10, 0.25
4, 6, 9, 70, 13, 0.25
4, 7, 8, 70, 10, 0.25
4, 8, 9, 70, 9, 0.25
4, 1, 4, 71, 4, 0.25
4, 2, 3, 71, 14, 0.25
4, 2, 5, 71, 18, 0.25
4, 4, 7, 71, 11, 0.25
4, 5, 6, 71, 14, 0.25
4, 5, 8, 71, 16, 0.25
4, 1, 2, 72, 16, 0.25
4, 4, 7, 72, 15, 0.25
4, 5, 8, 72, 13, 0.25
4, 4, 7, 73, 3, 0.25
4, 6, 9, 73, 6, 0.25
4, 7, 8, 73, 5, 0.25
4, 8, 9, 73, 8, 0.25
4, 5, 8, 74, 5, 0.25
4, 1, 2, 75, 11, 0.25
4, 3, 6, 75, 4, 0.25
4, 4, 7, 75, 2, 0.25
4, 5, 6, 75, 4, 0.25
4, 7, 8, 75, 10, 0.25
4, 1, 4, 76, 8, 0.25
4, 1, 2, 77, 1, 0.25
4, 3, 6, 77, 1, 0.25
4, 4, 7, 77, 6, 0.25
4, 1, 2, 78, 6, 0.25
4, 1, 4, 78, 6, 0.25
4, 2, 5, 78, 9, 0.25
4, 3, 6, 79, 9, 0.25
4, 4, 5, 79, 4, 0.25
4, 6, 9, 79, 3, 0.25
4, 8, 9, 79, 7, 0.25
4, 7, 8, 80, 5, 0.25
4, 8, 9, 80, 3, 0.25
4, 1, 2, 82, 7, 0.25
4, 2, 3, 82, 6, 0.25
4, 5, 8, 82, 4, 0.25
4, 2, 3, 83, 5, 0.25
4, 5, 6, 83, 6, 0.25
4, 1, 2, 84, 3, 0.25
4, 2, 5, 84, 2, 0.25
4, 3, 6, 84, 3, 0.25
4, 1, 4, 85, 4, 0.25
4, 8, 9, 85, 3, 0.25
