k, i, j, t, w, pr
1, 1, 2, 0, 8, 0.25
1, 1, 4, 0, 24, 0.25
1, 2, 3, 0, 37, 0.25
1, 2, 5, 0, 9, 0.25
1, 3, 6, 0, 13, 0.25
1, 4, 5, 0, 33, 0.25
1, 4, 7, 0, 38, 0.25
1, 5, 6, 0, 20, 0.25
1, 5, 8, 0, 10, 0.25
1, 6, 9, 0, 37, 0.25
1, 7, 8, 0, 14, 0.25
1, 8, 9, 0, 21, 0.25
1, 1, 2, 1, 8, 0.25
1, 1, 4, 1, 16, 0.25
1, 2, 3, 1, 26, 0.25
1, 2, 5, 1, 31, 0.25
1, 3, 6, 1, 33, 0.25
1, 4, 5, 1, 18, 0.25
1, 4, 7, 1, 3, 0.25
1, 5, 6, 1, 22, 0.25
1, 5, 8, 1, 2, 0.25
1, 6, 9, 1, 3, 0.25
1, 7, 8, 1, 31, 0.25
1, 8, 9, 1, 39, 0.25
1, 1, 2, 2, 14, 0.25
1, 1, 4, 2, 27, 0.25
1, 2, 3, 2, 31, 0.25
1, 2, 5, 2, 31, 0.25
1, 3, 6, 2, 30, 0.25
1, 4, 5, 2, 3, 0.25
1, 4, 7, 2, 17, 0.25
1, 5, 6, 2, 11, 0.25
1, 5, 8, 2, 4, 0.25
1, 6, 9, 2, 15, 0.25
1, 7, 8, 2, 6, 0.25
1, 8, 9, 2, 7, 0.25
1, 1, 2, 3, 41, 0.25
1, 1, 4, 3, 32, 0.25
1, 2, 3, 3, 2, 0.25
1, 2, 5, 3, 23, 0.25
1, 3, 6, 3, 10, 0.25
1, 4, 5, 3, 40, 0.25
1, 4, 7, 3, 23, 0.25
1, 5, 6, 3, 15, 0.25
1, 5, 8, 3, 11, 0.25
1, 6, 9, 3, 33, 0.25
1, 7, 8, 3, 42, 0.25
1, 8, 9, 3, 3, 0.25
1, 1, 2, 4, 13, 0.25
1, 1, 4, 4, 43, 0.25
1, 2, 3, 4, 15, 0.25
1, 2, 5, 4, 40, 0.25
1, 3, 6, 4, 1, 0.25
1, 4, 5, 4, 38, 0.25
1, 4, 7, 4, 32, 0.25
1, 5, 6, 4, 34, 0.25
1, 5, 8, 4, 41, 0.25
1, 6, 9, 4, 21, 0.25
1, 7, 8, 4, 27, 0.25
1, 8, 9, 4, 27, 0.25
1, 1, 2, 5, 21, 0.25
1, 1, 4, 5, 20, 0.25
1, 2, 3, 5, 36, 0.25
1, 2, 5, 5, 12, 0.25
1, 3, 6, 5, 34, 0.25
1, 4, 5, 5, 23, 0.25
1, 4, 7, 5, 9, 0.25
1, 5, 6, 5, 34, 0.25
1, 5, 8, 5, 19, 0.25
1, 6, 9, 5, 43, 0.25
1, 7, 8, 5, 33, 0.25
1, 8, 9, 5, 32, 0.25
1, 1, 2, 6, 37, 0.25
1, 1, 4, 6, 4, 0.25
1, 2, 3, 6, 36, 0.25
1, 2, 5, 6, 17, 0.25
1, 3, 6, 6, 39, 0.25
1, 4, 5, 6, 5, 0.25
1, 4, 7, 6, 37, 0.25
1, 5, 6, 6, 14, 0.25
1, 5, 8, 6, 8, 0.25
1, 6, 9, 6, 21, 0.25
1, 7, 8, 6, 15, 0.25
1, 8, 9, 6, 41, 0.25
1, 1, 2, 7, 3, 0.25
1, 1, 4, 7, 4, 0.25
1, 2, 3, 7, 34, 0.25
1, 2, 5, 7, 40, 0.25
1, 3, 6, 7, 33, 0.25
1, 4, 5, 7, 12, 0.25
1, 4, 7, 7, 41, 0.25
1, 5, 6, 7, 30, 0.25
1, 5, 8, 7, 43, 0.25
1, 6, 9, 7, 37, 0.25
1, 7, 8, 7, 19, 0.25
1, 8, 9, 7, 23, 0.25
1, 1, 2, 8, 31, 0.25
1, 1, 4, 8, 37, 0.25
1, 2, 3, 8, 17, 0.25
1, 2, 5, 8, 6, 0.25
1, 3, 6, 8, 12, 0.25
1, 4, 5, 8, 3, 0.25
1, 4, 7, 8, 41, 0.25
1, 5, 6, 8, 39, 0.25
1, 5, 8, 8, 33, 0.25
1, 6, 9, 8, 40, 0.25
1, 7, 8, 8, 13, 0.25
1, 8, 9, 8, 27, 0.25
1, 1, 2, 9, 44, 0.25
1, 1, 4, 9, 35, 0.25
1, 2, 3, 9, 21, 0.25
1, 2, 5, 9, 25, 0.25
1, 3, 6, 9, 34, 0.25
1, 4, 5, 9, 11, 0.25
1, 4, 7, 9, 34, 0.25
1, 5, 6, 9, 24, 0.25
1, 5, 8, 9, 23, 0.25
1, 6, 9, 9, 8, 0.25
1, 7, 8, 9, 34, 0.25
1, 8, 9, 9, 27, 0.25
1, 1, 2, 10, 28, 0.25
1, 1, 4, 10, 2, 0.25
1, 2, 3, 10, 36, 0.25
1, 2, 5, 10, 2, 0.25
1, 3, 6, 10, 31, 0.25
1, 4, 5, 10, 22, 0.25
1, 4, 7, 10, 35, 0.25
1, 5, 6, 10, 6, 0.25
1, 5, 8, 10, 44, 0.25
1, 6, 9, 10, 43, 0.25
1, 7, 8, 10, 43, 0.25
1, 8, 9, 10, 17, 0.25
1, 1, 2, 11, 27, 0.25
1, 1, 4, 11, 35, 0.25
1, 2, 3, 11, 25, 0.25
1, 2, 5, 11, 29, 0.25
1, 3, 6, 11, 18, 0.25
1, 4, 5, 11, 26, 0.25
1, 4, 7, 11, 32, 0.25
1, 5, 6, 11, 33, 0.25
1, 5, 8, 11, 35, 0.25
1, 6, 9, 11, 28, 0.25
1, 7, 8, 11, 38, 0.25
1, 8, 9, 11, 37, 0.25
1, 1, 2, 12, 6, 0.25
1, 1, 4, 12, 32, 0.25
1, 2, 3, 12, 15, 0.25
1, 2, 5, 12, 11, 0.25
1, 3, 6, 12, 44, 0.25
1, 4, 5, 12, 8, 0.25
1, 4, 7, 12, 29, 0.25
1, 5, 6, 12, 24, 0.25
1, 5, 8, 12, 9, 0.25
1, 6, 9, 12, 2, 0.25
1, 7, 8, 12, 15, 0.25
1, 8, 9, 12, 40, 0.25
1, 1, 2, 13, 25, 0.25
1, 1, 4, 13, 12, 0.25
1, 2, 3, 13, 2, 0.25
1, 2, 5, 13, 28, 0.25
1, 3, 6, 13, 36, 0.25
1, 4, 5, 13, 14, 0.25
1, 4, 7, 13, 13, 0.25
1, 5, 6, 13, 16, 0.25
1, 5, 8, 13, 19, 0.25
1, 6, 9, 13, 27, 0.25
1, 7, 8, 13, 20, 0.25
1, 8, 9, 13, 4, 0.25
1, 1, 2, 14, 31, 0.25
1, 1, 4, 14, 25, 0.25
1, 2, 3, 14, 41, 0.25
1, 2, 5, 14, 14, 0.25
1, 3, 6, 14, 37, 0.25
1, 4, 5, 14, 42, 0.25
1, 4, 7, 14, 6, 0.25
1, 5, 6, 14, 18, 0.25
1, 5, 8, 14, 33, 0.25
1, 6, 9, 14, 36, 0.25
1, 7, 8, 14, 35, 0.25
1, 8, 9, 14, 37, 0.25
1, 1, 2, 15, 2, 0.25
1, 1, 4, 15, 36, 0.25
1, 2, 3, 15, 3, 0.25
1, 2, 5, 15, 3, 0.25
1, 3, 6, 15, 34, 0.25
1, 4, 5, 15, 7, 0.25
1, 4, 7, 15, 4, 0.25
1, 5, 6, 15, 39, 0.25
1, 5, 8, 15, 12, 0.25
1, 6, 9, 15, 8, 0.25
1, 7, 8, 15, 9, 0.25
1, 8, 9, 15, 8, 0.25
1, 1, 2, 16, 7, 0.25
1, 1, 4, 16, 8, 0.25
1, 2, 3, 16, 39, 0.25
1, 2, 5, 16, 40, 0.25
1, 3, 6, 16, 34, 0.25
1, 4, 5, 16, 40, 0.25
1, 4, 7, 16, 42, 0.25
1, 5, 6, 16, 8, 0.25
1, 5, 8, 16, 10, 0.25
1, 6, 9, 16, 13, 0.25
1, 7, 8, 16, 35, 0.25
1, 8, 9, 16, 36, 0.25
1, 1, 2, 17, 31, 0.25
1, 1, 4, 17, 26, 0.25
1, 2, 3, 17, 42, 0.25
1, 2, 5, 17, 29, 0.25
1, 3, 6, 17, 39, 0.25
1, 4, 5, 17, 10, 0.25
1, 4, 7, 17, 9, 0.25
1, 5, 6, 17, 1, 0.25
1, 5, 8, 17, 22, 0.25
1, 6, 9, 17, 3, 0.25
1, 7, 8, 17, 27, 0.25
1, 8, 9, 17, 19, 0.25
1, 1, 2, 18, 20, 0.25
1, 1, 4, 18, 42, 0.25
1, 2, 3, 18, 39, 0.25
1, 2, 5, 18, 32, 0.25
1, 3, 6, 18, 9, 0.25
1, 4, 5, 18, 9, 0.25
1, 4, 7, 18, 28, 0.25
1, 5, 6, 18, 4, 0.25
1, 5, 8, 18, 21, 0.25
1, 6, 9, 18, 6, 0.25
1, 7, 8, 18, 13, 0.25
1, 8, 9, 18, 43, 0.25
1, 1, 2, 19, 19, 0.25
1, 1, 4, 19, 14, 0.25
1, 2, 3, 19, 19, 0.25
1, 2, 5, 19, 13, 0.25
1, 3, 6, 19, 29, 0.25
1, 4, 5, 19, 6, 0.25
1, 4, 7, 19, 20, 0.25
1, 5, 6, 19, 30, 0.25
1, 5, 8, 19, 7, 0.25
1, 6, 9, 19, 33, 0.25
1, 7, 8, 19, 23, 0.25
1, 8, 9, 19, 42, 0.25
1, 1, 2, 20, 15, 0.25
1, 1, 4, 20, 9, 0.25
1, 2, 3, 20, 35, 0.25
1, 2, 5, 20, 3, 0.25
1, 3, 6, 20, 40, 0.25
1, 4, 5, 20, 34, 0.25
1, 4, 7, 20, 7, 0.25
1, 5, 6, 20, 6, 0.25
1, 5, 8, 20, 5, 0.25
1, 6, 9, 20, 3, 0.25
1, 7, 8, 20, 18, 0.25
1, 8, 9, 20, 4, 0.25
1, 1, 2, 21, 15, 0.25
1, 1, 4, 21, 36, 0.25
1, 2, 3, 21, 32, 0.25
1, 2, 5, 21, 17, 0.25
1, 3, 6, 21, 12, 0.25
1, 4, 5, 21, 43, 0.25
1, 4, 7, 21, 12, 0.25
1, 5, 6, 21, 27, 0.25
1, 5, 8, 21, 32, 0.25
1, 6, 9, 21, 42, 0.25
1, 7, 8, 21, 15, 0.25
1, 8, 9, 21, 29, 0.25
1, 1, 2, 22, 33, 0.25
1, 1, 4, 22, 21, 0.25
1, 2, 3, 22, 29, 0.25
1, 2, 5, 22, 39, 0.25
1, 3, 6, 22, 4, 0.25
1, 4, 5, 22, 33, 0.25
1, 4, 7, 22, 38, 0.25
1, 5, 6, 22, 10, 0.25
1, 5, 8, 22, 7, 0.25
1, 6, 9, 22, 14, 0.25
1, 7, 8, 22, 23, 0.25
1, 8, 9, 22, 39, 0.25
1, 1, 2, 23, 36, 0.25
1, 1, 4, 23, 44, 0.25
1, 2, 3, 23, 5, 0.25
1, 2, 5, 23, 29, 0.25
1, 3, 6, 23, 30, 0.25
1, 4, 5, 23, 18, 0.25
1, 4, 7, 23, 40, 0.25
1, 5, 6, 23, 39, 0.25
1, 5, 8, 23, 30, 0.25
1, 6, 9, 23, 7, 0.25
1, 7, 8, 23, 23, 0.25
1, 8, 9, 23, 33, 0.25
1, 1, 2, 24, 4, 0.25
1, 1, 4, 24, 42, 0.25
1, 2, 3, 24, 17, 0.25
1, 2, 5, 24, 26, 0.25
1, 3, 6, 24, 42, 0.25
1, 4, 5, 24, 42, 0.25
1, 4, 7, 24, 22, 0.25
1, 5, 6, 24, 26, 0.25
1, 5, 8, 24, 23, 0.25
1, 6, 9, 24, 26, 0.25
1, 7, 8, 24, 36, 0.25
1, 8, 9, 24, 42, 0.25
1, 1, 2, 25, 23, 0.25
1, 1, 4, 25, 18, 0.25
1, 2, 3, 25, 10, 0.25
1, 2, 5, 25, 9, 0.25
1, 3, 6, 25, 15, 0.25
1, 4, 5, 25, 12, 0.25
1, 4, 7, 25, 19, 0.25
1, 5, 6, 25, 31, 0.25
1, 5, 8, 25, 15, 0.25
1, 6, 9, 25, 33, 0.25
1, 7, 8, 25, 41, 0.25
1, 8, 9, 25, 5, 0.25
1, 1, 2, 26, 43, 0.25
1, 1, 4, 26, 20, 0.25
1, 2, 3, 26, 33, 0.25
1, 2, 5, 26, 38, 0.25
1, 3, 6, 26, 24, 0.25
1, 4, 5, 26, 14, 0.25
1, 4, 7, 26, 21, 0.25
1, 5, 6, 26, 42, 0.25
1, 5, 8, 26, 4, 0.25
1, 6, 9, 26, 38, 0.25
1, 7, 8, 26, 19, 0.25
1, 8, 9, 26, 22, 0.25
1, 1, 2, 27, 29, 0.25
1, 1, 4, 27, 42, 0.25
1, 2, 3, 27, 44, 0.25
1, 2, 5, 27, 38, 0.25
1, 3, 6, 27, 19, 0.25
1, 4, 5, 27, 42, 0.25
1, 4, 7, 27, 24, 0.25
1, 5, 6, 27, 10, 0.25
1, 5, 8, 27, 25, 0.25
1, 6, 9, 27, 7, 0.25
1, 7, 8, 27, 12, 0.25
1, 8, 9, 27, 17, 0.25
1, 1, 2, 28, 21, 0.25
1, 1, 4, 28, 19, 0.25
1, 2, 3, 28, 36, 0.25
1, 2, 5, 28, 15, 0.25
1, 3, 6, 28, 11, 0.25
1, 4, 5, 28, 31, 0.25
1, 4, 7, 28, 11, 0.25
1, 5, 6, 28, 15, 0.25
1, 5, 8, 28, 5, 0.25
1, 6, 9, 28, 38, 0.25
1, 7, 8, 28, 39, 0.25
1, 8, 9, 28, 13, 0.25
1, 1, 2, 29, 11, 0.25
1, 1, 4, 29, 10, 0.25
1, 2, 3, 29, 27, 0.25
1, 2, 5, 29, 16, 0.25
1, 3, 6, 29, 27, 0.25
1, 4, 5, 29, 9, 0.25
1, 4, 7, 29, 14, 0.25
1, 5, 6, 29, 34, 0.25
1, 5, 8, 29, 4, 0.25
1, 6, 9, 29, 19, 0.25
1, 7, 8, 29, 43, 0.25
1, 8, 9, 29, 8, 0.25
1, 1, 2, 30, 20, 0.25
1, 1, 4, 30, 36, 0.25
1, 2, 3, 30, 23, 0.25
1, 2, 5, 30, 15, 0.25
1, 3, 6, 30, 14, 0.25
1, 4, 5, 30, 30, 0.25
1, 4, 7, 30, 10, 0.25
1, 5, 6, 30, 32, 0.25
1, 5, 8, 30, 12, 0.25
1, 6, 9, 30, 22, 0.25
1, 7, 8, 30, 6, 0.25
1, 8, 9, 30, 5, 0.25
1, 1, 2, 31, 10, 0.25
1, 1, 4, 31, 19, 0.25
1, 2, 3, 31, 27, 0.25
1, 2, 5, 31, 25, 0.25
1, 3, 6, 31, 40, 0.25
1, 4, 5, 31, 7, 0.25
1, 4, 7, 31, 26, 0.25
1, 5, 6, 31, 26, 0.25
1, 5, 8, 31, 30, 0.25
1, 6, 9, 31, 21, 0.25
1, 7, 8, 31, 7, 0.25
1, 8, 9, 31, 12, 0.25
1, 1, 2, 32, 41, 0.25
1, 1, 4, 32, 39, 0.25
1, 2, 3, 32, 9, 0.25
1, 2, 5, 32, 23, 0.25
1, 3, 6, 32, 6, 0.25
1, 4, 5, 32, 34, 0.25
1, 4, 7, 32, 8, 0.25
1, 5, 6, 32, 43, 0.25
1, 5, 8, 32, 21, 0.25
1, 6, 9, 32, 4, 0.25
1, 7, 8, 32, 30, 0.25
1, 8, 9, 32, 13, 0.25
1, 1, 2, 33, 28, 0.25
1, 1, 4, 33, 42, 0.25
1, 2, 3, 33, 27, 0.25
1, 2, 5, 33, 23, 0.25
1, 3, 6, 33, 13, 0.25
1, 4, 5, 33, 3, 0.25
1, 4, 7, 33, 7, 0.25
1, 5, 6, 33, 6, 0.25
1, 5, 8, 33, 8, 0.25
1, 6, 9, 33, 37, 0.25
1, 7, 8, 33, 31, 0.25
1, 8, 9, 33, 19, 0.25
1, 1, 2, 34, 33, 0.25
1, 1, 4, 34, 33, 0.25
1, 2, 3, 34, 8, 0.25
1, 2, 5, 34, 22, 0.25
1, 3, 6, 34, 37, 0.25
1, 4, 5, 34, 15, 0.25
1, 4, 7, 34, 19, 0.25
1, 5, 6, 34, 36, 0.25
1, 5, 8, 34, 39, 0.25
1, 6, 9, 34, 37, 0.25
1, 7, 8, 34, 43, 0.25
1, 8, 9, 34, 34, 0.25
1, 1, 2, 35, 18, 0.25
1, 1, 4, 35, 20, 0.25
1, 2, 3, 35, 21, 0.25
1, 2, 5, 35, 22, 0.25
1, 3, 6, 35, 23, 0.25
1, 4, 5, 35, 41, 0.25
1, 4, 7, 35, 34, 0.25
1, 5, 6, 35, 6, 0.25
1, 5, 8, 35, 33, 0.25
1, 6, 9, 35, 19, 0.25
1, 7, 8, 35, 24, 0.25
1, 8, 9, 35, 12, 0.25
1, 1, 2, 36, 7, 0.25
1, 1, 4, 36, 9, 0.25
1, 2, 3, 36, 18, 0.25
1, 2, 5, 36, 43, 0.25
1, 3, 6, 36, 31, 0.25
1, 4, 5, 36, 20, 0.25
1, 4, 7, 36, 16, 0.25
1, 5, 6, 36, 24, 0.25
1, 5, 8, 36, 26, 0.25
1, 6, 9, 36, 20, 0.25
1, 7, 8, 36, 9, 0.25
1, 8, 9, 36, 5, 0.25
1, 1, 2, 37, 5, 0.25
1, 1, 4, 37, 41, 0.25
1, 2, 3, 37, 12, 0.25
1, 2, 5, 37, 42, 0.25
1, 3, 6, 37, 8, 0.25
1, 4, 5, 37, 20, 0.25
1, 4, 7, 37, 5, 0.25
1, 5, 6, 37, 42, 0.25
1, 5, 8, 37, 6, 0.25
1, 6, 9, 37, 19, 0.25
1, 7, 8, 37, 18, 0.25
1, 8, 9, 37, 30, 0.25
1, 1, 2, 38, 23, 0.25
1, 1, 4, 38, 18, 0.25
1, 2, 3, 38, 30, 0.25
1, 2, 5, 38, 3, 0.25
1, 3, 6, 38, 20, 0.25
1, 4, 5, 38, 38, 0.25
1, 4, 7, 38, 30, 0.25
1, 5, 6, 38, 4, 0.25
1, 5, 8, 38, 34, 0.25
1, 6, 9, 38, 14, 0.25
1, 7, 8, 38, 19, 0.25
1, 8, 9, 38, 14, 0.25
1, 1, 2, 39, 22, 0.25
1, 1, 4, 39, 23, 0.25
1, 2, 3, 39, 37, 0.25
1, 2, 5, 39, 11, 0.25
1, 3, 6, 39, 6, 0.25
1, 4, 5, 39, 43, 0.25
1, 4, 7, 39, 15, 0.25
1, 5, 6, 39, 13, 0.25
1, 5, 8, 39, 31, 0.25
1, 6, 9, 39, 16, 0.25
1, 7, 8, 39, 39, 0.25
1, 8, 9, 39, 28, 0.25
1, 1, 2, 40, 9, 0.25
1, 1, 4, 40, 17, 0.25
1, 2, 3, 40, 37, 0.25
1, 2, 5, 40, 15, 0.25
1, 3, 6, 40, 31, 0.25
1, 4, 5, 40, 42, 0.25
1, 4, 7, 40, 40, 0.25
1, 5, 6, 40, 23, 0.25
1, 5, 8, 40, 13, 0.25
1, 6, 9, 40, 18, 0.25
1, 7, 8, 40, 14, 0.25
1, 8, 9, 40, 4, 0.25
1, 1, 2, 41, 22, 0.25
1, 1, 4, 41, 2, 0.25
1, 2, 3, 41, 35, 0.25
1, 2, 5, 41, 19, 0.25
1, 3, 6, 41, 24, 0.25
1, 4, 5, 41, 42, 0.25
1, 4, 7, 41, 5, 0.25
1, 5, 6, 41, 4, 0.25
1, 5, 8, 41, 20, 0.25
1, 6, 9, 41, 39, 0.25
1, 7, 8, 41, 29, 0.25
1, 8, 9, 41, 23, 0.25
1, 1, 2, 42, 34, 0.25
1, 1, 4, 42, 34, 0.25
1, 2, 3, 42, 3, 0.25
1, 2, 5, 42, 6, 0.25
1, 3, 6, 42, 42, 0.25
1, 4, 5, 42, 25, 0.25
1, 4, 7, 42, 38, 0.25
1, 5, 6, 42, 6, 0.25
1, 5, 8, 42, 20, 0.25
1, 6, 9, 42, 43, 0.25
1, 7, 8, 42, 40, 0.25
1, 8, 9, 42, 34, 0.25
1, 1, 2, 43, 27, 0.25
1, 1, 4, 43, 9, 0.25
1, 2, 3, 43, 38, 0.25
1, 2, 5, 43, 22, 0.25
1, 3, 6, 43, 35, 0.25
1, 4, 5, 43, 20, 0.25
1, 4, 7, 43, 15, 0.25
1, 5, 6, 43, 35, 0.25
1, 5, 8, 43, 34, 0.25
1, 6, 9, 43, 41, 0.25
1, 7, 8, 43, 29, 0.25
1, 8, 9, 43, 35, 0.25
1, 1, 2, 44, 7, 0.25
1, 1, 4, 44, 35, 0.25
1, 2, 3, 44, 35, 0.25
1, 2, 5, 44, 19, 0.25
1, 3, 6, 44, 44, 0.25
1, 4, 5, 44, 7, 0.25
1, 4, 7, 44, 29, 0.25
1, 5, 6, 44, 23, 0.25
1, 5, 8, 44, 35, 0.25
1, 6, 9, 44, 9, 0.25
1, 7, 8, 44, 17, 0.25
1, 8, 9, 44, 34, 0.25
1, 1, 2, 45, 39, 0.25
1, 1, 4, 45, 31, 0.25
1, 2, 3, 45, 3, 0.25
1, 2, 5, 45, 42, 0.25
1, 3, 6, 45, 22, 0.25
1, 4, 5, 45, 21, 0.25
1, 4, 7, 45, 24, 0.25
1, 5, 6, 45, 27, 0.25
1, 5, 8, 45, 36, 0.25
1, 6, 9, 45, 3, 0.25
1, 7, 8, 45, 37, 0.25
1, 8, 9, 45, 37, 0.25
1, 1, 2, 46, 8, 0.25
1, 1, 4, 46, 24, 0.25
1, 2, 3, 46, 9, 0.25
1, 2, 5, 46, 41, 0.25
1, 3, 6, 46, 27, 0.25
1, 4, 5, 46, 26, 0.25
1, 4, 7, 46, 31, 0.25
1, 5, 6, 46, 31, 0.25
1, 5, 8, 46, 27, 0.25
1, 6, 9, 46, 31, 0.25
1, 7, 8, 46, 15, 0.25
1, 8, 9, 46, 19, 0.25
1, 1, 2, 47, 5, 0.25
1, 2, 3, 47, 20, 0.25
1, 2, 5, 47, 5, 0.25
1, 3, 6, 47, 21, 0.25
1, 4, 5, 47, 30, 0.25
1, 4, 7, 47, 32, 0.25
1, 5, 6, 47, 31, 0.25
1, 5, 8, 47, 13, 0.25
1, 6, 9, 47, 28, 0.25
1, 7, 8, 47, 30, 0.25
1, 8, 9, 47, 39, 0.25
1, 1, 2, 48, 9, 0.25
1, 1, 4, 48, 13, 0.25
1, 2, 3, 48, 24, 0.25
1, 2, 5, 48, 7, 0.25
1, 3, 6, 48, 13, 0.25
1, 4, 5, 48, 9, 0.25
1, 4, 7, 48, 3, 0.25
1, 5, 6, 48, 2, 0.25
1, 5, 8, 48, 2, 0.25
1, 6, 9, 48, 6, 0.25
1, 7, 8, 48, 26, 0.25
1, 8, 9, 48, 16, 0.25
1, 1, 2, 49, 15, 0.25
1, 2, 3, 49, 3, 0.25
1, 2, 5, 49, 3, 0.25
1, 3, 6, 49, 39, 0.25
1, 4, 5, 49, 11, 0.25
1, 4, 7, 49, 28, 0.25
1, 5, 6, 49, 16, 0.25
1, 5, 8, 49, 28, 0.25
1, 6, 9, 49, 32, 0.25
1, 7, 8, 49, 27, 0.25
1, 1, 2, 50, 29, 0.25
1, 1, 4, 50, 39, 0.25
1, 2, 3, 50, 22, 0.25
1, 2, 5, 50, 12, 0.25
1, 3, 6, 50, 11, 0.25
1, 4, 5, 50, 39, 0.25
1, 4, 7, 50, 28, 0.25
1, 5, 6, 50, 26, 0.25
1, 5, 8, 50, 7, 0.25
1, 6, 9, 50, 5, 0.25
1, 8, 9, 50, 3, 0.25
1, 1, 2, 51, 36, 0.25
1, 1, 4, 51, 4, 0.25
1, 2, 5, 51, 34, 0.25
1, 3, 6, 51, 22, 0.25
1, 4, 5, 51, 30, 0.25
1, 4, 7, 51, 10, 0.25
1, 5, 8, 51, 23, 0.25
1, 6, 9, 51, 10, 0.25
1, 7, 8, 51, 36, 0.25
1, 8, 9, 51, 36, 0.25
1, 1, 2, 52, 11, 0.25
1, 1, 4, 52, 36, 0.25
1, 2, 3, 52, 20, 0.25
1, 3, 6, 52, 34, 0.25
1, 4, 5, 52, 30, 0.25
1, 5, 6, 52, 21, 0.25
1, 5, 8, 52, 25, 0.25
1, 6, 9, 52, 21, 0.25
1, 8, 9, 52, 29, 0.25
1, 1, 2, 53, 16, 0.25
1, 1, 4, 53, 31, 0.25
1, 2, 3, 53, 7, 0.25
1, 3, 6, 53, 19, 0.25
1, 4, 5, 53, 16, 0.25
1, 4, 7, 53, 28, 0.25
1, 5, 6, 53, 8, 0.25
1, 5, 8, 53, 34, 0.25
1, 6, 9, 53, 25, 0.25
1, 7, 8, 53, 10, 0.25
1, 1, 2, 54, 30, 0.25
1, 1, 4, 54, 31, 0.25
1, 2, 3, 54, 6, 0.25
1, 2, 5, 54, 12, 0.25
1, 3, 6, 54, 28, 0.25
1, 4, 5, 54, 29, 0.25
1, 4, 7, 54, 9, 0.25
1, 5, 6, 54, 23, 0.25
1, 5, 8, 54, 30, 0.25
1, 1, 2, 55, 13, 0.25
1, 2, 5, 55, 20, 0.25
1, 3, 6, 55, 14, 0.25
1, 4, 5, 55, 19, 0.25
1, 4, 7, 55, 28, 0.25
1, 5, 6, 55, 8, 0.25
1, 5, 8, 55, 17, 0.25
1, 6, 9, 55, 3, 0.25
1, 7, 8, 55, 2, 0.25
1, 8, 9, 55, 16, 0.25
1, 1, 4, 56, 13, 0.25
1, 2, 3, 56, 32, 0.25
1, 2, 5, 56, 25, 0.25
1, 3, 6, 56, 10, 0.25
1, 4, 5, 56, 20, 0.25
1, 4, 7, 56, 27, 0.25
1, 5, 6, 56, 4, 0.25
1, 5, 8, 56, 5, 0.25
1, 6, 9, 56, 31, 0.25
1, 7, 8, 56, 25, 0.25
1, 2, 5, 57, 12, 0.25
1, 3, 6, 57, 24, 0.25
1, 4, 5, 57, 4, 0.25
1, 4, 7, 57, 7, 0.25
1, 5, 6, 57, 26, 0.25
1, 6, 9, 57, 15, 0.25
1, 7, 8, 57, 25, 0.25
1, 1, 4, 58, 6, 0.25
1, 2, 3, 58, 15, 0.25
1, 2, 5, 58, 3, 0.25
1, 3, 6, 58, 14, 0.25
1, 4, 7, 58, 28, 0.25
1, 5, 6, 58, 18, 0.25
1, 6, 9, 58, 2, 0.25
1, 7, 8, 58, 25, 0.25
1, 8, 9, 58, 12, 0.25
1, 2, 3, 59, 30, 0.25
1, 4, 5, 59, 28, 0.25
1, 5, 8, 59, 20, 0.25
1, 6, 9, 59, 1, 0.25
1, 7, 8, 59, 5, 0.25
1, 1, 2, 60, 10, 0.25
1, 1, 4, 60, 14, 0.25
1, 2, 5, 60, 10, 0.25
1, 3, 6, 60, 24, 0.25
1, 4, 5, 60, 24, 0.25
1, 4, 7, 60, 24, 0.25
1, 5, 8, 60, 20, 0.25
1, 6, 9, 60, 2, 0.25
1, 1, 2, 61, 8, 0.25
1, 1, 4, 61, 17, 0.25
1, 2, 3, 61, 17, 0.25
1, 2, 5, 61, 27, 0.25
1, 3, 6, 61, 18, 0.25
1, 4, 5, 61, 10, 0.25
1, 4, 7, 61, 22, 0.25
1, 5, 6, 61, 28, 0.25
1, 6, 9, 61, 28, 0.25
1, 8, 9, 61, 21, 0.25
1, 1, 2, 62, 17, 0.25
1, 1, 4, 62, 11, 0.25
1, 2, 3, 62, 18, 0.25
1, 3, 6, 62, 22, 0.25
1, 4, 5, 62, 9, 0.25
1, 4, 7, 62, 18, 0.25
1, 5, 8, 62, 19, 0.25
1, 6, 9, 62, 1, 0.25
1, 8, 9, 62, 15, 0.25
1, 1, 2, 63, 22, 0.25
1, 1, 4, 63, 7, 0.25
1, 4, 7, 63, 13, 0.25
1, 5, 8, 63, 14, 0.25
1, 6, 9, 63, 13, 0.25
1, 1, 2, 64, 25, 0.25
1, 2, 3, 64, 9, 0.25
1, 3, 6, 64, 10, 0.25
1, 4, 5, 64, 12, 0.25
1, 5, 8, 64, 13, 0.25
1, 6, 9, 64, 18, 0.25
1, 7, 8, 64, 22, 0.25
1, 8, 9, 64, 9, 0.25
1, 1, 2, 65, 18, 0.25
1, 1, 4, 65, 21, 0.25
1, 2, 3, 65, 12, 0.25
1, 3, 6, 65, 10, 0.25
1, 4, 5, 65, 18, 0.25
1, 5, 8, 65, 17, 0.25
1, 6, 9, 65, 13, 0.25
1, 7, 8, 65, 7, 0.25
1, 1, 4, 66, 13, 0.25
1, 2, 3, 66, 15, 0.25
1, 2, 5, 66, 15, 0.25
1, 3, 6, 66, 8, 0.25
1, 4, 5, 66, 5, 0.25
1, 5, 6, 66, 11, 0.25
1, 8, 9, 66, 19, 0.25
1, 1, 2, 67, 2, 0.25
1, 1, 4, 67, 19, 0.25
1, 2, 5, 67, 11, 0.25
1, 4, 7, 67, 16, 0.25
1, 5, 6, 67, 11, 0.25
1, 8, 9, 67, 18, 0.25
1, 2, 3, 68, 19, 0.25
1, 2, 5, 68, 10, 0.25
1, 7, 8, 68, 20, 0.25
1, 1, 4, 69, 17, 0.25
1, 2, 3, 69, 19, 0.25
1, 3, 6, 69, 16, 0.25
1, 4, 5, 69, 18, 0.25
1, 6, 9, 69, 13, 0.25
1, 8, 9, 69, 19, 0.25
1, 1, 2, 70, 14, 0.25
1, 2, 5, 70, 14, 0.25
1, 3, 6, 70, 13, 0.25
1, 4, 5, 70, 15, 0.25
1, 5, 6, 70, 1, 0.25
1, 8, 9, 70, 12, 0.25
1, 4, 7, 71, 17, 0.25
1, 5, 6, 71, 4, 0.25
1, 5, 8, 71, 6, 0.25
1, 6, 9, 71, 6, 0.25
1, 7, 8, 71, 15, 0.25
1, 1, 2, 72, 9, 0.25
1, 2, 5, 72, 14, 0.25
1, 4, 7, 72, 10, 0.25
1, 5, 8, 72, 3, 0.25
1, 8, 9, 72, 6, 0.25
1, 8, 9, 73, 1, 0.25
1, 1, 2, 74, 13, 0.25
1, 1, 4, 74, 13, 0.25
1, 2, 3, 74, 9, 0.25
1, 5, 8, 74, 15, 0.25
1, 6, 9, 74, 1, 0.25
1, 7, 8, 74, 2, 0.25
1, 8, 9, 74, 9, 0.25
1, 1, 4, 75, 5, 0.25
1, 2, 3, 75, 6, 0.25
1, 3, 6, 75, 11, 0.25
1, 6, 9, 75, 6, 0.25
1, 7, 8, 75, 1, 0.25
1, 8, 9, 75, 11, 0.25
1, 2, 3, 76, 3, 0.25
1, 2, 5, 76, 6, 0.25
1, 5, 6, 76, 13, 0.25
1, 1, 2, 77, 2, 0.25
1, 1, 4, 77, 2, 0.25
1, 2, 5, 77, 6, 0.25
1, 5, 6, 77, 7, 0.25
1, 8, 9, 77, 10, 0.25
1, 4, 5, 78, 11, 0.25
1, 1, 2, 79, 10, 0.25
1, 5, 6, 79, 8, 0.25
1, 1, 4, 80, 8, 0.25
1, 5, 8, 80, 8, 0.25
1, 2, 5, 81, 3, 0.25
1, 4, 5, 81, 7, 0.25
1, 5, 6, 81, 8, 0.25
1, 4, 5, 82, 7, 0.25
1, 5, 8, 82, 5, 0.25
1, 8, 9, 82, 4, 0.25
1, 4, 5, 83, 2, 0.25
1, 2, 5, 84, 3, 0.25
1, 7, 8, 85, 3, 0.25
1, 1, 4, 86, 1, 0.25
1, 3, 6, 87, 2, 0.25
2, 1, 2, 0, 8, 0.25
2, 1, 4, 0, 21, 0.25
2, 2, 3, 0, 34, 0.25
2, 2, 5, 0, 26, 0.25
2, 3, 6, 0, 29, 0.25
2, 4, 5, 0, 23, 0.25
2, 4, 7, 0, 22, 0.25
2, 5, 6, 0, 11, 0.25
2, 5, 8, 0, 24, 0.25
2, 6, 9, 0, 22, 0.25
2, 7, 8, 0, 38, 0.25
2, 8, 9, 0, 22, 0.25
2, 1, 2, 1, 35, 0.25
2, 1, 4, 1, 29, 0.25
2, 2, 3, 1, 10, 0.25
2, 2, 5, 1, 17, 0.25
2, 3, 6, 1, 41, 0.25
2, 4, 5, 1, 36, 0.25
2, 4, 7, 1, 33, 0.25
2, 5, 6, 1, 23, 0.25
2, 5, 8, 1, 15, 0.25
2, 6, 9, 1, 4, 0.25
2, 7, 8, 1, 10, 0.25
2, 8, 9, 1, 34, 0.25
2, 1, 2, 2, 34, 0.25
2, 1, 4, 2, 22, 0.25
2, 2, 3, 2, 39, 0.25
2, 2, 5, 2, 36, 0.25
2, 3, 6, 2, 38, 0.25
2, 4, 5, 2, 8, 0.25
2, 4, 7, 2, 34, 0.25
2, 5, 6, 2, 35, 0.25
2, 5, 8, 2, 36, 0.25
2, 6, 9, 2, 18, 0.25
2, 7, 8, 2, 19, 0.25
2, 8, 9, 2, 43, 0.25
2, 1, 2, 3, 33, 0.25
2, 1, 4, 3, 10, 0.25
2, 2, 3, 3, 39, 0.25
2, 2, 5, 3, 28, 0.25
2, 3, 6, 3, 11, 0.25
2, 4, 5, 3, 14, 0.25
2, 4, 7, 3, 11, 0.25
2, 5, 6, 3, 20, 0.25
2, 5, 8, 3, 5, 0.25
2, 6, 9, 3, 37, 0.25
2, 7, 8, 3, 15, 0.25
2, 8, 9, 3, 26, 0.25
2, 1, 2, 4, 14, 0.25
2, 1, 4, 4, 23, 0.25
2, 2, 3, 4, 35, 0.25
2, 2, 5, 4, 3, 0.25
2, 3, 6, 4, 3, 0.25
2, 4, 5, 4, 9, 0.25
2, 4, 7, 4, 11, 0.25
2, 5, 6, 4, 29, 0.25
2, 5, 8, 4, 28, 0.25
2, 6, 9, 4, 43, 0.25
2, 7, 8, 4, 20, 0.25
2, 8, 9, 4, 35, 0.25
2, 1, 2, 5, 39, 0.25
2, 1, 4, 5, 4, 0.25
2, 2, 3, 5, 35, 0.25
2, 2, 5, 5, 32, 0.25
2, 3, 6, 5, 28, 0.25
2, 4, 5, 5, 6, 0.25
2, 4, 7, 5, 26, 0.25
2, 5, 6, 5, 36, 0.25
2, 5, 8, 5, 23, 0.25
2, 6, 9, 5, 9, 0.25
2, 7, 8, 5, 30, 0.25
2, 8, 9, 5, 23, 0.25
2, 1, 2, 6, 28, 0.25
2, 1, 4, 6, 16, 0.25
2, 2, 3, 6, 18, 0.25
2, 2, 5, 6, 17, 0.25
2, 3, 6, 6, 32, 0.25
2, 4, 5, 6, 20, 0.25
2, 4, 7, 6, 11, 0.25
2, 5, 6, 6, 17, 0.25
2, 5, 8, 6, 2, 0.25
2, 6, 9, 6, 38, 0.25
2, 7, 8, 6, 5, 0.25
2, 8, 9, 6, 6, 0.25
2, 1, 2, 7, 35, 0.25
2, 1, 4, 7, 16, 0.25
2, 2, 3, 7, 34, 0.25
2, 2, 5, 7, 24, 0.25
2, 3, 6, 7, 21, 0.25
2, 4, 5, 7, 9, 0.25
2, 4, 7, 7, 12, 0.25
2, 5, 6, 7, 18, 0.25
2, 5, 8, 7, 35, 0.25
2, 6, 9, 7, 30, 0.25
2, 7, 8, 7, 22, 0.25
2, 8, 9, 7, 14, 0.25
2, 1, 2, 8, 9, 0.25
2, 1, 4, 8, 22, 0.25
2, 2, 3, 8, 24, 0.25
2, 2, 5, 8, 18, 0.25
2, 3, 6, 8, 23, 0.25
2, 4, 5, 8, 3, 0.25
2, 4, 7, 8, 10, 0.25
2, 5, 6, 8, 5, 0.25
2, 5, 8, 8, 11, 0.25
2, 6, 9, 8, 36, 0.25
2, 7, 8, 8, 2, 0.25
2, 8, 9, 8, 15, 0.25
2, 1, 2, 9, 2, 0.25
2, 1, 4, 9, 31, 0.25
2, 2, 3, 9, 38, 0.25
2, 2, 5, 9, 13, 0.25
2, 3, 6, 9, 13, 0.25
2, 4, 5, 9, 7, 0.25
2, 4, 7, 9, 41, 0.25
2, 5, 6, 9, 29, 0.25
2, 5, 8, 9, 34, 0.25
2, 6, 9, 9, 42, 0.25
2, 7, 8, 9, 11, 0.25
2, 8, 9, 9, 43, 0.25
2, 1, 2, 10, 42, 0.25
2, 1, 4, 10, 28, 0.25
2, 2, 3, 10, 3, 0.25
2, 2, 5, 10, 40, 0.25
2, 3, 6, 10, 24, 0.25
2, 4, 5, 10, 8, 0.25
2, 4, 7, 10, 5, 0.25
2, 5, 6, 10, 2, 0.25
2, 5, 8, 10, 31, 0.25
2, 6, 9, 10, 23, 0.25
2, 7, 8, 10, 18, 0.25
2, 8, 9, 10, 34, 0.25
2, 1, 2, 11, 41, 0.25
2, 1, 4, 11, 2, 0.25
2, 2, 3, 11, 6, 0.25
2, 2, 5, 11, 19, 0.25
2, 3, 6, 11, 3, 0.25
2, 4, 5, 11, 27, 0.25
2, 4, 7, 11, 30, 0.25
2, 5, 6, 11, 19, 0.25
2, 5, 8, 11, 3, 0.25
2, 6, 9, 11, 30, 0.25
2, 7, 8, 11, 31, 0.25
2, 8, 9, 11, 44, 0.25
2, 1, 2, 12, 17, 0.25
2, 1, 4, 12, 44, 0.25
2, 2, 3, 12, 1, 0.25
2, 2, 5, 12, 14, 0.25
2, 3, 6, 12, 33, 0.25
2, 4, 5, 12, 35, 0.25
2, 4, 7, 12, 26, 0.25
2, 5, 6, 12, 15, 0.25
2, 5, 8, 12, 35, 0.25
2, 6, 9, 12, 25, 0.25
2, 7, 8, 12, 12, 0.25
2, 8, 9, 12, 39, 0.25
2, 1, 2, 13, 33, 0.25
2, 1, 4, 13, 31, 0.25
2, 2, 3, 13, 3, 0.25
2, 2, 5, 13, 25, 0.25
2, 3, 6, 13, 21, 0.25
2, 4, 5, 13, 12, 0.25
2, 4, 7, 13, 41, 0.25
2, 5, 6, 13, 8, 0.25
2, 5, 8, 13, 26, 0.25
2, 6, 9, 13, 7, 0.25
2, 7, 8, 13, 25, 0.25
2, 8, 9, 13, 43, 0.25
2, 1, 2, 14, 20, 0.25
2, 1, 4, 14, 32, 0.25
2, 2, 3, 14, 4, 0.25
2, 2, 5, 14, 30, 0.25
2, 3, 6, 14, 7, 0.25
2, 4, 5, 14, 3, 0.25
2, 4, 7, 14, 39, 0.25
2, 5, 6, 14, 2, 0.25
2, 5, 8, 14, 14, 0.25
2, 6, 9, 14, 2, 0.25
2, 7, 8, 14, 32, 0.25
2, 8, 9, 14, 17, 0.25
2, 1, 2, 15, 5, 0.25
2, 1, 4, 15, 40, 0.25
2, 2, 3, 15, 41, 0.25
2, 2, 5, 15, 21, 0.25
2, 3, 6, 15, 7, 0.25
2, 4, 5, 15, 17, 0.25
2, 4, 7, 15, 12, 0.25
2, 5, 6, 15, 31, 0.25
2, 5, 8, 15, 4, 0.25
2, 6, 9, 15, 26, 0.25
2, 7, 8, 15, 6, 0.25
2, 8, 9, 15, 21, 0.25
2, 1, 2, 16, 3, 0.25
2, 1, 4, 16, 36, 0.25
2, 2, 3, 16, 26, 0.25
2, 2, 5, 16, 18, 0.25
2, 3, 6, 16, 27, 0.25
2, 4, 5, 16, 36, 0.25
2, 4, 7, 16, 28, 0.25
2, 5, 6, 16, 18, 0.25
2, 5, 8, 16, 43, 0.25
2, 6, 9, 16, 41, 0.25
2, 7, 8, 16, 2, 0.25
2, 8, 9, 16, 33, 0.25
2, 1, 2, 17, 39, 0.25
2, 1, 4, 17, 26, 0.25
2, 2, 3, 17, 14, 0.25
2, 2, 5, 17, 10, 0.25
2, 3, 6, 17, 9, 0.25
2, 4, 5, 17, 27, 0.25
2, 4, 7, 17, 18, 0.25
2, 5, 6, 17, 22, 0.25
2, 5, 8, 17, 13, 0.25
2, 6, 9, 17, 27, 0.25
2, 7, 8, 17, 27, 0.25
2, 8, 9, 17, 36, 0.25
2, 1, 2, 18, 23, 0.25
2, 1, 4, 18, 20, 0.25
2, 2, 3, 18, 20, 0.25
2, 2, 5, 18, 17, 0.25
2, 3, 6, 18, 34, 0.25
2, 4, 5, 18, 16, 0.25
2, 4, 7, 18, 30, 0.25
2, 5, 6, 18, 8, 0.25
2, 5, 8, 18, 10, 0.25
2, 6, 9, 18, 33, 0.25
2, 7, 8, 18, 24, 0.25
2, 8, 9, 18, 20, 0.25
2, 1, 2, 19, 29, 0.25
2, 1, 4, 19, 39, 0.25
2, 2, 3, 19, 3, 0.25
2, 2, 5, 19, 18, 0.25
2, 3, 6, 19, 20, 0.25
2, 4, 5, 19, 3, 0.25
2, 4, 7, 19, 13, 0.25
2, 5, 6, 19, 39, 0.25
2, 5, 8, 19, 33, 0.25
2, 6, 9, 19, 31, 0.25
2, 7, 8, 19, 34, 0.25
2, 8, 9, 19, 17, 0.25
2, 1, 2, 20, 25, 0.25
2, 1, 4, 20, 24, 0.25
2, 2, 3, 20, 14, 0.25
2, 2, 5, 20, 25, 0.25
2, 3, 6, 20, 28, 0.25
2, 4, 5, 20, 41, 0.25
2, 4, 7, 20, 33, 0.25
2, 5, 6, 20, 41, 0.25
2, 5, 8, 20, 5, 0.25
2, 6, 9, 20, 29, 0.25
2, 7, 8, 20, 36, 0.25
2, 8, 9, 20, 11, 0.25
2, 1, 2, 21, 4, 0.25
2, 1, 4, 21, 12, 0.25
2, 2, 3, 21, 32, 0.25
2, 2, 5, 21, 18, 0.25
2, 3, 6, 21, 36, 0.25
2, 4, 5, 21, 11, 0.25
2, 4, 7, 21, 41, 0.25
2, 5, 6, 21, 9, 0.25
2, 5, 8, 21, 24, 0.25
2, 6, 9, 21, 3, 0.25
2, 7, 8, 21, 29, 0.25
2, 8, 9, 21, 7, 0.25
2, 1, 2, 22, 25, 0.25
2, 1, 4, 22, 23, 0.25
2, 2, 3, 22, 27, 0.25
2, 2, 5, 22, 40, 0.25
2, 3, 6, 22, 5, 0.25
2, 4, 5, 22, 35, 0.25
2, 4, 7, 22, 16, 0.25
2, 5, 6, 22, 4, 0.25
2, 5, 8, 22, 3, 0.25
2, 6, 9, 22, 36, 0.25
2, 7, 8, 22, 24, 0.25
2, 8, 9, 22, 30, 0.25
2, 1, 2, 23, 4, 0.25
2, 1, 4, 23, 17, 0.25
2, 2, 3, 23, 42, 0.25
2, 2, 5, 23, 43, 0.25
2, 3, 6, 23, 7, 0.25
2, 4, 5, 23, 28, 0.25
2, 4, 7, 23, 16, 0.25
2, 5, 6, 23, 36, 0.25
2, 5, 8, 23, 11, 0.25
2, 6, 9, 23, 44, 0.25
2, 7, 8, 23, 42, 0.25
2, 8, 9, 23, 11, 0.25
2, 1, 2, 24, 39, 0.25
2, 1, 4, 24, 2, 0.25
2, 2, 3, 24, 37, 0.25
2, 2, 5, 24, 16, 0.25
2, 3, 6, 24, 32, 0.25
2, 4, 5, 24, 38, 0.25
2, 4, 7, 24, 4, 0.25
2, 5, 6, 24, 9, 0.25
2, 5, 8, 24, 24, 0.25
2, 6, 9, 24, 18, 0.25
2, 7, 8, 24, 37, 0.25
2, 8, 9, 24, 7, 0.25
2, 1, 2, 25, 2, 0.25
2, 1, 4, 25, 39, 0.25
2, 2, 3, 25, 29, 0.25
2, 2, 5, 25, 41, 0.25
2, 3, 6, 25, 23, 0.25
2, 4, 5, 25, 4, 0.25
2, 4, 7, 25, 14, 0.25
2, 5, 6, 25, 6, 0.25
2, 5, 8, 25, 7, 0.25
2, 6, 9, 25, 42, 0.25
2, 7, 8, 25, 2, 0.25
2, 8, 9, 25, 40, 0.25
2, 1, 2, 26, 10, 0.25
2, 1, 4, 26, 4, 0.25
2, 2, 3, 26, 38, 0.25
2, 2, 5, 26, 23, 0.25
2, 3, 6, 26, 1, 0.25
2, 4, 5, 26, 37, 0.25
2, 4, 7, 26, 34, 0.25
2, 5, 6, 26, 29, 0.25
2, 5, 8, 26, 42, 0.25
2, 6, 9, 26, 44, 0.25
2, 7, 8, 26, 7, 0.25
2, 8, 9, 26, 25, 0.25
2, 1, 2, 27, 17, 0.25
2, 1, 4, 27, 25, 0.25
2, 2, 3, 27, 35, 0.25
2, 2, 5, 27, 36, 0.25
2, 3, 6, 27, 28, 0.25
2, 4, 5, 27, 11, 0.25
2, 4, 7, 27, 4, 0.25
2, 5, 6, 27, 31, 0.25
2, 5, 8, 27, 9, 0.25
2, 6, 9, 27, 34, 0.25
2, 7, 8, 27, 6, 0.25
2, 8, 9, 27, 11, 0.25
2, 1, 2, 28, 19, 0.25
2, 1, 4, 28, 25, 0.25
2, 2, 3, 28, 14, 0.25
2, 2, 5, 28, 7, 0.25
2, 3, 6, 28, 37, 0.25
2, 4, 5, 28, 24, 0.25
2, 4, 7, 28, 10, 0.25
2, 5, 6, 28, 37, 0.25
2, 5, 8, 28, 3, 0.25
2, 6, 9, 28, 23, 0.25
2, 7, 8, 28, 39, 0.25
2, 8, 9, 28, 36, 0.25
2, 1, 2, 29, 3, 0.25
2, 1, 4, 29, 4, 0.25
2, 2, 3, 29, 13, 0.25
2, 2, 5, 29, 11, 0.25
2, 3, 6, 29, 43, 0.25
2, 4, 5, 29, 24, 0.25
2, 4, 7, 29, 9, 0.25
2, 5, 6, 29, 33, 0.25
2, 5, 8, 29, 1, 0.25
2, 6, 9, 29, 5, 0.25
2, 7, 8, 29, 22, 0.25
2, 8, 9, 29, 31, 0.25
2, 1, 2, 30, 22, 0.25
2, 1, 4, 30, 44, 0.25
2, 2, 3, 30, 27, 0.25
2, 2, 5, 30, 18, 0.25
2, 3, 6, 30, 31, 0.25
2, 4, 5, 30, 14, 0.25
2, 4, 7, 30, 16, 0.25
2, 5, 6, 30, 27, 0.25
2, 5, 8, 30, 43, 0.25
2, 6, 9, 30, 19, 0.25
2, 7, 8, 30, 19, 0.25
2, 8, 9, 30, 2, 0.25
2, 1, 2, 31, 5, 0.25
2, 1, 4, 31, 20, 0.25
2, 2, 3, 31, 34, 0.25
2, 2, 5, 31, 12, 0.25
2, 3, 6, 31, 33, 0.25
2, 4, 5, 31, 20, 0.25
2, 4, 7, 31, 26, 0.25
2, 5, 6, 31, 10, 0.25
2, 5, 8, 31, 36, 0.25
2, 6, 9, 31, 42, 0.25
2, 7, 8, 31, 19, 0.25
2, 8, 9, 31, 44, 0.25
2, 1, 2, 32, 43, 0.25
2, 1, 4, 32, 21, 0.25
2, 2, 3, 32, 12, 0.25
2, 2, 5, 32, 31, 0.25
2, 3, 6, 32, 10, 0.25
2, 4, 5, 32, 2, 0.25
2, 4, 7, 32, 19, 0.25
2, 5, 6, 32, 8, 0.25
2, 5, 8, 32, 33, 0.25
2, 6, 9, 32, 20, 0.25
2, 7, 8, 32, 12, 0.25
2, 8, 9, 32, 6, 0.25
2, 1, 2, 33, 20, 0.25
2, 1, 4, 33, 12, 0.25
2, 2, 3, 33, 3, 0.25
2, 2, 5, 33, 20, 0.25
2, 3, 6, 33, 42, 0.25
2, 4, 5, 33, 18, 0.25
2, 4, 7, 33, 29, 0.25
2, 5, 6, 33, 16, 0.25
2, 5, 8, 33, 37, 0.25
2, 6, 9, 33, 3, 0.25
2, 7, 8, 33, 8, 0.25
2, 8, 9, 33, 28, 0.25
2, 1, 2, 34, 25, 0.25
2, 1, 4, 34, 41, 0.25
2, 2, 3, 34, 19, 0.25
2, 2, 5, 34, 16, 0.25
2, 3, 6, 34, 6, 0.25
2, 4, 5, 34, 6, 0.25
2, 4, 7, 34, 20, 0.25
2, 5, 6, 34, 40, 0.25
2, 5, 8, 34, 10, 0.25
2, 6, 9, 34, 39, 0.25
2, 7, 8, 34, 1, 0.25
2, 8, 9, 34, 36, 0.25
2, 1, 2, 35, 5, 0.25
2, 1, 4, 35, 31, 0.25
2, 2, 3, 35, 13, 0.25
2, 2, 5, 35, 36, 0.25
2, 3, 6, 35, 6, 0.25
2, 4, 5, 35, 40, 0.25
2, 4, 7, 35, 36, 0.25
2, 5, 6, 35, 32, 0.25
2, 5, 8, 35, 9, 0.25
2, 6, 9, 35, 2, 0.25
2, 7, 8, 35, 18, 0.25
2, 8, 9, 35, 36, 0.25
2, 1, 2, 36, 41, 0.25
2, 1, 4, 36, 3, 0.25
2, 2, 3, 36, 4, 0.25
2, 2, 5, 36, 31, 0.25
2, 3, 6, 36, 12, 0.25
2, 4, 5, 36, 42, 0.25
2, 4, 7, 36, 30, 0.25
2, 5, 6, 36, 3, 0.25
2, 5, 8, 36, 8, 0.25
2, 6, 9, 36, 23, 0.25
2, 7, 8, 36, 4, 0.25
2, 8, 9, 36, 10, 0.25
2, 1, 2, 37, 2, 0.25
2, 1, 4, 37, 8, 0.25
2, 2, 3, 37, 44, 0.25
2, 2, 5, 37, 6, 0.25
2, 3, 6, 37, 8, 0.25
2, 4, 5, 37, 24, 0.25
2, 4, 7, 37, 7, 0.25
2, 5, 6, 37, 12, 0.25
2, 5, 8, 37, 9, 0.25
2, 6, 9, 37, 32, 0.25
2, 7, 8, 37, 41, 0.25
2, 8, 9, 37, 21, 0.25
2, 1, 2, 38, 44, 0.25
2, 1, 4, 38, 26, 0.25
2, 2, 3, 38, 23, 0.25
2, 2, 5, 38, 37, 0.25
2, 3, 6, 38, 6, 0.25
2, 4, 5, 38, 25, 0.25
2, 4, 7, 38, 39, 0.25
2, 5, 6, 38, 9, 0.25
2, 5, 8, 38, 27, 0.25
2, 6, 9, 38, 14, 0.25
2, 7, 8, 38, 17, 0.25
2, 8, 9, 38, 23, 0.25
2, 1, 2, 39, 22, 0.25
2, 1, 4, 39, 34, 0.25
2, 2, 3, 39, 15, 0.25
2, 2, 5, 39, 10, 0.25
2, 3, 6, 39, 23, 0.25
2, 4, 5, 39, 42, 0.25
2, 4, 7, 39, 2, 0.25
2, 5, 6, 39, 39, 0.25
2, 5, 8, 39, 21, 0.25
2, 6, 9, 39, 30, 0.25
2, 7, 8, 39, 43, 0.25
2, 8, 9, 39, 8, 0.25
2, 1, 2, 40, 7, 0.25
2, 1, 4, 40, 25, 0.25
2, 2, 3, 40, 40, 0.25
2, 2, 5, 40, 9, 0.25
2, 3, 6, 40, 15, 0.25
2, 4, 5, 40, 19, 0.25
2, 4, 7, 40, 31, 0.25
2, 5, 6, 40, 10, 0.25
2, 5, 8, 40, 39, 0.25
2, 6, 9, 40, 34, 0.25
2, 7, 8, 40, 42, 0.25
2, 8, 9, 40, 33, 0.25
2, 1, 2, 41, 3, 0.25
2, 1, 4, 41, 10, 0.25
2, 2, 3, 41, 34, 0.25
2, 2, 5, 41, 32, 0.25
2, 3, 6, 41, 40, 0.25
2, 4, 5, 41, 30, 0.25
2, 4, 7, 41, 11, 0.25
2, 5, 6, 41, 14, 0.25
2, 5, 8, 41, 24, 0.25
2, 6, 9, 41, 40, 0.25
2, 7, 8, 41, 2, 0.25
2, 8, 9, 41, 11, 0.25
2, 1, 2, 42, 35, 0.25
2, 1, 4, 42, 2, 0.25
2, 2, 3, 42, 12, 0.25
2, 2, 5, 42, 12, 0.25
2, 3, 6, 42, 11, 0.25
2, 4, 5, 42, 20, 0.25
2, 4, 7, 42, 11, 0.25
2, 5, 6, 42, 10, 0.25
2, 5, 8, 42, 20, 0.25
2, 6, 9, 42, 15, 0.25
2, 7, 8, 42, 30, 0.25
2, 8, 9, 42, 12, 0.25
2, 1, 2, 43, 23, 0.25
2, 1, 4, 43, 22, 0.25
2, 2, 3, 43, 18, 0.25
2, 2, 5, 43, 35, 0.25
2, 3, 6, 43, 27, 0.25
2, 4, 5, 43, 18, 0.25
2, 4, 7, 43, 14, 0.25
2, 5, 6, 43, 11, 0.25
2, 5, 8, 43, 21, 0.25
2, 6, 9, 43, 37, 0.25
2, 7, 8, 43, 5, 0.25
2, 8, 9, 43, 9, 0.25
2, 1, 2, 44, 8, 0.25
2, 1, 4, 44, 22, 0.25
2, 2, 3, 44, 5, 0.25
2, 2, 5, 44, 24, 0.25
2, 3, 6, 44, 13, 0.25
2, 4, 5, 44, 36, 0.25
2, 4, 7, 44, 4, 0.25
2, 5, 6, 44, 6, 0.25
2, 5, 8, 44, 8, 0.25
2, 6, 9, 44, 9, 0.25
2, 7, 8, 44, 28, 0.25
2, 8, 9, 44, 4, 0.25
2, 1, 2, 45, 19, 0.25
2, 1, 4, 45, 7, 0.25
2, 2, 3, 45, 2, 0.25
2, 2, 5, 45, 33, 0.25
2, 3, 6, 45, 37, 0.25
2, 4, 5, 45, 7, 0.25
2, 4, 7, 45, 23, 0.25
2, 5, 6, 45, 7, 0.25
2, 5, 8, 45, 19, 0.25
2, 6, 9, 45, 31, 0.25
2, 7, 8, 45, 34, 0.25
2, 8, 9, 45, 2, 0.25
2, 1, 2, 46, 12, 0.25
2, 1, 4, 46, 5, 0.25
2, 2, 3, 46, 36, 0.25
2, 2, 5, 46, 30, 0.25
2, 3, 6, 46, 16, 0.25
2, 4, 5, 46, 39, 0.25
2, 4, 7, 46, 2, 0.25
2, 5, 6, 46, 5, 0.25
2, 5, 8, 46, 33, 0.25
2, 6, 9, 46, 3, 0.25
2, 7, 8, 46, 7, 0.25
2, 8, 9, 46, 11, 0.25
2, 1, 2, 47, 36, 0.25
2, 1, 4, 47, 42, 0.25
2, 2, 3, 47, 35, 0.25
2, 3, 6, 47, 6, 0.25
2, 4, 5, 47, 12, 0.25
2, 4, 7, 47, 28, 0.25
2, 5, 6, 47, 28, 0.25
2, 5, 8, 47, 42, 0.25
2, 6, 9, 47, 30, 0.25
2, 7, 8, 47, 24, 0.25
2, 8, 9, 47, 18, 0.25
2, 1, 2, 48, 5, 0.25
2, 1, 4, 48, 32, 0.25
2, 2, 3, 48, 14, 0.25
2, 2, 5, 48, 2, 0.25
2, 3, 6, 48, 23, 0.25
2, 4, 5, 48, 27, 0.25
2, 4, 7, 48, 36, 0.25
2, 5, 8, 48, 33, 0.25
2, 6, 9, 48, 31, 0.25
2, 7, 8, 48, 27, 0.25
2, 8, 9, 48, 39, 0.25
2, 1, 2, 49, 28, 0.25
2, 1, 4, 49, 30, 0.25
2, 2, 3, 49, 2, 0.25
2, 2, 5, 49, 8, 0.25
2, 3, 6, 49, 23, 0.25
2, 4, 5, 49, 21, 0.25
2, 4, 7, 49, 18, 0.25
2, 5, 6, 49, 24, 0.25
2, 5, 8, 49, 35, 0.25
2, 6, 9, 49, 20, 0.25
2, 7, 8, 49, 14, 0.25
2, 8, 9, 49, 15, 0.25
2, 1, 2, 50, 14, 0.25
2, 1, 4, 50, 2, 0.25
2, 2, 5, 50, 22, 0.25
2, 3, 6, 50, 35, 0.25
2, 4, 5, 50, 21, 0.25
2, 4, 7, 50, 4, 0.25
2, 5, 6, 50, 28, 0.25
2, 5, 8, 50, 11, 0.25
2, 6, 9, 50, 28, 0.25
2, 7, 8, 50, 26, 0.25
2, 8, 9, 50, 23, 0.25
2, 1, 2, 51, 4, 0.25
2, 2, 3, 51, 8, 0.25
2, 2, 5, 51, 34, 0.25
2, 4, 7, 51, 23, 0.25
2, 5, 6, 51, 30, 0.25
2, 5, 8, 51, 7, 0.25
2, 6, 9, 51, 37, 0.25
2, 7, 8, 51, 26, 0.25
2, 1, 2, 52, 5, 0.25
2, 1, 4, 52, 9, 0.25
2, 2, 3, 52, 19, 0.25
2, 2, 5, 52, 20, 0.25
2, 3, 6, 52, 14, 0.25
2, 4, 7, 52, 27, 0.25
2, 5, 6, 52, 2, 0.25
2, 5, 8, 52, 7, 0.25
2, 6, 9, 52, 18, 0.25
2, 7, 8, 52, 30, 0.25
2, 8, 9, 52, 37, 0.25
2, 1, 2, 53, 35, 0.25
2, 1, 4, 53, 25, 0.25
2, 2, 3, 53, 27, 0.25
2, 2, 5, 53, 19, 0.25
2, 3, 6, 53, 36, 0.25
2, 4, 5, 53, 30, 0.25
2, 4, 7, 53, 9, 0.25
2, 5, 6, 53, 34, 0.25
2, 5, 8, 53, 28, 0.25
2, 6, 9, 53, 5, 0.25
2, 7, 8, 53, 31, 0.25
2, 8, 9, 53, 18, 0.25
2, 1, 2, 54, 2, 0.25
2, 1, 4, 54, 26, 0.25
2, 2, 3, 54, 27, 0.25
2, 2, 5, 54, 25, 0.25
2, 3, 6, 54, 23, 0.25
2, 4, 5, 54, 32, 0.25
2, 4, 7, 54, 28, 0.25
2, 5, 8, 54, 2, 0.25
2, 6, 9, 54, 14, 0.25
2, 7, 8, 54, 12, 0.25
2, 8, 9, 54, 12, 0.25
2, 1, 4, 55, 6, 0.25
2, 2, 3, 55, 30, 0.25
2, 4, 7, 55, 16, 0.25
2, 5, 6, 55, 9, 0.25
2, 5, 8, 55, 32, 0.25
2, 7, 8, 55, 31, 0.25
2, 8, 9, 55, 32, 0.25
2, 1, 2, 56, 22, 0.25
2, 2, 3, 56, 14, 0.25
2, 2, 5, 56, 28, 0.25
2, 4, 5, 56, 27, 0.25
2, 4, 7, 56, 22, 0.25
2, 5, 6, 56, 12, 0.25
2, 6, 9, 56, 19, 0.25
2, 7, 8, 56, 12, 0.25
2, 8, 9, 56, 2, 0.25
2, 1, 2, 57, 17, 0.25
2, 1, 4, 57, 15, 0.25
2, 2, 3, 57, 11, 0.25
2, 2, 5, 57, 1, 0.25
2, 3, 6, 57, 9, 0.25
2, 4, 5, 57, 17, 0.25
2, 4, 7, 57, 9, 0.25
2, 5, 6, 57, 19, 0.25
2, 6, 9, 57, 16, 0.25
2, 8, 9, 57, 22, 0.25
2, 1, 2, 58, 19, 0.25
2, 1, 4, 58, 17, 0.25
2, 2, 5, 58, 12, 0.25
2, 3, 6, 58, 17, 0.25
2, 4, 5, 58, 20, 0.25
2, 4, 7, 58, 28, 0.25
2, 5, 6, 58, 18, 0.25
2, 5, 8, 58, 2, 0.25
2, 6, 9, 58, 3, 0.25
2, 7, 8, 58, 2, 0.25
2, 1, 4, 59, 16, 0.25
2, 2, 3, 59, 15, 0.25
2, 2, 5, 59, 9, 0.25
2, 4, 5, 59, 17, 0.25
2, 5, 8, 59, 7, 0.25
2, 6, 9, 59, 9, 0.25
2, 8, 9, 59, 16, 0.25
2, 1, 2, 60, 14, 0.25
2, 1, 4, 60, 4, 0.25
2, 3, 6, 60, 21, 0.25
2, 4, 5, 60, 19, 0.25
2, 4, 7, 60, 13, 0.25
2, 5, 6, 60, 10, 0.25
2, 5, 8, 60, 4, 0.25
2, 6, 9, 60, 22, 0.25
2, 7, 8, 60, 15, 0.25
2, 8, 9, 60, 13, 0.25
2, 1, 2, 61, 12, 0.25
2, 1, 4, 61, 8, 0.25
2, 3, 6, 61, 10, 0.25
2, 4, 7, 61, 7, 0.25
2, 5, 6, 61, 6, 0.25
2, 5, 8, 61, 18, 0.25
2, 6, 9, 61, 22, 0.25
2, 7, 8, 61, 14, 0.25
2, 2, 5, 62, 7, 0.25
2, 4, 5, 62, 8, 0.25
2, 4, 7, 62, 20, 0.25
2, 5, 6, 62, 5, 0.25
2, 6, 9, 62, 8, 0.25
2, 8, 9, 62, 6, 0.25
2, 1, 4, 63, 20, 0.25
2, 2, 3, 63, 25, 0.25
2, 4, 5, 63, 12, 0.25
2, 5, 8, 63, 15, 0.25
2, 6, 9, 63, 12, 0.25
2, 1, 2, 64, 4, 0.25
2, 3, 6, 64, 8, 0.25
2, 4, 5, 64, 21, 0.25
2, 4, 7, 64, 2, 0.25
2, 5, 6, 64, 14, 0.25
2, 6, 9, 64, 5, 0.25
2, 1, 2, 65, 10, 0.25
2, 3, 6, 65, 8, 0.25
2, 5, 6, 65, 5, 0.25
2, 5, 8, 65, 22, 0.25
2, 6, 9, 65, 24, 0.25
2, 8, 9, 65, 23, 0.25
2, 1, 2, 66, 4, 0.25
2, 1, 4, 66, 14, 0.25
2, 3, 6, 66, 7, 0.25
2, 4, 7, 66, 13, 0.25
2, 5, 6, 66, 15, 0.25
2, 6, 9, 66, 3, 0.25
2, 7, 8, 66, 13, 0.25
2, 1, 2, 67, 11, 0.25
2, 1, 4, 67, 17, 0.25
2, 2, 3, 67, 16, 0.25
2, 4, 7, 67, 2, 0.25
2, 5, 6, 67, 11, 0.25
2, 6, 9, 67, 21, 0.25
2, 7, 8, 67, 6, 0.25
2, 2, 5, 68, 2, 0.25
2, 3, 6, 68, 11, 0.25
2, 4, 5, 68, 19, 0.25
2, 4, 7, 68, 11, 0.25
2, 8, 9, 68, 6, 0.25
2, 1, 2, 69, 7, 0.25
2, 1, 4, 69, 5, 0.25
2, 2, 5, 69, 1, 0.25
2, 5, 6, 69, 15, 0.25
2, 6, 9, 69, 16, 0.25
2, 7, 8, 69, 16, 0.25
2, 1, 2, 70, 13, 0.25
2, 2, 3, 70, 9, 0.25
2, 2, 5, 70, 3, 0.25
2, 4, 5, 70, 14, 0.25
2, 5, 8, 70, 14, 0.25
2, 6, 9, 70, 2, 0.25
2, 7, 8, 70, 5, 0.25
2, 1, 2, 71, 1, 0.25
2, 1, 4, 71, 8, 0.25
2, 2, 3, 71, 3, 0.25
2, 4, 7, 71, 9, 0.25
2, 5, 8, 71, 6, 0.25
2, 6, 9, 71, 11, 0.25
2, 8, 9, 71, 18, 0.25
2, 1, 2, 72, 17, 0.25
2, 2, 3, 72, 11, 0.25
2, 2, 5, 72, 15, 0.25
2, 3, 6, 72, 5, 0.25
2, 4, 5, 72, 6, 0.25
2, 5, 6, 72, 14, 0.25
2, 8, 9, 72, 11, 0.25
2, 1, 2, 73, 2, 0.25
2, 5, 6, 73, 10, 0.25
2, 5, 8, 73, 8, 0.25
2, 2, 3, 74, 15, 0.25
2, 2, 5, 74, 4, 0.25
2, 4, 5, 74, 10, 0.25
2, 4, 7, 74, 7, 0.25
2, 5, 6, 74, 11, 0.25
2, 5, 8, 74, 9, 0.25
2, 8, 9, 74, 5, 0.25
2, 4, 5, 75, 10, 0.25
2, 4, 7, 75, 11, 0.25
2, 5, 6, 75, 6, 0.25
2, 5, 8, 75, 2, 0.25
2, 1, 2, 76, 7, 0.25
2, 2, 3, 76, 13, 0.25
2, 4, 5, 76, 7, 0.25
2, 8, 9, 76, 7, 0.25
2, 2, 5, 77, 12, 0.25
2, 4, 5, 77, 6, 0.25
2, 8, 9, 77, 5, 0.25
2, 1, 4, 78, 7, 0.25
2, 5, 8, 78, 9, 0.25
2, 8, 9, 78, 4, 0.25
2, 5, 6, 79, 3, 0.25
2, 2, 3, 80, 4, 0.25
2, 6, 9, 80, 6, 0.25
2, 1, 4, 81, 4, 0.25
2, 2, 3, 83, 3, 0.25
2, 4, 7, 83, 2, 0.25
2, 6, 9, 83, 3, 0.25
2, 1, 2, 84, 2, 0.25
2, 5, 6, 84, 2, 0.25
2, 8, 9, 85, 4, 0.25
2, 2, 3, 86, 3, 0.25
2, 2, 3, 87, 2, 0.25
3, 1, 2, 0, 8, 0.25
3, 1, 4, 0, 6, 0.25
3, 2, 3, 0, 1, 0.25
3, 2, 5, 0, 36, 0.25
3, 3, 6, 0, 5, 0.25
3, 4, 5, 0, 30, 0.25
3, 4, 7, 0, 35, 0.25
3, 5, 6, 0, 15, 0.25
3, 5, 8, 0, 41, 0.25
3, 6, 9, 0, 25, 0.25
3, 7, 8, 0, 15, 0.25
3, 8, 9, 0, 31, 0.25
3, 1, 2, 1, 17, 0.25
3, 1, 4, 1, 33, 0.25
3, 2, 3, 1, 17, 0.25
3, 2, 5, 1, 21, 0.25
3, 3, 6, 1, 16, 0.25
3, 4, 5, 1, 22, 0.25
3, 4, 7, 1, 16, 0.25
3, 5, 6, 1, 34, 0.25
3, 5, 8, 1, 13, 0.25
3, 6, 9, 1, 8, 0.25
3, 7, 8, 1, 10, 0.25
3, 8, 9, 1, 20, 0.25
3, 1, 2, 2, 20, 0.25
3, 1, 4, 2, 21, 0.25
3, 2, 3, 2, 6, 0.25
3, 2, 5, 2, 18, 0.25
3, 3, 6, 2, 7, 0.25
3, 4, 5, 2, 10, 0.25
3, 4, 7, 2, 24, 0.25
3, 5, 6, 2, 26, 0.25
3, 5, 8, 2, 19, 0.25
3, 6, 9, 2, 30, 0.25
3, 7, 8, 2, 38, 0.25
3, 8, 9, 2, 44, 0.25
3, 1, 2, 3, 28, 0.25
3, 1, 4, 3, 26, 0.25
3, 2, 3, 3, 15, 0.25
3, 2, 5, 3, 42, 0.25
3, 3, 6, 3, 24, 0.25
3, 4, 5, 3, 37, 0.25
3, 4, 7, 3, 4, 0.25
3, 5, 6, 3, 36, 0.25
3, 5, 8, 3, 29, 0.25
3, 6, 9, 3, 35, 0.25
3, 7, 8, 3, 24, 0.25
3, 8, 9, 3, 6, 0.25
3, 1, 2, 4, 14, 0.25
3, 1, 4, 4, 14, 0.25
3, 2, 3, 4, 31, 0.25
3, 2, 5, 4, 8, 0.25
3, 3, 6, 4, 4, 0.25
3, 4, 5, 4, 1, 0.25
3, 4, 7, 4, 14, 0.25
3, 5, 6, 4, 28, 0.25
3, 5, 8, 4, 11, 0.25
3, 6, 9, 4, 11, 0.25
3, 7, 8, 4, 41, 0.25
3, 8, 9, 4, 7, 0.25
3, 1, 2, 5, 12, 0.25
3, 1, 4, 5, 26, 0.25
3, 2, 3, 5, 13, 0.25
3, 2, 5, 5, 8, 0.25
3, 3, 6, 5, 4, 0.25
3, 4, 5, 5, 13, 0.25
3, 4, 7, 5, 22, 0.25
3, 5, 6, 5, 35, 0.25
3, 5, 8, 5, 16, 0.25
3, 6, 9, 5, 22, 0.25
3, 7, 8, 5, 31, 0.25
3, 8, 9, 5, 20, 0.25
3, 1, 2, 6, 42, 0.25
3, 1, 4, 6, 17, 0.25
3, 2, 3, 6, 35, 0.25
3, 2, 5, 6, 34, 0.25
3, 3, 6, 6, 6, 0.25
3, 4, 5, 6, 6, 0.25
3, 4, 7, 6, 20, 0.25
3, 5, 6, 6, 21, 0.25
3, 5, 8, 6, 10, 0.25
3, 6, 9, 6, 9, 0.25
3, 7, 8, 6, 5, 0.25
3, 8, 9, 6, 2, 0.25
3, 1, 2, 7, 43, 0.25
3, 1, 4, 7, 11, 0.25
3, 2, 3, 7, 17, 0.25
3, 2, 5, 7, 35, 0.25
3, 3, 6, 7, 40, 0.25
3, 4, 5, 7, 9, 0.25
3, 4, 7, 7, 39, 0.25
3, 5, 6, 7, 44, 0.25
3, 5, 8, 7, 23, 0.25
3, 6, 9, 7, 10, 0.25
3, 7, 8, 7, 19, 0.25
3, 8, 9, 7, 8, 0.25
3, 1, 2, 8, 17, 0.25
3, 1, 4, 8, 11, 0.25
3, 2, 3, 8, 10, 0.25
3, 2, 5, 8, 35, 0.25
3, 3, 6, 8, 15, 0.25
3, 4, 5, 8, 30, 0.25
3, 4, 7, 8, 19, 0.25
3, 5, 6, 8, 20, 0.25
3, 5, 8, 8, 33, 0.25
3, 6, 9, 8, 44, 0.25
3, 7, 8, 8, 40, 0.25
3, 8, 9, 8, 31, 0.25
3, 1, 2, 9, 14, 0.25
3, 1, 4, 9, 40, 0.25
3, 2, 3, 9, 22, 0.25
3, 2, 5, 9, 21, 0.25
3, 3, 6, 9, 26, 0.25
3, 4, 5, 9, 27, 0.25
3, 4, 7, 9, 12, 0.25
3, 5, 6, 9, 17, 0.25
3, 5, 8, 9, 3, 0.25
3, 6, 9, 9, 32, 0.25
3, 7, 8, 9, 17, 0.25
3, 8, 9, 9, 23, 0.25
3, 1, 2, 10, 36, 0.25
3, 1, 4, 10, 25, 0.25
3, 2, 3, 10, 40, 0.25
3, 2, 5, 10, 39, 0.25
3, 3, 6, 10, 10, 0.25
3, 4, 5, 10, 6, 0.25
3, 4, 7, 10, 26, 0.25
3, 5, 6, 10, 4, 0.25
3, 5, 8, 10, 32, 0.25
3, 6, 9, 10, 6, 0.25
3, 7, 8, 10, 31, 0.25
3, 8, 9, 10, 28, 0.25
3, 1, 2, 11, 9, 0.25
3, 1, 4, 11, 36, 0.25
3, 2, 3, 11, 27, 0.25
3, 2, 5, 11, 36, 0.25
3, 3, 6, 11, 8, 0.25
3, 4, 5, 11, 19, 0.25
3, 4, 7, 11, 31, 0.25
3, 5, 6, 11, 33, 0.25
3, 5, 8, 11, 42, 0.25
3, 6, 9, 11, 21, 0.25
3, 7, 8, 11, 6, 0.25
3, 8, 9, 11, 37, 0.25
3, 1, 2, 12, 16, 0.25
3, 1, 4, 12, 35, 0.25
3, 2, 3, 12, 16, 0.25
3, 2, 5, 12, 23, 0.25
3, 3, 6, 12, 40, 0.25
3, 4, 5, 12, 17, 0.25
3, 4, 7, 12, 8, 0.25
3, 5, 6, 12, 34, 0.25
3, 5, 8, 12, 39, 0.25
3, 6, 9, 12, 29, 0.25
3, 7, 8, 12, 32, 0.25
3, 8, 9, 12, 10, 0.25
3, 1, 2, 13, 42, 0.25
3, 1, 4, 13, 5, 0.25
3, 2, 3, 13, 39, 0.25
3, 2, 5, 13, 21, 0.25
3, 3, 6, 13, 40, 0.25
3, 4, 5, 13, 10, 0.25
3, 4, 7, 13, 31, 0.25
3, 5, 6, 13, 43, 0.25
3, 5, 8, 13, 3, 0.25
3, 6, 9, 13, 40, 0.25
3, 7, 8, 13, 31, 0.25
3, 8, 9, 13, 31, 0.25
3, 1, 2, 14, 29, 0.25
3, 1, 4, 14, 21, 0.25
3, 2, 3, 14, 43, 0.25
3, 2, 5, 14, 12, 0.25
3, 3, 6, 14, 6, 0.25
3, 4, 5, 14, 15, 0.25
3, 4, 7, 14, 9, 0.25
3, 5, 6, 14, 15, 0.25
3, 5, 8, 14, 25, 0.25
3, 6, 9, 14, 6, 0.25
3, 7, 8, 14, 25, 0.25
3, 8, 9, 14, 41, 0.25
3, 1, 2, 15, 8, 0.25
3, 1, 4, 15, 41, 0.25
3, 2, 3, 15, 6, 0.25
3, 2, 5, 15, 27, 0.25
3, 3, 6, 15, 43, 0.25
3, 4, 5, 15, 15, 0.25
3, 4, 7, 15, 42, 0.25
3, 5, 6, 15, 25, 0.25
3, 5, 8, 15, 27, 0.25
3, 6, 9, 15, 38, 0.25
3, 7, 8, 15, 9, 0.25
3, 8, 9, 15, 17, 0.25
3, 1, 2, 16, 17, 0.25
3, 1, 4, 16, 2, 0.25
3, 2, 3, 16, 5, 0.25
3, 2, 5, 16, 40, 0.25
3, 3, 6, 16, 32, 0.25
3, 4, 5, 16, 26, 0.25
3, 4, 7, 16, 16, 0.25
3, 5, 6, 16, 23, 0.25
3, 5, 8, 16, 8, 0.25
3, 6, 9, 16, 30, 0.25
3, 7, 8, 16, 27, 0.25
3, 8, 9, 16, 5, 0.25
3, 1, 2, 17, 30, 0.25
3, 1, 4, 17, 23, 0.25
3, 2, 3, 17, 27, 0.25
3, 2, 5, 17, 25, 0.25
3, 3, 6, 17, 16, 0.25
3, 4, 5, 17, 42, 0.25
3, 4, 7, 17, 3, 0.25
3, 5, 6, 17, 6, 0.25
3, 5, 8, 17, 26, 0.25
3, 6, 9, 17, 17, 0.25
3, 7, 8, 17, 12, 0.25
3, 8, 9, 17, 13, 0.25
3, 1, 2, 18, 32, 0.25
3, 1, 4, 18, 17, 0.25
3, 2, 3, 18, 18, 0.25
3, 2, 5, 18, 42, 0.25
3, 3, 6, 18, 32, 0.25
3, 4, 5, 18, 26, 0.25
3, 4, 7, 18, 29, 0.25
3, 5, 6, 18, 42, 0.25
3, 5, 8, 18, 36, 0.25
3, 6, 9, 18, 28, 0.25
3, 7, 8, 18, 3, 0.25
3, 8, 9, 18, 35, 0.25
3, 1, 2, 19, 21, 0.25
3, 1, 4, 19, 14, 0.25
3, 2, 3, 19, 14, 0.25
3, 2, 5, 19, 37, 0.25
3, 3, 6, 19, 32, 0.25
3, 4, 5, 19, 35, 0.25
3, 4, 7, 19, 30, 0.25
3, 5, 6, 19, 33, 0.25
3, 5, 8, 19, 2, 0.25
3, 6, 9, 19, 34, 0.25
3, 7, 8, 19, 23, 0.25
3, 8, 9, 19, 44, 0.25
3, 1, 2, 20, 13, 0.25
3, 1, 4, 20, 39, 0.25
3, 2, 3, 20, 25, 0.25
3, 2, 5, 20, 10, 0.25
3, 3, 6, 20, 14, 0.25
3, 4, 5, 20, 13, 0.25
3, 4, 7, 20, 1, 0.25
3, 5, 6, 20, 6, 0.25
3, 5, 8, 20, 41, 0.25
3, 6, 9, 20, 11, 0.25
3, 7, 8, 20, 42, 0.25
3, 8, 9, 20, 41, 0.25
3, 1, 2, 21, 8, 0.25
3, 1, 4, 21, 38, 0.25
3, 2, 3, 21, 6, 0.25
3, 2, 5, 21, 11, 0.25
3, 3, 6, 21, 9, 0.25
3, 4, 5, 21, 16, 0.25
3, 4, 7, 21, 30, 0.25
3, 5, 6, 21, 18, 0.25
3, 5, 8, 21, 11, 0.25
3, 6, 9, 21, 31, 0.25
3, 7, 8, 21, 39, 0.25
3, 8, 9, 21, 2, 0.25
3, 1, 2, 22, 21, 0.25
3, 1, 4, 22, 19, 0.25
3, 2, 3, 22, 17, 0.25
3, 2, 5, 22, 10, 0.25
3, 3, 6, 22, 29, 0.25
3, 4, 5, 22, 3, 0.25
3, 4, 7, 22, 38, 0.25
3, 5, 6, 22, 18, 0.25
3, 5, 8, 22, 8, 0.25
3, 6, 9, 22, 21, 0.25
3, 7, 8, 22, 22, 0.25
3, 8, 9, 22, 3, 0.25
3, 1, 2, 23, 33, 0.25
3, 1, 4, 23, 42, 0.25
3, 2, 3, 23, 27, 0.25
3, 2, 5, 23, 19, 0.25
3, 3, 6, 23, 39, 0.25
3, 4, 5, 23, 28, 0.25
3, 4, 7, 23, 10, 0.25
3, 5, 6, 23, 3, 0.25
3, 5, 8, 23, 21, 0.25
3, 6, 9, 23, 2, 0.25
3, 7, 8, 23, 25, 0.25
3, 8, 9, 23, 36, 0.25
3, 1, 2, 24, 10, 0.25
3, 1, 4, 24, 36, 0.25
3, 2, 3, 24, 22, 0.25
3, 2, 5, 24, 21, 0.25
3, 3, 6, 24, 8, 0.25
3, 4, 5, 24, 25, 0.25
3, 4, 7, 24, 30, 0.25
3, 5, 6, 24, 40, 0.25
3, 5, 8, 24, 26, 0.25
3, 6, 9, 24, 25, 0.25
3, 7, 8, 24, 19, 0.25
3, 8, 9, 24, 18, 0.25
3, 1, 2, 25, 25, 0.25
3, 1, 4, 25, 43, 0.25
3, 2, 3, 25, 22, 0.25
3, 2, 5, 25, 17, 0.25
3, 3, 6, 25, 40, 0.25
3, 4, 5, 25, 33, 0.25
3, 4, 7, 25, 25, 0.25
3, 5, 6, 25, 10, 0.25
3, 5, 8, 25, 10, 0.25
3, 6, 9, 25, 33, 0.25
3, 7, 8, 25, 7, 0.25
3, 8, 9, 25, 28, 0.25
3, 1, 2, 26, 12, 0.25
3, 1, 4, 26, 8, 0.25
3, 2, 3, 26, 6, 0.25
3, 2, 5, 26, 9, 0.25
3, 3, 6, 26, 30, 0.25
3, 4, 5, 26, 12, 0.25
3, 4, 7, 26, 26, 0.25
3, 5, 6, 26, 35, 0.25
3, 5, 8, 26, 25, 0.25
3, 6, 9, 26, 10, 0.25
3, 7, 8, 26, 26, 0.25
3, 8, 9, 26, 29, 0.25
3, 1, 2, 27, 5, 0.25
3, 1, 4, 27, 36, 0.25
3, 2, 3, 27, 42, 0.25
3, 2, 5, 27, 2, 0.25
3, 3, 6, 27, 26, 0.25
3, 4, 5, 27, 14, 0.25
3, 4, 7, 27, 43, 0.25
3, 5, 6, 27, 17, 0.25
3, 5, 8, 27, 2, 0.25
3, 6, 9, 27, 7, 0.25
3, 7, 8, 27, 23, 0.25
3, 8, 9, 27, 33, 0.25
3, 1, 2, 28, 7, 0.25
3, 1, 4, 28, 19, 0.25
3, 2, 3, 28, 33, 0.25
3, 2, 5, 28, 8, 0.25
3, 3, 6, 28, 13, 0.25
3, 4, 5, 28, 40, 0.25
3, 4, 7, 28, 34, 0.25
3, 5, 6, 28, 34, 0.25
3, 5, 8, 28, 14, 0.25
3, 6, 9, 28, 26, 0.25
3, 7, 8, 28, 41, 0.25
3, 8, 9, 28, 26, 0.25
3, 1, 2, 29, 21, 0.25
3, 1, 4, 29, 9, 0.25
3, 2, 3, 29, 44, 0.25
3, 2, 5, 29, 32, 0.25
3, 3, 6, 29, 29, 0.25
3, 4, 5, 29, 23, 0.25
3, 4, 7, 29, 36, 0.25
3, 5, 6, 29, 18, 0.25
3, 5, 8, 29, 27, 0.25
3, 6, 9, 29, 39, 0.25
3, 7, 8, 29, 30, 0.25
3, 8, 9, 29, 19, 0.25
3, 1, 2, 30, 27, 0.25
3, 1, 4, 30, 41, 0.25
3, 2, 3, 30, 16, 0.25
3, 2, 5, 30, 20, 0.25
3, 3, 6, 30, 8, 0.25
3, 4, 5, 30, 24, 0.25
3, 4, 7, 30, 11, 0.25
3, 5, 6, 30, 3, 0.25
3, 5, 8, 30, 27, 0.25
3, 6, 9, 30, 17, 0.25
3, 7, 8, 30, 18, 0.25
3, 8, 9, 30, 12, 0.25
3, 1, 2, 31, 40, 0.25
3, 1, 4, 31, 35, 0.25
3, 2, 3, 31, 42, 0.25
3, 2, 5, 31, 26, 0.25
3, 3, 6, 31, 4, 0.25
3, 4, 5, 31, 13, 0.25
3, 4, 7, 31, 36, 0.25
3, 5, 6, 31, 20, 0.25
3, 5, 8, 31, 26, 0.25
3, 6, 9, 31, 34, 0.25
3, 7, 8, 31, 10, 0.25
3, 8, 9, 31, 7, 0.25
3, 1, 2, 32, 39, 0.25
3, 1, 4, 32, 26, 0.25
3, 2, 3, 32, 35, 0.25
3, 2, 5, 32, 23, 0.25
3, 3, 6, 32, 14, 0.25
3, 4, 5, 32, 14, 0.25
3, 4, 7, 32, 43, 0.25
3, 5, 6, 32, 10, 0.25
3, 5, 8, 32, 11, 0.25
3, 6, 9, 32, 37, 0.25
3, 7, 8, 32, 28, 0.25
3, 8, 9, 32, 9, 0.25
3, 1, 2, 33, 44, 0.25
3, 1, 4, 33, 42, 0.25
3, 2, 3, 33, 28, 0.25
3, 2, 5, 33, 6, 0.25
3, 3, 6, 33, 5, 0.25
3, 4, 5, 33, 5, 0.25
3, 4, 7, 33, 11, 0.25
3, 5, 6, 33, 39, 0.25
3, 5, 8, 33, 17, 0.25
3, 6, 9, 33, 12, 0.25
3, 7, 8, 33, 12, 0.25
3, 8, 9, 33, 41, 0.25
3, 1, 2, 34, 32, 0.25
3, 1, 4, 34, 37, 0.25
3, 2, 3, 34, 10, 0.25
3, 2, 5, 34, 11, 0.25
3, 3, 6, 34, 17, 0.25
3, 4, 5, 34, 25, 0.25
3, 4, 7, 34, 18, 0.25
3, 5, 6, 34, 34, 0.25
3, 5, 8, 34, 3, 0.25
3, 6, 9, 34, 19, 0.25
3, 7, 8, 34, 10, 0.25
3, 8, 9, 34, 39, 0.25
3, 1, 2, 35, 42, 0.25
3, 1, 4, 35, 26, 0.25
3, 2, 3, 35, 36, 0.25
3, 2, 5, 35, 9, 0.25
3, 3, 6, 35, 37, 0.25
3, 4, 5, 35, 39, 0.25
3, 4, 7, 35, 34, 0.25
3, 5, 6, 35, 7, 0.25
3, 5, 8, 35, 17, 0.25
3, 6, 9, 35, 16, 0.25
3, 7, 8, 35, 11, 0.25
3, 8, 9, 35, 29, 0.25
3, 1, 2, 36, 27, 0.25
3, 1, 4, 36, 25, 0.25
3, 2, 3, 36, 21, 0.25
3, 2, 5, 36, 14, 0.25
3, 3, 6, 36, 37, 0.25
3, 4, 5, 36, 34, 0.25
3, 4, 7, 36, 43, 0.25
3, 5, 6, 36, 13, 0.25
3, 5, 8, 36, 5, 0.25
3, 6, 9, 36, 10, 0.25
3, 7, 8, 36, 5, 0.25
3, 8, 9, 36, 19, 0.25
3, 1, 2, 37, 43, 0.25
3, 1, 4, 37, 28, 0.25
3, 2, 3, 37, 22, 0.25
3, 2, 5, 37, 38, 0.25
3, 3, 6, 37, 43, 0.25
3, 4, 5, 37, 26, 0.25
3, 4, 7, 37, 26, 0.25
3, 5, 6, 37, 9, 0.25
3, 5, 8, 37, 36, 0.25
3, 6, 9, 37, 14, 0.25
3, 7, 8, 37, 36, 0.25
3, 8, 9, 37, 26, 0.25
3, 1, 2, 38, 16, 0.25
3, 1, 4, 38, 14, 0.25
3, 2, 3, 38, 39, 0.25
3, 2, 5, 38, 19, 0.25
3, 3, 6, 38, 38, 0.25
3, 4, 5, 38, 3, 0.25
3, 4, 7, 38, 38, 0.25
3, 5, 6, 38, 13, 0.25
3, 5, 8, 38, 37, 0.25
3, 6, 9, 38, 8, 0.25
3, 7, 8, 38, 10, 0.25
3, 8, 9, 38, 13, 0.25
3, 1, 2, 39, 40, 0.25
3, 1, 4, 39, 33, 0.25
3, 2, 3, 39, 12, 0.25
3, 2, 5, 39, 5, 0.25
3, 3, 6, 39, 23, 0.25
3, 4, 5, 39, 5, 0.25
3, 4, 7, 39, 1, 0.25
3, 5, 6, 39, 40, 0.25
3, 5, 8, 39, 5, 0.25
3, 6, 9, 39, 19, 0.25
3, 7, 8, 39, 11, 0.25
3, 8, 9, 39, 4, 0.25
3, 1, 2, 40, 40, 0.25
3, 1, 4, 40, 2, 0.25
3, 2, 3, 40, 6, 0.25
3, 2, 5, 40, 6, 0.25
3, 3, 6, 40, 34, 0.25
3, 4, 5, 40, 6, 0.25
3, 4, 7, 40, 12, 0.25
3, 5, 6, 40, 18, 0.25
3, 5, 8, 40, 37, 0.25
3, 6, 9, 40, 16, 0.25
3, 7, 8, 40, 15, 0.25
3, 8, 9, 40, 28, 0.25
3, 1, 2, 41, 43, 0.25
3, 1, 4, 41, 30, 0.25
3, 2, 3, 41, 31, 0.25
3, 2, 5, 41, 21, 0.25
3, 3, 6, 41, 10, 0.25
3, 4, 5, 41, 17, 0.25
3, 4, 7, 41, 36, 0.25
3, 5, 6, 41, 35, 0.25
3, 5, 8, 41, 43, 0.25
3, 6, 9, 41, 43, 0.25
3, 7, 8, 41, 21, 0.25
3, 8, 9, 41, 15, 0.25
3, 1, 2, 42, 10, 0.25
3, 1, 4, 42, 42, 0.25
3, 2, 3, 42, 20, 0.25
3, 2, 5, 42, 28, 0.25
3, 3, 6, 42, 2, 0.25
3, 4, 5, 42, 19, 0.25
3, 4, 7, 42, 35, 0.25
3, 5, 6, 42, 28, 0.25
3, 5, 8, 42, 8, 0.25
3, 6, 9, 42, 31, 0.25
3, 7, 8, 42, 41, 0.25
3, 8, 9, 42, 29, 0.25
3, 1, 2, 43, 17, 0.25
3, 1, 4, 43, 16, 0.25
3, 2, 3, 43, 4, 0.25
3, 2, 5, 43, 42, 0.25
3, 3, 6, 43, 2, 0.25
3, 4, 5, 43, 41, 0.25
3, 4, 7, 43, 30, 0.25
3, 5, 6, 43, 15, 0.25
3, 5, 8, 43, 33, 0.25
3, 6, 9, 43, 30, 0.25
3, 7, 8, 43, 18, 0.25
3, 8, 9, 43, 22, 0.25
3, 1, 2, 44, 9, 0.25
3, 1, 4, 44, 23, 0.25
3, 2, 3, 44, 25, 0.25
3, 2, 5, 44, 34, 0.25
3, 3, 6, 44, 15, 0.25
3, 4, 5, 44, 23, 0.25
3, 4, 7, 44, 29, 0.25
3, 5, 6, 44, 34, 0.25
3, 5, 8, 44, 36, 0.25
3, 6, 9, 44, 15, 0.25
3, 7, 8, 44, 11, 0.25
3, 8, 9, 44, 36, 0.25
3, 1, 2, 45, 39, 0.25
3, 1, 4, 45, 9, 0.25
3, 2, 3, 45, 9, 0.25
3, 2, 5, 45, 40, 0.25
3, 3, 6, 45, 28, 0.25
3, 4, 5, 45, 29, 0.25
3, 4, 7, 45, 34, 0.25
3, 5, 6, 45, 34, 0.25
3, 5, 8, 45, 20, 0.25
3, 6, 9, 45, 19, 0.25
3, 7, 8, 45, 6, 0.25
3, 8, 9, 45, 27, 0.25
3, 1, 2, 46, 32, 0.25
3, 1, 4, 46, 19, 0.25
3, 2, 3, 46, 32, 0.25
3, 2, 5, 46, 25, 0.25
3, 3, 6, 46, 18, 0.25
3, 4, 5, 46, 11, 0.25
3, 4, 7, 46, 32, 0.25
3, 5, 6, 46, 31, 0.25
3, 5, 8, 46, 30, 0.25
3, 6, 9, 46, 38, 0.25
3, 7, 8, 46, 24, 0.25
3, 8, 9, 46, 13, 0.25
3, 1, 2, 47, 10, 0.25
3, 1, 4, 47, 23, 0.25
3, 2, 3, 47, 41, 0.25
3, 2, 5, 47, 28, 0.25
3, 3, 6, 47, 31, 0.25
3, 4, 5, 47, 29, 0.25
3, 4, 7, 47, 40, 0.25
3, 5, 6, 47, 8, 0.25
3, 5, 8, 47, 34, 0.25
3, 6, 9, 47, 31, 0.25
3, 7, 8, 47, 31, 0.25
3, 8, 9, 47, 32, 0.25
3, 1, 2, 48, 3, 0.25
3, 1, 4, 48, 32, 0.25
3, 2, 3, 48, 19, 0.25
3, 2, 5, 48, 14, 0.25
3, 3, 6, 48, 24, 0.25
3, 4, 5, 48, 12, 0.25
3, 4, 7, 48, 27, 0.25
3, 5, 6, 48, 11, 0.25
3, 5, 8, 48, 37, 0.25
3, 6, 9, 48, 40, 0.25
3, 7, 8, 48, 38, 0.25
3, 1, 2, 49, 27, 0.25
3, 1, 4, 49, 11, 0.25
3, 2, 3, 49, 1, 0.25
3, 2, 5, 49, 29, 0.25
3, 3, 6, 49, 15, 0.25
3, 4, 5, 49, 30, 0.25
3, 4, 7, 49, 10, 0.25
3, 5, 6, 49, 31, 0.25
3, 5, 8, 49, 20, 0.25
3, 6, 9, 49, 3, 0.25
3, 8, 9, 49, 16, 0.25
3, 1, 2, 50, 26, 0.25
3, 2, 3, 50, 22, 0.25
3, 2, 5, 50, 11, 0.25
3, 3, 6, 50, 37, 0.25
3, 4, 5, 50, 20, 0.25
3, 4, 7, 50, 7, 0.25
3, 5, 6, 50, 33, 0.25
3, 5, 8, 50, 39, 0.25
3, 6, 9, 50, 32, 0.25
3, 7, 8, 50, 37, 0.25
3, 8, 9, 50, 13, 0.25
3, 1, 4, 51, 2, 0.25
3, 2, 3, 51, 19, 0.25
3, 2, 5, 51, 10, 0.25
3, 3, 6, 51, 34, 0.25
3, 4, 5, 51, 21, 0.25
3, 4, 7, 51, 14, 0.25
3, 5, 6, 51, 20, 0.25
3, 5, 8, 51, 4, 0.25
3, 8, 9, 51, 28, 0.25
3, 1, 2, 52, 28, 0.25
3, 2, 3, 52, 37, 0.25
3, 2, 5, 52, 26, 0.25
3, 3, 6, 52, 10, 0.25
3, 4, 5, 52, 34, 0.25
3, 5, 6, 52, 10, 0.25
3, 6, 9, 52, 14, 0.25
3, 7, 8, 52, 21, 0.25
3, 8, 9, 52, 10, 0.25
3, 1, 4, 53, 21, 0.25
3, 2, 5, 53, 23, 0.25
3, 3, 6, 53, 30, 0.25
3, 4, 5, 53, 8, 0.25
3, 4, 7, 53, 23, 0.25
3, 5, 6, 53, 5, 0.25
3, 5, 8, 53, 12, 0.25
3, 6, 9, 53, 32, 0.25
3, 7, 8, 53, 11, 0.25
3, 1, 2, 54, 2, 0.25
3, 1, 4, 54, 18, 0.25
3, 2, 5, 54, 2, 0.25
3, 3, 6, 54, 1, 0.25
3, 4, 5, 54, 29, 0.25
3, 4, 7, 54, 5, 0.25
3, 5, 6, 54, 32, 0.25
3, 7, 8, 54, 29, 0.25
3, 1, 2, 55, 5, 0.25
3, 1, 4, 55, 5, 0.25
3, 2, 5, 55, 4, 0.25
3, 3, 6, 55, 29, 0.25
3, 4, 5, 55, 26, 0.25
3, 5, 6, 55, 10, 0.25
3, 5, 8, 55, 18, 0.25
3, 6, 9, 55, 5, 0.25
3, 7, 8, 55, 8, 0.25
3, 8, 9, 55, 3, 0.25
3, 1, 2, 56, 2, 0.25
3, 2, 3, 56, 24, 0.25
3, 2, 5, 56, 28, 0.25
3, 3, 6, 56, 13, 0.25
3, 4, 7, 56, 4, 0.25
3, 5, 8, 56, 22, 0.25
3, 7, 8, 56, 21, 0.25
3, 1, 2, 57, 18, 0.25
3, 2, 3, 57, 11, 0.25
3, 2, 5, 57, 12, 0.25
3, 3, 6, 57, 3, 0.25
3, 4, 5, 57, 30, 0.25
3, 5, 8, 57, 13, 0.25
3, 6, 9, 57, 21, 0.25
3, 1, 2, 58, 3, 0.25
3, 1, 4, 58, 18, 0.25
3, 2, 5, 58, 3, 0.25
3, 3, 6, 58, 5, 0.25
3, 4, 5, 58, 15, 0.25
3, 4, 7, 58, 18, 0.25
3, 5, 6, 58, 28, 0.25
3, 6, 9, 58, 2, 0.25
3, 8, 9, 58, 31, 0.25
3, 1, 2, 59, 14, 0.25
3, 2, 5, 59, 6, 0.25
3, 3, 6, 59, 16, 0.25
3, 4, 7, 59, 15, 0.25
3, 5, 8, 59, 5, 0.25
3, 1, 2, 60, 11, 0.25
3, 1, 4, 60, 6, 0.25
3, 2, 3, 60, 19, 0.25
3, 2, 5, 60, 26, 0.25
3, 4, 7, 60, 11, 0.25
3, 1, 2, 61, 11, 0.25
3, 2, 3, 61, 19, 0.25
3, 2, 5, 61, 22, 0.25
3, 4, 5, 61, 12, 0.25
3, 4, 7, 61, 10, 0.25
3, 5, 6, 61, 22, 0.25
3, 6, 9, 61, 11, 0.25
3, 7, 8, 61, 15, 0.25
3, 8, 9, 61, 24, 0.25
3, 1, 4, 62, 21, 0.25
3, 3, 6, 62, 12, 0.25
3, 4, 5, 62, 19, 0.25
3, 4, 7, 62, 24, 0.25
3, 5, 6, 62, 16, 0.25
3, 6, 9, 62, 17, 0.25
3, 1, 2, 63, 20, 0.25
3, 1, 4, 63, 12, 0.25
3, 2, 3, 63, 22, 0.25
3, 3, 6, 63, 14, 0.25
3, 4, 5, 63, 26, 0.25
3, 7, 8, 63, 7, 0.25
3, 8, 9, 63, 13, 0.25
3, 1, 2, 64, 15, 0.25
3, 1, 4, 64, 20, 0.25
3, 2, 5, 64, 1, 0.25
3, 3, 6, 64, 4, 0.25
3, 4, 7, 64, 9, 0.25
3, 5, 6, 64, 17, 0.25
3, 5, 8, 64, 18, 0.25
3, 6, 9, 64, 21, 0.25
3, 8, 9, 64, 13, 0.25
3, 1, 2, 65, 11, 0.25
3, 2, 3, 65, 10, 0.25
3, 4, 5, 65, 16, 0.25
3, 4, 7, 65, 20, 0.25
3, 5, 6, 65, 16, 0.25
3, 6, 9, 65, 6, 0.25
3, 8, 9, 65, 7, 0.25
3, 1, 2, 66, 2, 0.25
3, 2, 3, 66, 17, 0.25
3, 2, 5, 66, 6, 0.25
3, 4, 5, 66, 16, 0.25
3, 6, 9, 66, 15, 0.25
3, 3, 6, 67, 15, 0.25
3, 4, 5, 67, 13, 0.25
3, 8, 9, 67, 3, 0.25
3, 3, 6, 68, 18, 0.25
3, 5, 8, 68, 3, 0.25
3, 4, 5, 69, 12, 0.25
3, 5, 6, 69, 9, 0.25
3, 8, 9, 69, 19, 0.25
3, 1, 2, 70, 7, 0.25
3, 1, 4, 70, 4, 0.25
3, 2, 3, 70, 4, 0.25
3, 2, 5, 70, 15, 0.25
3, 4, 5, 70, 8, 0.25
3, 4, 7, 70, 14, 0.25
3, 5, 8, 70, 5, 0.25
3, 6, 9, 70, 12, 0.25
3, 8, 9, 70, 13, 0.25
3, 1, 2, 71, 13, 0.25
3, 2, 3, 71, 4, 0.25
3, 2, 5, 71, 18, 0.25
3, 4, 7, 71, 9, 0.25
3, 5, 6, 71, 16, 0.25
3, 2, 3, 72, 2, 0.25
3, 4, 7, 72, 10, 0.25
3, 7, 8, 72, 4, 0.25
3, 1, 2, 73, 10, 0.25
3, 4, 5, 73, 10, 0.25
3, 5, 8, 73, 8, 0.25
3, 7, 8, 73, 3, 0.25
3, 8, 9, 73, 2, 0.25
3, 1, 2, 74, 11, 0.25
3, 4, 5, 74, 7, 0.25
3, 6, 9, 74, 8, 0.25
3, 8, 9, 74, 6, 0.25
3, 2, 3, 75, 6, 0.25
3, 3, 6, 75, 9, 0.25
3, 6, 9, 75, 14, 0.25
3, 7, 8, 75, 3, 0.25
3, 3, 6, 76, 5, 0.25
3, 8, 9, 76, 11, 0.25
3, 2, 3, 77, 10, 0.25
3, 3, 6, 77, 9, 0.25
3, 1, 2, 78, 9, 0.25
3, 4, 5, 78, 7, 0.25
3, 5, 6, 78, 7, 0.25
3, 2, 3, 79, 2, 0.25
3, 4, 7, 79, 6, 0.25
3, 5, 6, 79, 8, 0.25
3, 1, 2, 81, 7, 0.25
3, 5, 8, 81, 1, 0.25
3, 6, 9, 81, 4, 0.25
3, 7, 8, 81, 3, 0.25
3, 2, 3, 82, 4, 0.25
3, 4, 5, 82, 4, 0.25
3, 7, 8, 82, 5, 0.25
3, 6, 9, 83, 6, 0.25
3, 1, 4, 84, 5, 0.25
3, 2, 5, 84, 2, 0.25
3, 4, 7, 84, 4, 0.25
3, 3, 6, 85, 1, 0.25
3, 3, 6, 86, 1, 0.25
4, 1, 2, 0, 26, 0.25
4, 1, 4, 0, 40, 0.25
4, 2, 3, 0, 3, 0.25
4, 2, 5, 0, 31, 0.25
4, 3, 6, 0, 20, 0.25
4, 4, 5, 0, 1, 0.25
4, 4, 7, 0, 2, 0.25
4, 5, 6, 0, 23, 0.25
4, 5, 8, 0, 13, 0.25
4, 6, 9, 0, 44, 0.25
4, 7, 8, 0, 20, 0.25
4, 8, 9, 0, 16, 0.25
4, 1, 2, 1, 43, 0.25
4, 1, 4, 1, 26, 0.25
4, 2, 3, 1, 30, 0.25
4, 2, 5, 1, 29, 0.25
4, 3, 6, 1, 21, 0.25
4, 4, 5, 1, 19, 0.25
4, 4, 7, 1, 2, 0.25
4, 5, 6, 1, 8, 0.25
4, 5, 8, 1, 13, 0.25
4, 6, 9, 1, 9, 0.25
4, 7, 8, 1, 40, 0.25
4, 8, 9, 1, 20, 0.25
4, 1, 2, 2, 36, 0.25
4, 1, 4, 2, 4, 0.25
4, 2, 3, 2, 31, 0.25
4, 2, 5, 2, 21, 0.25
4, 3, 6, 2, 23, 0.25
4, 4, 5, 2, 21, 0.25
4, 4, 7, 2, 7, 0.25
4, 5, 6, 2, 9, 0.25
4, 5, 8, 2, 25, 0.25
4, 6, 9, 2, 8, 0.25
4, 7, 8, 2, 17, 0.25
4, 8, 9, 2, 18, 0.25
4, 1, 2, 3, 34, 0.25
4, 1, 4, 3, 4, 0.25
4, 2, 3, 3, 30, 0.25
4, 2, 5, 3, 14, 0.25
4, 3, 6, 3, 24, 0.25
4, 4, 5, 3, 25, 0.25
4, 4, 7, 3, 31, 0.25
4, 5, 6, 3, 7, 0.25
4, 5, 8, 3, 2, 0.25
4, 6, 9, 3, 35, 0.25
4, 7, 8, 3, 20, 0.25
4, 8, 9, 3, 42, 0.25
4, 1, 2, 4, 14, 0.25
4, 1, 4, 4, 12, 0.25
4, 2, 3, 4, 13, 0.25
4, 2, 5, 4, 2, 0.25
4, 3, 6, 4, 19, 0.25
4, 4, 5, 4, 32, 0.25
4, 4, 7, 4, 22, 0.25
4, 5, 6, 4, 22, 0.25
4, 5, 8, 4, 3, 0.25
4, 6, 9, 4, 16, 0.25
4, 7, 8, 4, 38, 0.25
4, 8, 9, 4, 38, 0.25
4, 1, 2, 5, 27, 0.25
4, 1, 4, 5, 36, 0.25
4, 2, 3, 5, 36, 0.25
4, 2, 5, 5, 39, 0.25
4, 3, 6, 5, 4, 0.25
4, 4, 5, 5, 30, 0.25
4, 4, 7, 5, 33, 0.25
4, 5, 6, 5, 15, 0.25
4, 5, 8, 5, 36, 0.25
4, 6, 9, 5, 28, 0.25
4, 7, 8, 5, 20, 0.25
4, 8, 9, 5, 6, 0.25
4, 1, 2, 6, 31, 0.25
4, 1, 4, 6, 35, 0.25
4, 2, 3, 6, 19, 0.25
4, 2, 5, 6, 34, 0.25
4, 3, 6, 6, 2, 0.25
4, 4, 5, 6, 22, 0.25
4, 4, 7, 6, 34, 0.25
4, 5, 6, 6, 37, 0.25
4, 5, 8, 6, 32, 0.25
4, 6, 9, 6, 33, 0.25
4, 7, 8, 6, 18, 0.25
4, 8, 9, 6, 30, 0.25
4, 1, 2, 7, 6, 0.25
4, 1, 4, 7, 5, 0.25
4, 2, 3, 7, 37, 0.25
4, 2, 5, 7, 7, 0.25
4, 3, 6, 7, 7, 0.25
4, 4, 5, 7, 6, 0.25
4, 4, 7, 7, 3, 0.25
4, 5, 6, 7, 12, 0.25
4, 5, 8, 7, 33, 0.25
4, 6, 9, 7, 33, 0.25
4, 7, 8, 7, 43, 0.25
4, 8, 9, 7, 7, 0.25
4, 1, 2, 8, 34, 0.25
4, 1, 4, 8, 38, 0.25
4, 2, 3, 8, 3, 0.25
4, 2, 5, 8, 16, 0.25
4, 3, 6, 8, 37, 0.25
4, 4, 5, 8, 13, 0.25
4, 4, 7, 8, 22, 0.25
4, 5, 6, 8, 14, 0.25
4, 5, 8, 8, 5, 0.25
4, 6, 9, 8, 16, 0.25
4, 7, 8, 8, 24, 0.25
4, 8, 9, 8, 15, 0.25
4, 1, 2, 9, 32, 0.25
4, 1, 4, 9, 13, 0.25
4, 2, 3, 9, 23, 0.25
4, 2, 5, 9, 38, 0.25
4, 3, 6, 9, 12, 0.25
4, 4, 5, 9, 27, 0.25
4, 4, 7, 9, 17, 0.25
4, 5, 6, 9, 14, 0.25
4, 5, 8, 9, 25, 0.25
4, 6, 9, 9, 43, 0.25
4, 7, 8, 9, 6, 0.25
4, 8, 9, 9, 14, 0.25
4, 1, 2, 10, 42, 0.25
4, 1, 4, 10, 3, 0.25
4, 2, 3, 10, 27, 0.25
4, 2, 5, 10, 27, 0.25
4, 3, 6, 10, 2, 0.25
4, 4, 5, 10, 39, 0.25
4, 4, 7, 10, 13, 0.25
4, 5, 6, 10, 8, 0.25
4, 5, 8, 10, 28, 0.25
4, 6, 9, 10, 2, 0.25
4, 7, 8, 10, 38, 0.25
4, 8, 9, 10, 27, 0.25
4, 1, 2, 11, 33, 0.25
4, 1, 4, 11, 40, 0.25
4, 2, 3, 11, 26, 0.25
4, 2, 5, 11, 21, 0.25
4, 3, 6, 11, 26, 0.25
4, 4, 5, 11, 36, 0.25
4, 4, 7, 11, 26, 0.25
4, 5, 6, 11, 44, 0.25
4, 5, 8, 11, 32, 0.25
4, 6, 9, 11, 29, 0.25
4, 7, 8, 11, 16, 0.25
4, 8, 9, 11, 36, 0.25
4, 1, 2, 12, 26, 0.25
4, 1, 4, 12, 12, 0.25
4, 2, 3, 12, 26, 0.25
4, 2, 5, 12, 14, 0.25
4, 3, 6, 12, 5, 0.25
4, 4, 5, 12, 13, 0.25
4, 4, 7, 12, 29, 0.25
4, 5, 6, 12, 7, 0.25
4, 5, 8, 12, 32, 0.25
4, 6, 9, 12, 40, 0.25
4, 7, 8, 12, 23, 0.25
4, 8, 9, 12, 18, 0.25
4, 1, 2, 13, 34, 0.25
4, 1, 4, 13, 30, 0.25
4, 2, 3, 13, 16, 0.25
4, 2, 5, 13, 9, 0.25
4, 3, 6, 13, 40, 0.25
4, 4, 5, 13, 32, 0.25
4, 4, 7, 13, 26, 0.25
4, 5, 6, 13, 41, 0.25
4, 5, 8, 13, 20, 0.25
4, 6, 9, 13, 18, 0.25
4, 7, 8, 13, 30, 0.25
4, 8, 9, 13, 26, 0.25
4, 1, 2, 14, 43, 0.25
4, 1, 4, 14, 35, 0.25
4, 2, 3, 14, 41, 0.25
4, 2, 5, 14, 21, 0.25
4, 3, 6, 14, 19, 0.25
4, 4, 5, 14, 40, 0.25
4, 4, 7, 14, 2, 0.25
4, 5, 6, 14, 32, 0.25
4, 5, 8, 14, 37, 0.25
4, 6, 9, 14, 18, 0.25
4, 7, 8, 14, 3, 0.25
4, 8, 9, 14, 30, 0.25
4, 1, 2, 15, 6, 0.25
4, 1, 4, 15, 11, 0.25
4, 2, 3, 15, 21, 0.25
4, 2, 5, 15, 33, 0.25
4, 3, 6, 15, 39, 0.25
4, 4, 5, 15, 9, 0.25
4, 4, 7, 15, 26, 0.25
4, 5, 6, 15, 20, 0.25
4, 5, 8, 15, 43, 0.25
4, 6, 9, 15, 11, 0.25
4, 7, 8, 15, 8, 0.25
4, 8, 9, 15, 32, 0.25
4, 1, 2, 16, 6, 0.25
4, 1, 4, 16, 16, 0.25
4, 2, 3, 16, 26, 0.25
4, 2, 5, 16, 42, 0.25
4, 3, 6, 16, 15, 0.25
4, 4, 5, 16, 4, 0.25
4, 4, 7, 16, 28, 0.25
4, 5, 6, 16, 7, 0.25
4, 5, 8, 16, 10, 0.25
4, 6, 9, 16, 28, 0.25
4, 7, 8, 16, 18, 0.25
4, 8, 9, 16, 36, 0.25
4, 1, 2, 17, 34, 0.25
4, 1, 4, 17, 30, 0.25
4, 2, 3, 17, 6, 0.25
4, 2, 5, 17, 8, 0.25
4, 3, 6, 17, 36, 0.25
4, 4, 5, 17, 20, 0.25
4, 4, 7, 17, 13, 0.25
4, 5, 6, 17, 13, 0.25
4, 5, 8, 17, 42, 0.25
4, 6, 9, 17, 10, 0.25
4, 7, 8, 17, 38, 0.25
4, 8, 9, 17, 24, 0.25
4, 1, 2, 18, 6, 0.25
4, 1, 4, 18, 14, 0.25
4, 2, 3, 18, 8, 0.25
4, 2, 5, 18, 17, 0.25
4, 3, 6, 18, 43, 0.25
4, 4, 5, 18, 28, 0.25
4, 4, 7, 18, 27, 0.25
4, 5, 6, 18, 17, 0.25
4, 5, 8, 18, 5, 0.25
4, 6, 9, 18, 7, 0.25
4, 7, 8, 18, 14, 0.25
4, 8, 9, 18, 27, 0.25
4, 1, 2, 19, 36, 0.25
4, 1, 4, 19, 39, 0.25
4, 2, 3, 19, 1, 0.25
4, 2, 5, 19, 41, 0.25
4, 3, 6, 19, 5, 0.25
4, 4, 5, 19, 30, 0.25
4, 4, 7, 19, 16, 0.25
4, 5, 6, 19, 29, 0.25
4, 5, 8, 19, 35, 0.25
4, 6, 9, 19, 37, 0.25
4, 7, 8, 19, 9, 0.25
4, 8, 9, 19, 16, 0.25
4, 1, 2, 20, 35, 0.25
4, 1, 4, 20, 44, 0.25
4, 2, 3, 20, 21, 0.25
4, 2, 5, 20, 28, 0.25
4, 3, 6, 20, 43, 0.25
4, 4, 5, 20, 28, 0.25
4, 4, 7, 20, 12, 0.25
4, 5, 6, 20, 18, 0.25
4, 5, 8, 20, 27, 0.25
4, 6, 9, 20, 21, 0.25
4, 7, 8, 20, 33, 0.25
4, 8, 9, 20, 27, 0.25
4, 1, 2, 21, 28, 0.25
4, 1, 4, 21, 16, 0.25
4, 2, 3, 21, 22, 0.25
4, 2, 5, 21, 29, 0.25
4, 3, 6, 21, 9, 0.25
4, 4, 5, 21, 33, 0.25
4, 4, 7, 21, 39, 0.25
4, 5, 6, 21, 42, 0.25
4, 5, 8, 21, 9, 0.25
4, 6, 9, 21, 37, 0.25
4, 7, 8, 21, 25, 0.25
4, 8, 9, 21, 23, 0.25
4, 1, 2, 22, 18, 0.25
4, 1, 4, 22, 17, 0.25
4, 2, 3, 22, 37, 0.25
4, 2, 5, 22, 19, 0.25
4, 3, 6, 22, 31, 0.25
4, 4, 5, 22, 32, 0.25
4, 4, 7, 22, 30, 0.25
4, 5, 6, 22, 37, 0.25
4, 5, 8, 22, 3, 0.25
4, 6, 9, 22, 33, 0.25
4, 7, 8, 22, 9, 0.25
4, 8, 9, 22, 42, 0.25
4, 1, 2, 23, 41, 0.25
4, 1, 4, 23, 33, 0.25
4, 2, 3, 23, 40, 0.25
4, 2, 5, 23, 8, 0.25
4, 3, 6, 23, 23, 0.25
4, 4, 5, 23, 17, 0.25
4, 4, 7, 23, 37, 0.25
4, 5, 6, 23, 26, 0.25
4, 5, 8, 23, 39, 0.25
4, 6, 9, 23, 12, 0.25
4, 7, 8, 23, 8, 0.25
4, 8, 9, 23, 32, 0.25
4, 1, 2, 24, 20, 0.25
4, 1, 4, 24, 5, 0.25
4, 2, 3, 24, 22, 0.25
4, 2, 5, 24, 2, 0.25
4, 3, 6, 24, 22, 0.25
4, 4, 5, 24, 26, 0.25
4, 4, 7, 24, 36, 0.25
4, 5, 6, 24, 42, 0.25
4, 5, 8, 24, 32, 0.25
4, 6, 9, 24, 8, 0.25
4, 7, 8, 24, 12, 0.25
4, 8, 9, 24, 24, 0.25
4, 1, 2, 25, 10, 0.25
4, 1, 4, 25, 30, 0.25
4, 2, 3, 25, 14, 0.25
4, 2, 5, 25, 25, 0.25
4, 3, 6, 25, 39, 0.25
4, 4, 5, 25, 11, 0.25
4, 4, 7, 25, 6, 0.25
4, 5, 6, 25, 15, 0.25
4, 5, 8, 25, 29, 0.25
4, 6, 9, 25, 18, 0.25
4, 7, 8, 25, 5, 0.25
4, 8, 9, 25, 43, 0.25
4, 1, 2, 26, 36, 0.25
4, 1, 4, 26, 9, 0.25
4, 2, 3, 26, 15, 0.25
4, 2, 5, 26, 38, 0.25
4, 3, 6, 26, 8, 0.25
4, 4, 5, 26, 13, 0.25
4, 4, 7, 26, 35, 0.25
4, 5, 6, 26, 17, 0.25
4, 5, 8, 26, 31, 0.25
4, 6, 9, 26, 1, 0.25
4, 7, 8, 26, 16, 0.25
4, 8, 9, 26, 35, 0.25
4, 1, 2, 27, 43, 0.25
4, 1, 4, 27, 2, 0.25
4, 2, 3, 27, 39, 0.25
4, 2, 5, 27, 35, 0.25
4, 3, 6, 27, 33, 0.25
4, 4, 5, 27, 4, 0.25
4, 4, 7, 27, 40, 0.25
4, 5, 6, 27, 4, 0.25
4, 5, 8, 27, 36, 0.25
4, 6, 9, 27, 35, 0.25
4, 7, 8, 27, 31, 0.25
4, 8, 9, 27, 31, 0.25
4, 1, 2, 28, 13, 0.25
4, 1, 4, 28, 13, 0.25
4, 2, 3, 28, 19, 0.25
4, 2, 5, 28, 22, 0.25
4, 3, 6, 28, 20, 0.25
4, 4, 5, 28, 5, 0.25
4, 4, 7, 28, 32, 0.25
4, 5, 6, 28, 40, 0.25
4, 5, 8, 28, 15, 0.25
4, 6, 9, 28, 12, 0.25
4, 7, 8, 28, 13, 0.25
4, 8, 9, 28, 7, 0.25
4, 1, 2, 29, 12, 0.25
4, 1, 4, 29, 43, 0.25
4, 2, 3, 29, 16, 0.25
4, 2, 5, 29, 24, 0.25
4, 3, 6, 29, 31, 0.25
4, 4, 5, 29, 31, 0.25
4, 4, 7, 29, 25, 0.25
4, 5, 6, 29, 21, 0.25
4, 5, 8, 29, 17, 0.25
4, 6, 9, 29, 18, 0.25
4, 7, 8, 29, 4, 0.25
4, 8, 9, 29, 42, 0.25
4, 1, 2, 30, 2, 0.25
4, 1, 4, 30, 3, 0.25
4, 2, 3, 30, 19, 0.25
4, 2, 5, 30, 5, 0.25
4, 3, 6, 30, 39, 0.25
4, 4, 5, 30, 7, 0.25
4, 4, 7, 30, 4, 0.25
4, 5, 6, 30, 14, 0.25
4, 5, 8, 30, 23, 0.25
4, 6, 9, 30, 38, 0.25
4, 7, 8, 30, 10, 0.25
4, 8, 9, 30, 3, 0.25
4, 1, 2, 31, 6, 0.25
4, 1, 4, 31, 33, 0.25
4, 2, 3, 31, 33, 0.25
4, 2, 5, 31, 25, 0.25
4, 3, 6, 31, 15, 0.25
4, 4, 5, 31, 12, 0.25
4, 4, 7, 31, 43, 0.25
4, 5, 6, 31, 43, 0.25
4, 5, 8, 31, 16, 0.25
4, 6, 9, 31, 9, 0.25
4, 7, 8, 31, 33, 0.25
4, 8, 9, 31, 3, 0.25
4, 1, 2, 32, 29, 0.25
4, 1, 4, 32, 13, 0.25
4, 2, 3, 32, 42, 0.25
4, 2, 5, 32, 23, 0.25
4, 3, 6, 32, 36, 0.25
4, 4, 5, 32, 31, 0.25
4, 4, 7, 32, 42, 0.25
4, 5, 6, 32, 30, 0.25
4, 5, 8, 32, 41, 0.25
4, 6, 9, 32, 26, 0.25
4, 7, 8, 32, 44, 0.25
4, 8, 9, 32, 24, 0.25
4, 1, 2, 33, 43, 0.25
4, 1, 4, 33, 37, 0.25
4, 2, 3, 33, 10, 0.25
4, 2, 5, 33, 25, 0.25
4, 3, 6, 33, 4, 0.25
4, 4, 5, 33, 38, 0.25
4, 4, 7, 33, 5, 0.25
4, 5, 6, 33, 40, 0.25
4, 5, 8, 33, 10, 0.25
4, 6, 9, 33, 19, 0.25
4, 7, 8, 33, 10, 0.25
4, 8, 9, 33, 25, 0.25
4, 1, 2, 34, 43, 0.25
4, 1, 4, 34, 13, 0.25
4, 2, 3, 34, 2, 0.25
4, 2, 5, 34, 16, 0.25
4, 3, 6, 34, 40, 0.25
4, 4, 5, 34, 22, 0.25
4, 4, 7, 34, 37, 0.25
4, 5, 6, 34, 16, 0.25
4, 5, 8, 34, 4, 0.25
4, 6, 9, 34, 8, 0.25
4, 7, 8, 34, 14, 0.25
4, 8, 9, 34, 19, 0.25
4, 1, 2, 35, 25, 0.25
4, 1, 4, 35, 10, 0.25
4, 2, 3, 35, 33, 0.25
4, 2, 5, 35, 17, 0.25
4, 3, 6, 35, 2, 0.25
4, 4, 5, 35, 39, 0.25
4, 4, 7, 35, 2, 0.25
4, 5, 6, 35, 35, 0.25
4, 5, 8, 35, 31, 0.25
4, 6, 9, 35, 7, 0.25
4, 7, 8, 35, 16, 0.25
4, 8, 9, 35, 41, 0.25
4, 1, 2, 36, 21, 0.25
4, 1, 4, 36, 32, 0.25
4, 2, 3, 36, 11, 0.25
4, 2, 5, 36, 12, 0.25
4, 3, 6, 36, 21, 0.25
4, 4, 5, 36, 33, 0.25
4, 4, 7, 36, 16, 0.25
4, 5, 6, 36, 22, 0.25
4, 5, 8, 36, 36, 0.25
4, 6, 9, 36, 29, 0.25
4, 7, 8, 36, 18, 0.25
4, 8, 9, 36, 2, 0.25
4, 1, 2, 37, 7, 0.25
4, 1, 4, 37, 12, 0.25
4, 2, 3, 37, 16, 0.25
4, 2, 5, 37, 37, 0.25
4, 3, 6, 37, 17, 0.25
4, 4, 5, 37, 2, 0.25
4, 4, 7, 37, 30, 0.25
4, 5, 6, 37, 17, 0.25
4, 5, 8, 37, 38, 0.25
4, 6, 9, 37, 30, 0.25
4, 7, 8, 37, 28, 0.25
4, 8, 9, 37, 27, 0.25
4, 1, 2, 38, 9, 0.25
4, 1, 4, 38, 17, 0.25
4, 2, 3, 38, 21, 0.25
4, 2, 5, 38, 5, 0.25
4, 3, 6, 38, 42, 0.25
4, 4, 5, 38, 17, 0.25
4, 4, 7, 38, 29, 0.25
4, 5, 6, 38, 11, 0.25
4, 5, 8, 38, 6, 0.25
4, 6, 9, 38, 24, 0.25
4, 7, 8, 38, 11, 0.25
4, 8, 9, 38, 38, 0.25
4, 1, 2, 39, 33, 0.25
4, 1, 4, 39, 6, 0.25
4, 2, 3, 39, 3, 0.25
4, 2, 5, 39, 16, 0.25
4, 3, 6, 39, 13, 0.25
4, 4, 5, 39, 2, 0.25
4, 4, 7, 39, 31, 0.25
4, 5, 6, 39, 19, 0.25
4, 5, 8, 39, 35, 0.25
4, 6, 9, 39, 41, 0.25
4, 7, 8, 39, 17, 0.25
4, 8, 9, 39, 39, 0.25
4, 1, 2, 40, 36, 0.25
4, 1, 4, 40, 13, 0.25
4, 2, 3, 40, 14, 0.25
4, 2, 5, 40, 6, 0.25
4, 3, 6, 40, 10, 0.25
4, 4, 5, 40, 42, 0.25
4, 4, 7, 40, 8, 0.25
4, 5, 6, 40, 6, 0.25
4, 5, 8, 40, 13, 0.25
4, 6, 9, 40, 38, 0.25
4, 7, 8, 40, 42, 0.25
4, 8, 9, 40, 42, 0.25
4, 1, 2, 41, 18, 0.25
4, 1, 4, 41, 25, 0.25
4, 2, 3, 41, 19, 0.25
4, 2, 5, 41, 36, 0.25
4, 3, 6, 41, 40, 0.25
4, 4, 5, 41, 41, 0.25
4, 4, 7, 41, 32, 0.25
4, 5, 6, 41, 42, 0.25
4, 5, 8, 41, 16, 0.25
4, 6, 9, 41, 39, 0.25
4, 7, 8, 41, 11, 0.25
4, 8, 9, 41, 40, 0.25
4, 1, 2, 42, 30, 0.25
4, 1, 4, 42, 20, 0.25
4, 2, 3, 42, 37, 0.25
4, 2, 5, 42, 6, 0.25
4, 3, 6, 42, 2, 0.25
4, 4, 5, 42, 19, 0.25
4, 4, 7, 42, 4, 0.25
4, 5, 6, 42, 18, 0.25
4, 5, 8, 42, 8, 0.25
4, 6, 9, 42, 3, 0.25
4, 7, 8, 42, 22, 0.25
4, 8, 9, 42, 21, 0.25
4, 1, 2, 43, 21, 0.25
4, 1, 4, 43, 6, 0.25
4, 2, 3, 43, 42, 0.25
4, 2, 5, 43, 39, 0.25
4, 3, 6, 43, 32, 0.25
4, 4, 5, 43, 23, 0.25
4, 4, 7, 43, 2, 0.25
4, 5, 6, 43, 38, 0.25
4, 5, 8, 43, 29, 0.25
4, 6, 9, 43, 26, 0.25
4, 7, 8, 43, 41, 0.25
4, 8, 9, 43, 17, 0.25
4, 1, 2, 44, 22, 0.25
4, 1, 4, 44, 29, 0.25
4, 2, 3, 44, 43, 0.25
4, 2, 5, 44, 4, 0.25
4, 3, 6, 44, 38, 0.25
4, 4, 5, 44, 32, 0.25
4, 4, 7, 44, 40, 0.25
4, 5, 6, 44, 30, 0.25
4, 5, 8, 44, 36, 0.25
4, 6, 9, 44, 29, 0.25
4, 7, 8, 44, 13, 0.25
4, 8, 9, 44, 4, 0.25
4, 1, 2, 45, 39, 0.25
4, 1, 4, 45, 18, 0.25
4, 2, 3, 45, 33, 0.25
4, 2, 5, 45, 44, 0.25
4, 3, 6, 45, 9, 0.25
4, 4, 5, 45, 17, 0.25
4, 4, 7, 45, 43, 0.25
4, 5, 6, 45, 40, 0.25
4, 5, 8, 45, 25, 0.25
4, 6, 9, 45, 39, 0.25
4, 7, 8, 45, 39, 0.25
4, 8, 9, 45, 19, 0.25
4, 1, 2, 46, 41, 0.25
4, 1, 4, 46, 18, 0.25
4, 2, 3, 46, 11, 0.25
4, 2, 5, 46, 4, 0.25
4, 3, 6, 46, 5, 0.25
4, 4, 5, 46, 8, 0.25
4, 4, 7, 46, 5, 0.25
4, 5, 6, 46, 43, 0.25
4, 5, 8, 46, 11, 0.25
4, 6, 9, 46, 37, 0.25
4, 7, 8, 46, 14, 0.25
4, 8, 9, 46, 32, 0.25
4, 1, 2, 47, 14, 0.25
4, 1, 4, 47, 19, 0.25
4, 2, 3, 47, 14, 0.25
4, 2, 5, 47, 7, 0.25
4, 3, 6, 47, 12, 0.25
4, 4, 7, 47, 23, 0.25
4, 5, 6, 47, 34, 0.25
4, 5, 8, 47, 15, 0.25
4, 6, 9, 47, 14, 0.25
4, 7, 8, 47, 25, 0.25
4, 8, 9, 47, 30, 0.25
4, 1, 2, 48, 37, 0.25
4, 1, 4, 48, 32, 0.25
4, 2, 3, 48, 35, 0.25
4, 3, 6, 48, 22, 0.25
4, 4, 5, 48, 10, 0.25
4, 5, 6, 48, 39, 0.25
4, 5, 8, 48, 36, 0.25
4, 6, 9, 48, 33, 0.25
4, 7, 8, 48, 26, 0.25
4, 1, 2, 49, 14, 0.25
4, 1, 4, 49, 15, 0.25
4, 2, 5, 49, 13, 0.25
4, 3, 6, 49, 38, 0.25
4, 4, 5, 49, 17, 0.25
4, 4, 7, 49, 22, 0.25
4, 5, 6, 49, 4, 0.25
4, 5, 8, 49, 38, 0.25
4, 6, 9, 49, 36, 0.25
4, 7, 8, 49, 35, 0.25
4, 8, 9, 49, 12, 0.25
4, 1, 2, 50, 23, 0.25
4, 1, 4, 50, 19, 0.25
4, 2, 3, 50, 24, 0.25
4, 2, 5, 50, 36, 0.25
4, 3, 6, 50, 10, 0.25
4, 4, 5, 50, 12, 0.25
4, 4, 7, 50, 30, 0.25
4, 5, 8, 50, 27, 0.25
4, 6, 9, 50, 27, 0.25
4, 7, 8, 50, 36, 0.25
4, 1, 2, 51, 31, 0.25
4, 1, 4, 51, 13, 0.25
4, 2, 3, 51, 22, 0.25
4, 2, 5, 51, 8, 0.25
4, 3, 6, 51, 8, 0.25
4, 4, 5, 51, 22, 0.25
4, 4, 7, 51, 32, 0.25
4, 5, 6, 51, 6, 0.25
4, 6, 9, 51, 22, 0.25
4, 7, 8, 51, 11, 0.25
4, 8, 9, 51, 21, 0.25
4, 1, 4, 52, 3, 0.25
4, 2, 3, 52, 18, 0.25
4, 2, 5, 52, 34, 0.25
4, 3, 6, 52, 7, 0.25
4, 4, 5, 52, 9, 0.25
4, 4, 7, 52, 20, 0.25
4, 5, 6, 52, 21, 0.25
4, 5, 8, 52, 22, 0.25
4, 6, 9, 52, 8, 0.25
4, 7, 8, 52, 6, 0.25
4, 8, 9, 52, 8, 0.25
4, 1, 2, 53, 35, 0.25
4, 1, 4, 53, 36, 0.25
4, 2, 3, 53, 3, 0.25
4, 3, 6, 53, 28, 0.25
4, 4, 5, 53, 20, 0.25
4, 4, 7, 53, 6, 0.25
4, 5, 6, 53, 16, 0.25
4, 5, 8, 53, 30, 0.25
4, 6, 9, 53, 5, 0.25
4, 7, 8, 53, 23, 0.25
4, 8, 9, 53, 35, 0.25
4, 1, 2, 54, 27, 0.25
4, 1, 4, 54, 23, 0.25
4, 2, 3, 54, 26, 0.25
4, 2, 5, 54, 13, 0.25
4, 3, 6, 54, 29, 0.25
4, 4, 5, 54, 33, 0.25
4, 4, 7, 54, 16, 0.25
4, 5, 6, 54, 21, 0.25
4, 5, 8, 54, 12, 0.25
4, 6, 9, 54, 14, 0.25
4, 7, 8, 54, 31, 0.25
4, 8, 9, 54, 12, 0.25
4, 1, 2, 55, 10, 0.25
4, 1, 4, 55, 6, 0.25
4, 2, 3, 55, 15, 0.25
4, 3, 6, 55, 12, 0.25
4, 4, 5, 55, 15, 0.25
4, 4, 7, 55, 33, 0.25
4, 5, 6, 55, 16, 0.25
4, 5, 8, 55, 7, 0.25
4, 6, 9, 55, 13, 0.25
4, 7, 8, 55, 23, 0.25
4, 1, 2, 56, 31, 0.25
4, 1, 4, 56, 4, 0.25
4, 2, 3, 56, 19, 0.25
4, 2, 5, 56, 24, 0.25
4, 4, 5, 56, 2, 0.25
4, 4, 7, 56, 32, 0.25
4, 5, 6, 56, 28, 0.25
4, 6, 9, 56, 7, 0.25
4, 7, 8, 56, 25, 0.25
4, 1, 2, 57, 8, 0.25
4, 1, 4, 57, 15, 0.25
4, 2, 5, 57, 1, 0.25
4, 4, 7, 57, 28, 0.25
4, 5, 6, 57, 6, 0.25
4, 6, 9, 57, 10, 0.25
4, 7, 8, 57, 30, 0.25
4, 8, 9, 57, 3, 0.25
4, 1, 2, 58, 4, 0.25
4, 2, 3, 58, 24, 0.25
4, 2, 5, 58, 27, 0.25
4, 4, 7, 58, 29, 0.25
4, 5, 6, 58, 5, 0.25
4, 5, 8, 58, 7, 0.25
4, 6, 9, 58, 15, 0.25
4, 7, 8, 58, 16, 0.25
4, 8, 9, 58, 1, 0.25
4, 1, 2, 59, 26, 0.25
4, 1, 4, 59, 15, 0.25
4, 2, 3, 59, 23, 0.25
4, 2, 5, 59, 1, 0.25
4, 3, 6, 59, 5, 0.25
4, 5, 6, 59, 8, 0.25
4, 5, 8, 59, 2, 0.25
4, 6, 9, 59, 7, 0.25
4, 7, 8, 59, 30, 0.25
4, 8, 9, 59, 27, 0.25
4, 1, 2, 60, 29, 0.25
4, 2, 5, 60, 11, 0.25
4, 4, 5, 60, 23, 0.25
4, 4, 7, 60, 12, 0.25
4, 5, 6, 60, 4, 0.25
4, 6, 9, 60, 2, 0.25
4, 7, 8, 60, 21, 0.25
4, 1, 2, 61, 20, 0.25
4, 1, 4, 61, 3, 0.25
4, 3, 6, 61, 20, 0.25
4, 4, 7, 61, 16, 0.25
4, 6, 9, 61, 14, 0.25
4, 7, 8, 61, 6, 0.25
4, 8, 9, 61, 22, 0.25
4, 1, 4, 62, 8, 0.25
4, 2, 3, 62, 3, 0.25
4, 2, 5, 62, 12, 0.25
4, 4, 7, 62, 7, 0.25
4, 5, 6, 62, 14, 0.25
4, 5, 8, 62, 13, 0.25
4, 7, 8, 62, 21, 0.25
4, 8, 9, 62, 21, 0.25
4, 1, 2, 63, 12, 0.25
4, 2, 3, 63, 17, 0.25
4, 2, 5, 63, 23, 0.25
4, 3, 6, 63, 26, 0.25
4, 4, 5, 63, 11, 0.25
4, 4, 7, 63, 19, 0.25
4, 5, 6, 63, 26, 0.25
4, 6, 9, 63, 20, 0.25
4, 7, 8, 63, 24, 0.25
4, 1, 4, 64, 20, 0.25
4, 2, 3, 64, 18, 0.25
4, 3, 6, 64, 21, 0.25
4, 4, 7, 64, 9, 0.25
4, 5, 6, 64, 10, 0.25
4, 6, 9, 64, 22, 0.25
4, 7, 8, 64, 16, 0.25
4, 8, 9, 64, 13, 0.25
4, 1, 4, 65, 16, 0.25
4, 3, 6, 65, 6, 0.25
4, 4, 7, 65, 5, 0.25
4, 6, 9, 65, 10, 0.25
4, 7, 8, 65, 3, 0.25
4, 8, 9, 65, 11, 0.25
4, 2, 3, 66, 2, 0.25
4, 3, 6, 66, 23, 0.25
4, 4, 5, 66, 17, 0.25
4, 4, 7, 66, 5, 0.25
4, 6, 9, 66, 18, 0.25
4, 8, 9, 66, 8, 0.25
4, 1, 2, 67, 14, 0.25
4, 1, 4, 67, 7, 0.25
4, 2, 3, 67, 16, 0.25
4, 2, 5, 67, 6, 0.25
4, 3, 6, 67, 18, 0.25
4, 4, 5, 67, 21, 0.25
4, 4, 7, 67, 3, 0.25
4, 5, 6, 67, 19, 0.25
4, 6, 9, 67, 9, 0.25
4, 7, 8, 67, 7, 0.25
4, 1, 2, 68, 3, 0.25
4, 1, 4, 68, 10, 0.25
4, 2, 5, 68, 20, 0.25
4, 5, 6, 68, 10, 0.25
4, 5, 8, 68, 1, 0.25
4, 6, 9, 68, 11, 0.25
4, 7, 8, 68, 13, 0.25
4, 8, 9, 68, 19, 0.25
4, 1, 2, 69, 19, 0.25
4, 2, 3, 69, 13, 0.25
4, 3, 6, 69, 15, 0.25
4, 4, 5, 69, 9, 0.25
4, 4, 7, 69, 10, 0.25
4, 6, 9, 69, 3, 0.25
4, 7, 8, 69, 15, 0.25
4, 1, 4, 70, 10, 0.25
4, 2, 3, 70, 1, 0.25
4, 2, 5, 70, 13, 0.25
4, 4, 7, 70, 5, 0.25
4, 6, 9, 70, 14, 0.25
4, 7, 8, 70, 16, 0.25
4, 1, 2, 71, 6, 0.25
4, 1, 4, 71, 15, 0.25
4, 2, 5, 71, 3, 0.25
4, 3, 6, 71, 12, 0.25
4, 4, 5, 71, 5, 0.25
4, 4, 7, 71, 17, 0.25
4, 2, 5, 72, 2, 0.25
4, 4, 7, 72, 3, 0.25
4, 5, 6, 72, 2, 0.25
4, 5, 8, 72, 12, 0.25
4, 6, 9, 72, 4, 0.25
4, 7, 8, 72, 11, 0.25
4, 1, 2, 73, 2, 0.25
4, 4, 5, 73, 10, 0.25
4, 4, 7, 73, 3, 0.25
4, 8, 9, 73, 12, 0.25
4, 2, 3, 74, 8, 0.25
4, 5, 8, 74, 4, 0.25
4, 6, 9, 74, 10, 0.25
4, 1, 4, 75, 1, 0.25
4, 3, 6, 75, 9, 0.25
4, 4, 5, 75, 9, 0.25
4, 5, 8, 75, 7, 0.25
4, 7, 8, 75, 14, 0.25
4, 8, 9, 75, 8, 0.25
4, 1, 2, 76, 6, 0.25
4, 2, 3, 76, 13, 0.25
4, 5, 8, 76, 5, 0.25
4, 7, 8, 76, 13, 0.25
4, 2, 3, 77, 5, 0.25
4, 5, 6, 77, 7, 0.25
4, 5, 8, 77, 8, 0.25
4, 6, 9, 77, 3, 0.25
4, 2, 5, 78, 8, 0.25
4, 4, 7, 78, 7, 0.25
4, 6, 9, 78, 9, 0.25
4, 1, 2, 79, 10, 0.25
4, 3, 6, 79, 7, 0.25
4, 8, 9, 79, 5, 0.25
4, 5, 6, 80, 6, 0.25
4, 2, 3, 81, 4, 0.25
4, 4, 5, 81, 4, 0.25
4, 5, 8, 81, 4, 0.25
4, 4, 7, 82, 3, 0.25
4, 5, 6, 83, 4, 0.25
4, 7, 8, 83, 2, 0.25
4, 2, 5, 84, 5, 0.25
4, 5, 6, 84, 3, 0.25
