k, i, j, t, w, pr
1, 1, 2, 0, 42, 0.25
1, 1, 4, 0, 34, 0.25
1, 2, 3, 0, 5, 0.25
1, 2, 5, 0, 19, 0.25
1, 3, 6, 0, 31, 0.25
1, 4, 5, 0, 16, 0.25
1, 4, 7, 0, 18, 0.25
1, 5, 6, 0, 32, 0.25
1, 5, 8, 0, 27, 0.25
1, 6, 9, 0, 33, 0.25
1, 7, 8, 0, 26, 0.25
1, 8, 9, 0, 26, 0.25
1, 1, 2, 1, 2, 0.25
1, 1, 4, 1, 15, 0.25
1, 2, 3, 1, 42, 0.25
1, 2, 5, 1, 4, 0.25
1, 3, 6, 1, 15, 0.25
1, 4, 5, 1, 5, 0.25
1, 4, 7, 1, 32, 0.25
1, 5, 6, 1, 27, 0.25
1, 5, 8, 1, 42, 0.25
1, 6, 9, 1, 9, 0.25
1, 7, 8, 1, 24, 0.25
1, 8, 9, 1, 31, 0.25
1, 1, 2, 2, 43, 0.25
1, 1, 4, 2, 27, 0.25
1, 2, 3, 2, 33, 0.25
1, 2, 5, 2, 38, 0.25
1, 3, 6, 2, 18, 0.25
1, 4, 5, 2, 31, 0.25
1, 4, 7, 2, 39, 0.25
1, 5, 6, 2, 24, 0.25
1, 5, 8, 2, 38, 0.25
1, 6, 9, 2, 34, 0.25
1, 7, 8, 2, 6, 0.25
1, 8, 9, 2, 36, 0.25
1, 1, 2, 3, 39, 0.25
1, 1, 4, 3, 35, 0.25
1, 2, 3, 3, 31, 0.25
1, 2, 5, 3, 41, 0.25
1, 3, 6, 3, 28, 0.25
1, 4, 5, 3, 28, 0.25
1, 4, 7, 3, 43, 0.25
1, 5, 6, 3, 20, 0.25
1, 5, 8, 3, 4, 0.25
1, 6, 9, 3, 15, 0.25
1, 7, 8, 3, 20, 0.25
1, 8, 9, 3, 42, 0.25
1, 1, 2, 4, 13, 0.25
1, 1, 4, 4, 20, 0.25
1, 2, 3, 4, 9, 0.25
1, 2, 5, 4, 35, 0.25
1, 3, 6, 4, 32, 0.25
1, 4, 5, 4, 40, 0.25
1, 4, 7, 4, 12, 0.25
1, 5, 6, 4, 22, 0.25
1, 5, 8, 4, 6, 0.25
1, 6, 9, 4, 28, 0.25
1, 7, 8, 4, 42, 0.25
1, 8, 9, 4, 42, 0.25
1, 1, 2, 5, 8, 0.25
1, 1, 4, 5, 40, 0.25
1, 2, 3, 5, 30, 0.25
1, 2, 5, 5, 24, 0.25
1, 3, 6, 5, 43, 0.25
1, 4, 5, 5, 30, 0.25
1, 4, 7, 5, 24, 0.25
1, 5, 6, 5, 26, 0.25
1, 5, 8, 5, 10, 0.25
1, 6, 9, 5, 11, 0.25
1, 7, 8, 5, 15, 0.25
1, 8, 9, 5, 26, 0.25
1, 1, 2, 6, 41, 0.25
1, 1, 4, 6, 28, 0.25
1, 2, 3, 6, 24, 0.25
1, 2, 5, 6, 31, 0.25
1, 3, 6, 6, 29, 0.25
1, 4, 5, 6, 14, 0.25
1, 4, 7, 6, 12, 0.25
1, 5, 6, 6, 24, 0.25
1, 5, 8, 6, 21, 0.25
1, 6, 9, 6, 21, 0.25
1, 7, 8, 6, 31, 0.25
1, 8, 9, 6, 6, 0.25
1, 1, 2, 7, 42, 0.25
1, 1, 4, 7, 40, 0.25
1, 2, 3, 7, 22, 0.25
1, 2, 5, 7, 7, 0.25
1, 3, 6, 7, 30, 0.25
1, 4, 5, 7, 7, 0.25
1, 4, 7, 7, 33, 0.25
1, 5, 6, 7, 22, 0.25
1, 5, 8, 7, 7, 0.25
1, 6, 9, 7, 43, 0.25
1, 7, 8, 7, 18, 0.25
1, 8, 9, 7, 41, 0.25
1, 1, 2, 8, 30, 0.25
1, 1, 4, 8, 30, 0.25
1, 2, 3, 8, 1, 0.25
1, 2, 5, 8, 16, 0.25
1, 3, 6, 8, 18, 0.25
1, 4, 5, 8, 41, 0.25
1, 4, 7, 8, 7, 0.25
1, 5, 6, 8, 13, 0.25
1, 5, 8, 8, 33, 0.25
1, 6, 9, 8, 33, 0.25
1, 7, 8, 8, 37, 0.25
1, 8, 9, 8, 43, 0.25
1, 1, 2, 9, 36, 0.25
1, 1, 4, 9, 26, 0.25
1, 2, 3, 9, 9, 0.25
1, 2, 5, 9, 29, 0.25
1, 3, 6, 9, 26, 0.25
1, 4, 5, 9, 5, 0.25
1, 4, 7, 9, 33, 0.25
1, 5, 6, 9, 14, 0.25
1, 5, 8, 9, 23, 0.25
1, 6, 9, 9, 13, 0.25
1, 7, 8, 9, 34, 0.25
1, 8, 9, 9, 24, 0.25
1, 1, 2, 10, 37, 0.25
1, 1, 4, 10, 2, 0.25
1, 2, 3, 10, 24, 0.25
1, 2, 5, 10, 10, 0.25
1, 3, 6, 10, 24, 0.25
1, 4, 5, 10, 20, 0.25
1, 4, 7, 10, 2, 0.25
1, 5, 6, 10, 8, 0.25
1, 5, 8, 10, 23, 0.25
1, 6, 9, 10, 33, 0.25
1, 7, 8, 10, 9, 0.25
1, 8, 9, 10, 28, 0.25
1, 1, 2, 11, 4, 0.25
1, 1, 4, 11, 26, 0.25
1, 2, 3, 11, 9, 0.25
1, 2, 5, 11, 10, 0.25
1, 3, 6, 11, 27, 0.25
1, 4, 5, 11, 24, 0.25
1, 4, 7, 11, 18, 0.25
1, 5, 6, 11, 5, 0.25
1, 5, 8, 11, 27, 0.25
1, 6, 9, 11, 5, 0.25
1, 7, 8, 11, 25, 0.25
1, 8, 9, 11, 28, 0.25
1, 1, 2, 12, 29, 0.25
1, 1, 4, 12, 44, 0.25
1, 2, 3, 12, 4, 0.25
1, 2, 5, 12, 5, 0.25
1, 3, 6, 12, 42, 0.25
1, 4, 5, 12, 23, 0.25
1, 4, 7, 12, 29, 0.25
1, 5, 6, 12, 10, 0.25
1, 5, 8, 12, 31, 0.25
1, 6, 9, 12, 35, 0.25
1, 7, 8, 12, 20, 0.25
1, 8, 9, 12, 7, 0.25
1, 1, 2, 13, 30, 0.25
1, 1, 4, 13, 2, 0.25
1, 2, 3, 13, 19, 0.25
1, 2, 5, 13, 15, 0.25
1, 3, 6, 13, 9, 0.25
1, 4, 5, 13, 12, 0.25
1, 4, 7, 13, 4, 0.25
1, 5, 6, 13, 35, 0.25
1, 5, 8, 13, 15, 0.25
1, 6, 9, 13, 15, 0.25
1, 7, 8, 13, 1, 0.25
1, 8, 9, 13, 35, 0.25
1, 1, 2, 14, 30, 0.25
1, 1, 4, 14, 26, 0.25
1, 2, 3, 14, 10, 0.25
1, 2, 5, 14, 18, 0.25
1, 3, 6, 14, 7, 0.25
1, 4, 5, 14, 25, 0.25
1, 4, 7, 14, 14, 0.25
1, 5, 6, 14, 36, 0.25
1, 5, 8, 14, 15, 0.25
1, 6, 9, 14, 30, 0.25
1, 7, 8, 14, 6, 0.25
1, 8, 9, 14, 35, 0.25
1, 1, 2, 15, 6, 0.25
1, 1, 4, 15, 9, 0.25
1, 2, 3, 15, 17, 0.25
1, 2, 5, 15, 41, 0.25
1, 3, 6, 15, 25, 0.25
1, 4, 5, 15, 19, 0.25
1, 4, 7, 15, 40, 0.25
1, 5, 6, 15, 2, 0.25
1, 5, 8, 15, 40, 0.25
1, 6, 9, 15, 26, 0.25
1, 7, 8, 15, 3, 0.25
1, 8, 9, 15, 23, 0.25
1, 1, 2, 16, 3, 0.25
1, 1, 4, 16, 41, 0.25
1, 2, 3, 16, 20, 0.25
1, 2, 5, 16, 20, 0.25
1, 3, 6, 16, 25, 0.25
1, 4, 5, 16, 13, 0.25
1, 4, 7, 16, 20, 0.25
1, 5, 6, 16, 22, 0.25
1, 5, 8, 16, 43, 0.25
1, 6, 9, 16, 20, 0.25
1, 7, 8, 16, 21, 0.25
1, 8, 9, 16, 26, 0.25
1, 1, 2, 17, 20, 0.25
1, 1, 4, 17, 35, 0.25
1, 2, 3, 17, 42, 0.25
1, 2, 5, 17, 20, 0.25
1, 3, 6, 17, 29, 0.25
1, 4, 5, 17, 2, 0.25
1, 4, 7, 17, 10, 0.25
1, 5, 6, 17, 22, 0.25
1, 5, 8, 17, 27, 0.25
1, 6, 9, 17, 5, 0.25
1, 7, 8, 17, 18, 0.25
1, 8, 9, 17, 24, 0.25
1, 1, 2, 18, 5, 0.25
1, 1, 4, 18, 39, 0.25
1, 2, 3, 18, 13, 0.25
1, 2, 5, 18, 26, 0.25
1, 3, 6, 18, 39, 0.25
1, 4, 5, 18, 33, 0.25
1, 4, 7, 18, 8, 0.25
1, 5, 6, 18, 44, 0.25
1, 5, 8, 18, 15, 0.25
1, 6, 9, 18, 13, 0.25
1, 7, 8, 18, 19, 0.25
1, 8, 9, 18, 32, 0.25
1, 1, 2, 19, 36, 0.25
1, 1, 4, 19, 24, 0.25
1, 2, 3, 19, 42, 0.25
1, 2, 5, 19, 24, 0.25
1, 3, 6, 19, 8, 0.25
1, 4, 5, 19, 35, 0.25
1, 4, 7, 19, 3, 0.25
1, 5, 6, 19, 17, 0.25
1, 5, 8, 19, 6, 0.25
1, 6, 9, 19, 42, 0.25
1, 7, 8, 19, 18, 0.25
1, 8, 9, 19, 15, 0.25
1, 1, 2, 20, 19, 0.25
1, 1, 4, 20, 5, 0.25
1, 2, 3, 20, 35, 0.25
1, 2, 5, 20, 43, 0.25
1, 3, 6, 20, 27, 0.25
1, 4, 5, 20, 19, 0.25
1, 4, 7, 20, 25, 0.25
1, 5, 6, 20, 26, 0.25
1, 5, 8, 20, 36, 0.25
1, 6, 9, 20, 2, 0.25
1, 7, 8, 20, 23, 0.25
1, 8, 9, 20, 17, 0.25
1, 1, 2, 21, 13, 0.25
1, 1, 4, 21, 10, 0.25
1, 2, 3, 21, 14, 0.25
1, 2, 5, 21, 25, 0.25
1, 3, 6, 21, 6, 0.25
1, 4, 5, 21, 22, 0.25
1, 4, 7, 21, 22, 0.25
1, 5, 6, 21, 26, 0.25
1, 5, 8, 21, 30, 0.25
1, 6, 9, 21, 38, 0.25
1, 7, 8, 21, 6, 0.25
1, 8, 9, 21, 12, 0.25
1, 1, 2, 22, 5, 0.25
1, 1, 4, 22, 7, 0.25
1, 2, 3, 22, 12, 0.25
1, 2, 5, 22, 22, 0.25
1, 3, 6, 22, 15, 0.25
1, 4, 5, 22, 20, 0.25
1, 4, 7, 22, 11, 0.25
1, 5, 6, 22, 34, 0.25
1, 5, 8, 22, 28, 0.25
1, 6, 9, 22, 15, 0.25
1, 7, 8, 22, 18, 0.25
1, 8, 9, 22, 26, 0.25
1, 1, 2, 23, 16, 0.25
1, 1, 4, 23, 34, 0.25
1, 2, 3, 23, 19, 0.25
1, 2, 5, 23, 18, 0.25
1, 3, 6, 23, 5, 0.25
1, 4, 5, 23, 23, 0.25
1, 4, 7, 23, 36, 0.25
1, 5, 6, 23, 29, 0.25
1, 5, 8, 23, 39, 0.25
1, 6, 9, 23, 9, 0.25
1, 7, 8, 23, 20, 0.25
1, 8, 9, 23, 37, 0.25
1, 1, 2, 24, 11, 0.25
1, 1, 4, 24, 11, 0.25
1, 2, 3, 24, 42, 0.25
1, 2, 5, 24, 5, 0.25
1, 3, 6, 24, 42, 0.25
1, 4, 5, 24, 20, 0.25
1, 4, 7, 24, 12, 0.25
1, 5, 6, 24, 11, 0.25
1, 5, 8, 24, 6, 0.25
1, 6, 9, 24, 36, 0.25
1, 7, 8, 24, 7, 0.25
1, 8, 9, 24, 12, 0.25
1, 1, 2, 25, 34, 0.25
1, 1, 4, 25, 10, 0.25
1, 2, 3, 25, 35, 0.25
1, 2, 5, 25, 19, 0.25
1, 3, 6, 25, 6, 0.25
1, 4, 5, 25, 40, 0.25
1, 4, 7, 25, 5, 0.25
1, 5, 6, 25, 13, 0.25
1, 5, 8, 25, 42, 0.25
1, 6, 9, 25, 11, 0.25
1, 7, 8, 25, 8, 0.25
1, 8, 9, 25, 37, 0.25
1, 1, 2, 26, 3, 0.25
1, 1, 4, 26, 28, 0.25
1, 2, 3, 26, 4, 0.25
1, 2, 5, 26, 16, 0.25
1, 3, 6, 26, 2, 0.25
1, 4, 5, 26, 14, 0.25
1, 4, 7, 26, 42, 0.25
1, 5, 6, 26, 15, 0.25
1, 5, 8, 26, 12, 0.25
1, 6, 9, 26, 41, 0.25
1, 7, 8, 26, 24, 0.25
1, 8, 9, 26, 21, 0.25
1, 1, 2, 27, 37, 0.25
1, 1, 4, 27, 15, 0.25
1, 2, 3, 27, 8, 0.25
1, 2, 5, 27, 29, 0.25
1, 3, 6, 27, 37, 0.25
1, 4, 5, 27, 27, 0.25
1, 4, 7, 27, 31, 0.25
1, 5, 6, 27, 14, 0.25
1, 5, 8, 27, 11, 0.25
1, 6, 9, 27, 39, 0.25
1, 7, 8, 27, 13, 0.25
1, 8, 9, 27, 15, 0.25
1, 1, 2, 28, 23, 0.25
1, 1, 4, 28, 19, 0.25
1, 2, 3, 28, 32, 0.25
1, 2, 5, 28, 3, 0.25
1, 3, 6, 28, 15, 0.25
1, 4, 5, 28, 35, 0.25
1, 4, 7, 28, 11, 0.25
1, 5, 6, 28, 43, 0.25
1, 5, 8, 28, 34, 0.25
1, 6, 9, 28, 42, 0.25
1, 7, 8, 28, 34, 0.25
1, 8, 9, 28, 27, 0.25
1, 1, 2, 29, 43, 0.25
1, 1, 4, 29, 22, 0.25
1, 2, 3, 29, 26, 0.25
1, 2, 5, 29, 27, 0.25
1, 3, 6, 29, 26, 0.25
1, 4, 5, 29, 3, 0.25
1, 4, 7, 29, 44, 0.25
1, 5, 6, 29, 38, 0.25
1, 5, 8, 29, 10, 0.25
1, 6, 9, 29, 3, 0.25
1, 7, 8, 29, 14, 0.25
1, 8, 9, 29, 29, 0.25
1, 1, 2, 30, 19, 0.25
1, 1, 4, 30, 29, 0.25
1, 2, 3, 30, 7, 0.25
1, 2, 5, 30, 41, 0.25
1, 3, 6, 30, 36, 0.25
1, 4, 5, 30, 39, 0.25
1, 4, 7, 30, 16, 0.25
1, 5, 6, 30, 1, 0.25
1, 5, 8, 30, 14, 0.25
1, 6, 9, 30, 29, 0.25
1, 7, 8, 30, 41, 0.25
1, 8, 9, 30, 43, 0.25
1, 1, 2, 31, 8, 0.25
1, 1, 4, 31, 43, 0.25
1, 2, 3, 31, 6, 0.25
1, 2, 5, 31, 38, 0.25
1, 3, 6, 31, 16, 0.25
1, 4, 5, 31, 5, 0.25
1, 4, 7, 31, 31, 0.25
1, 5, 6, 31, 23, 0.25
1, 5, 8, 31, 31, 0.25
1, 6, 9, 31, 14, 0.25
1, 7, 8, 31, 30, 0.25
1, 8, 9, 31, 28, 0.25
1, 1, 2, 32, 14, 0.25
1, 1, 4, 32, 33, 0.25
1, 2, 3, 32, 43, 0.25
1, 2, 5, 32, 1, 0.25
1, 3, 6, 32, 4, 0.25
1, 4, 5, 32, 18, 0.25
1, 4, 7, 32, 11, 0.25
1, 5, 6, 32, 20, 0.25
1, 5, 8, 32, 18, 0.25
1, 6, 9, 32, 41, 0.25
1, 7, 8, 32, 27, 0.25
1, 8, 9, 32, 14, 0.25
1, 1, 2, 33, 9, 0.25
1, 1, 4, 33, 38, 0.25
1, 2, 3, 33, 30, 0.25
1, 2, 5, 33, 35, 0.25
1, 3, 6, 33, 11, 0.25
1, 4, 5, 33, 12, 0.25
1, 4, 7, 33, 2, 0.25
1, 5, 6, 33, 24, 0.25
1, 5, 8, 33, 19, 0.25
1, 6, 9, 33, 10, 0.25
1, 7, 8, 33, 31, 0.25
1, 8, 9, 33, 6, 0.25
1, 1, 2, 34, 30, 0.25
1, 1, 4, 34, 36, 0.25
1, 2, 3, 34, 5, 0.25
1, 2, 5, 34, 8, 0.25
1, 3, 6, 34, 21, 0.25
1, 4, 5, 34, 14, 0.25
1, 4, 7, 34, 21, 0.25
1, 5, 6, 34, 4, 0.25
1, 5, 8, 34, 24, 0.25
1, 6, 9, 34, 40, 0.25
1, 7, 8, 34, 34, 0.25
1, 8, 9, 34, 38, 0.25
1, 1, 2, 35, 2, 0.25
1, 1, 4, 35, 13, 0.25
1, 2, 3, 35, 34, 0.25
1, 2, 5, 35, 27, 0.25
1, 3, 6, 35, 9, 0.25
1, 4, 5, 35, 19, 0.25
1, 4, 7, 35, 6, 0.25
1, 5, 6, 35, 13, 0.25
1, 5, 8, 35, 31, 0.25
1, 6, 9, 35, 5, 0.25
1, 7, 8, 35, 36, 0.25
1, 8, 9, 35, 32, 0.25
1, 1, 2, 36, 28, 0.25
1, 1, 4, 36, 24, 0.25
1, 2, 3, 36, 8, 0.25
1, 2, 5, 36, 22, 0.25
1, 3, 6, 36, 28, 0.25
1, 4, 5, 36, 37, 0.25
1, 4, 7, 36, 6, 0.25
1, 5, 6, 36, 10, 0.25
1, 5, 8, 36, 12, 0.25
1, 6, 9, 36, 27, 0.25
1, 7, 8, 36, 26, 0.25
1, 8, 9, 36, 3, 0.25
1, 1, 2, 37, 19, 0.25
1, 1, 4, 37, 17, 0.25
1, 2, 3, 37, 4, 0.25
1, 2, 5, 37, 31, 0.25
1, 3, 6, 37, 41, 0.25
1, 4, 5, 37, 34, 0.25
1, 4, 7, 37, 7, 0.25
1, 5, 6, 37, 33, 0.25
1, 5, 8, 37, 23, 0.25
1, 6, 9, 37, 23, 0.25
1, 7, 8, 37, 17, 0.25
1, 8, 9, 37, 14, 0.25
1, 1, 2, 38, 33, 0.25
1, 1, 4, 38, 35, 0.25
1, 2, 3, 38, 33, 0.25
1, 2, 5, 38, 15, 0.25
1, 3, 6, 38, 43, 0.25
1, 4, 5, 38, 22, 0.25
1, 4, 7, 38, 39, 0.25
1, 5, 6, 38, 36, 0.25
1, 5, 8, 38, 5, 0.25
1, 6, 9, 38, 7, 0.25
1, 7, 8, 38, 18, 0.25
1, 8, 9, 38, 40, 0.25
1, 1, 2, 39, 32, 0.25
1, 1, 4, 39, 44, 0.25
1, 2, 3, 39, 25, 0.25
1, 2, 5, 39, 3, 0.25
1, 3, 6, 39, 42, 0.25
1, 4, 5, 39, 31, 0.25
1, 4, 7, 39, 44, 0.25
1, 5, 6, 39, 42, 0.25
1, 5, 8, 39, 43, 0.25
1, 6, 9, 39, 6, 0.25
1, 7, 8, 39, 37, 0.25
1, 8, 9, 39, 44, 0.25
1, 1, 2, 40, 29, 0.25
1, 1, 4, 40, 39, 0.25
1, 2, 3, 40, 42, 0.25
1, 2, 5, 40, 20, 0.25
1, 3, 6, 40, 15, 0.25
1, 4, 5, 40, 31, 0.25
1, 4, 7, 40, 35, 0.25
1, 5, 6, 40, 28, 0.25
1, 5, 8, 40, 28, 0.25
1, 6, 9, 40, 31, 0.25
1, 7, 8, 40, 34, 0.25
1, 8, 9, 40, 35, 0.25
1, 1, 2, 41, 24, 0.25
1, 1, 4, 41, 38, 0.25
1, 2, 3, 41, 15, 0.25
1, 2, 5, 41, 29, 0.25
1, 3, 6, 41, 24, 0.25
1, 4, 5, 41, 37, 0.25
1, 4, 7, 41, 31, 0.25
1, 5, 6, 41, 11, 0.25
1, 5, 8, 41, 15, 0.25
1, 6, 9, 41, 23, 0.25
1, 7, 8, 41, 36, 0.25
1, 8, 9, 41, 23, 0.25
1, 1, 2, 42, 36, 0.25
1, 1, 4, 42, 10, 0.25
1, 2, 3, 42, 16, 0.25
1, 2, 5, 42, 32, 0.25
1, 3, 6, 42, 40, 0.25
1, 4, 5, 42, 30, 0.25
1, 4, 7, 42, 20, 0.25
1, 5, 6, 42, 17, 0.25
1, 5, 8, 42, 42, 0.25
1, 6, 9, 42, 33, 0.25
1, 7, 8, 42, 35, 0.25
1, 8, 9, 42, 36, 0.25
1, 1, 2, 43, 12, 0.25
1, 1, 4, 43, 17, 0.25
1, 2, 3, 43, 33, 0.25
1, 2, 5, 43, 13, 0.25
1, 3, 6, 43, 40, 0.25
1, 4, 5, 43, 5, 0.25
1, 4, 7, 43, 24, 0.25
1, 5, 6, 43, 31, 0.25
1, 5, 8, 43, 18, 0.25
1, 6, 9, 43, 13, 0.25
1, 7, 8, 43, 43, 0.25
1, 8, 9, 43, 22, 0.25
1, 1, 2, 44, 7, 0.25
1, 1, 4, 44, 40, 0.25
1, 2, 3, 44, 28, 0.25
1, 2, 5, 44, 39, 0.25
1, 3, 6, 44, 36, 0.25
1, 4, 5, 44, 12, 0.25
1, 4, 7, 44, 17, 0.25
1, 5, 6, 44, 1, 0.25
1, 5, 8, 44, 18, 0.25
1, 6, 9, 44, 31, 0.25
1, 7, 8, 44, 29, 0.25
1, 8, 9, 44, 12, 0.25
1, 1, 2, 45, 2, 0.25
1, 1, 4, 45, 5, 0.25
1, 2, 3, 45, 39, 0.25
1, 2, 5, 45, 42, 0.25
1, 3, 6, 45, 16, 0.25
1, 4, 5, 45, 10, 0.25
1, 4, 7, 45, 8, 0.25
1, 5, 6, 45, 4, 0.25
1, 5, 8, 45, 39, 0.25
1, 6, 9, 45, 33, 0.25
1, 7, 8, 45, 22, 0.25
1, 8, 9, 45, 3, 0.25
1, 1, 2, 46, 11, 0.25
1, 1, 4, 46, 23, 0.25
1, 2, 3, 46, 16, 0.25
1, 2, 5, 46, 9, 0.25
1, 3, 6, 46, 2, 0.25
1, 4, 5, 46, 22, 0.25
1, 4, 7, 46, 22, 0.25
1, 5, 6, 46, 28, 0.25
1, 5, 8, 46, 27, 0.25
1, 6, 9, 46, 2, 0.25
1, 7, 8, 46, 31, 0.25
1, 8, 9, 46, 14, 0.25
1, 1, 2, 47, 26, 0.25
1, 1, 4, 47, 3, 0.25
1, 2, 3, 47, 8, 0.25
1, 2, 5, 47, 11, 0.25
1, 3, 6, 47, 9, 0.25
1, 4, 5, 47, 20, 0.25
1, 4, 7, 47, 3, 0.25
1, 5, 6, 47, 41, 0.25
1, 5, 8, 47, 14, 0.25
1, 6, 9, 47, 23, 0.25
1, 7, 8, 47, 7, 0.25
1, 8, 9, 47, 40, 0.25
1, 1, 2, 48, 32, 0.25
1, 1, 4, 48, 4, 0.25
1, 2, 5, 48, 24, 0.25
1, 3, 6, 48, 13, 0.25
1, 4, 5, 48, 30, 0.25
1, 4, 7, 48, 10, 0.25
1, 5, 6, 48, 22, 0.25
1, 5, 8, 48, 3, 0.25
1, 6, 9, 48, 22, 0.25
1, 7, 8, 48, 18, 0.25
1, 1, 2, 49, 40, 0.25
1, 1, 4, 49, 18, 0.25
1, 2, 3, 49, 36, 0.25
1, 2, 5, 49, 2, 0.25
1, 3, 6, 49, 27, 0.25
1, 4, 5, 49, 7, 0.25
1, 4, 7, 49, 22, 0.25
1, 5, 6, 49, 9, 0.25
1, 5, 8, 49, 7, 0.25
1, 6, 9, 49, 31, 0.25
1, 7, 8, 49, 21, 0.25
1, 8, 9, 49, 18, 0.25
1, 1, 2, 50, 18, 0.25
1, 1, 4, 50, 22, 0.25
1, 2, 3, 50, 16, 0.25
1, 2, 5, 50, 33, 0.25
1, 3, 6, 50, 8, 0.25
1, 4, 5, 50, 3, 0.25
1, 4, 7, 50, 24, 0.25
1, 5, 6, 50, 15, 0.25
1, 5, 8, 50, 36, 0.25
1, 6, 9, 50, 25, 0.25
1, 7, 8, 50, 16, 0.25
1, 8, 9, 50, 33, 0.25
1, 1, 2, 51, 29, 0.25
1, 1, 4, 51, 14, 0.25
1, 2, 5, 51, 8, 0.25
1, 3, 6, 51, 23, 0.25
1, 4, 5, 51, 12, 0.25
1, 4, 7, 51, 27, 0.25
1, 5, 6, 51, 38, 0.25
1, 6, 9, 51, 21, 0.25
1, 7, 8, 51, 31, 0.25
1, 8, 9, 51, 3, 0.25
1, 1, 4, 52, 5, 0.25
1, 2, 3, 52, 29, 0.25
1, 2, 5, 52, 11, 0.25
1, 4, 5, 52, 16, 0.25
1, 5, 6, 52, 31, 0.25
1, 6, 9, 52, 9, 0.25
1, 7, 8, 52, 13, 0.25
1, 8, 9, 52, 25, 0.25
1, 1, 2, 53, 6, 0.25
1, 1, 4, 53, 3, 0.25
1, 2, 3, 53, 1, 0.25
1, 2, 5, 53, 33, 0.25
1, 3, 6, 53, 8, 0.25
1, 4, 5, 53, 26, 0.25
1, 4, 7, 53, 4, 0.25
1, 5, 6, 53, 32, 0.25
1, 5, 8, 53, 28, 0.25
1, 6, 9, 53, 6, 0.25
1, 7, 8, 53, 26, 0.25
1, 8, 9, 53, 35, 0.25
1, 1, 4, 54, 17, 0.25
1, 2, 3, 54, 17, 0.25
1, 3, 6, 54, 2, 0.25
1, 4, 5, 54, 29, 0.25
1, 4, 7, 54, 26, 0.25
1, 5, 6, 54, 23, 0.25
1, 5, 8, 54, 22, 0.25
1, 6, 9, 54, 12, 0.25
1, 7, 8, 54, 6, 0.25
1, 8, 9, 54, 5, 0.25
1, 1, 2, 55, 10, 0.25
1, 1, 4, 55, 7, 0.25
1, 2, 5, 55, 23, 0.25
1, 4, 7, 55, 32, 0.25
1, 5, 6, 55, 12, 0.25
1, 5, 8, 55, 20, 0.25
1, 6, 9, 55, 18, 0.25
1, 7, 8, 55, 32, 0.25
1, 8, 9, 55, 33, 0.25
1, 1, 2, 56, 25, 0.25
1, 2, 3, 56, 3, 0.25
1, 2, 5, 56, 9, 0.25
1, 3, 6, 56, 11, 0.25
1, 4, 5, 56, 31, 0.25
1, 4, 7, 56, 3, 0.25
1, 6, 9, 56, 22, 0.25
1, 7, 8, 56, 24, 0.25
1, 8, 9, 56, 14, 0.25
1, 1, 2, 57, 10, 0.25
1, 1, 4, 57, 5, 0.25
1, 2, 3, 57, 29, 0.25
1, 2, 5, 57, 31, 0.25
1, 3, 6, 57, 29, 0.25
1, 4, 5, 57, 22, 0.25
1, 4, 7, 57, 2, 0.25
1, 5, 8, 57, 10, 0.25
1, 6, 9, 57, 16, 0.25
1, 7, 8, 57, 24, 0.25
1, 8, 9, 57, 7, 0.25
1, 1, 2, 58, 18, 0.25
1, 1, 4, 58, 6, 0.25
1, 2, 3, 58, 7, 0.25
1, 4, 5, 58, 29, 0.25
1, 4, 7, 58, 24, 0.25
1, 5, 6, 58, 14, 0.25
1, 5, 8, 58, 22, 0.25
1, 8, 9, 58, 27, 0.25
1, 1, 4, 59, 10, 0.25
1, 2, 3, 59, 3, 0.25
1, 2, 5, 59, 5, 0.25
1, 4, 5, 59, 4, 0.25
1, 5, 6, 59, 21, 0.25
1, 5, 8, 59, 10, 0.25
1, 8, 9, 59, 15, 0.25
1, 1, 2, 60, 17, 0.25
1, 2, 3, 60, 9, 0.25
1, 2, 5, 60, 19, 0.25
1, 4, 5, 60, 22, 0.25
1, 5, 6, 60, 13, 0.25
1, 5, 8, 60, 24, 0.25
1, 7, 8, 60, 10, 0.25
1, 1, 2, 61, 19, 0.25
1, 1, 4, 61, 9, 0.25
1, 2, 3, 61, 14, 0.25
1, 3, 6, 61, 10, 0.25
1, 4, 7, 61, 22, 0.25
1, 5, 6, 61, 18, 0.25
1, 5, 8, 61, 16, 0.25
1, 6, 9, 61, 10, 0.25
1, 7, 8, 61, 27, 0.25
1, 1, 4, 62, 20, 0.25
1, 2, 3, 62, 5, 0.25
1, 3, 6, 62, 21, 0.25
1, 4, 7, 62, 9, 0.25
1, 5, 8, 62, 25, 0.25
1, 6, 9, 62, 8, 0.25
1, 7, 8, 62, 4, 0.25
1, 1, 2, 63, 18, 0.25
1, 1, 4, 63, 11, 0.25
1, 2, 3, 63, 2, 0.25
1, 4, 7, 63, 22, 0.25
1, 6, 9, 63, 26, 0.25
1, 7, 8, 63, 8, 0.25
1, 8, 9, 63, 22, 0.25
1, 1, 2, 64, 16, 0.25
1, 1, 4, 64, 5, 0.25
1, 3, 6, 64, 17, 0.25
1, 4, 5, 64, 1, 0.25
1, 4, 7, 64, 16, 0.25
1, 5, 6, 64, 22, 0.25
1, 6, 9, 64, 15, 0.25
1, 1, 4, 65, 24, 0.25
1, 2, 3, 65, 7, 0.25
1, 3, 6, 65, 7, 0.25
1, 4, 5, 65, 16, 0.25
1, 6, 9, 65, 11, 0.25
1, 7, 8, 65, 24, 0.25
1, 8, 9, 65, 13, 0.25
1, 1, 4, 66, 23, 0.25
1, 2, 3, 66, 10, 0.25
1, 2, 5, 66, 23, 0.25
1, 4, 5, 66, 2, 0.25
1, 4, 7, 66, 12, 0.25
1, 5, 6, 66, 3, 0.25
1, 6, 9, 66, 3, 0.25
1, 7, 8, 66, 10, 0.25
1, 2, 3, 67, 13, 0.25
1, 4, 7, 67, 2, 0.25
1, 5, 6, 67, 11, 0.25
1, 5, 8, 67, 14, 0.25
1, 6, 9, 67, 14, 0.25
1, 2, 3, 68, 18, 0.25
1, 2, 5, 68, 4, 0.25
1, 3, 6, 68, 14, 0.25
1, 4, 7, 68, 21, 0.25
1, 5, 6, 68, 11, 0.25
1, 5, 8, 68, 12, 0.25
1, 1, 2, 69, 4, 0.25
1, 1, 4, 69, 17, 0.25
1, 2, 3, 69, 20, 0.25
1, 3, 6, 69, 12, 0.25
1, 7, 8, 69, 2, 0.25
1, 1, 4, 70, 5, 0.25
1, 2, 3, 70, 6, 0.25
1, 2, 5, 70, 14, 0.25
1, 5, 6, 70, 12, 0.25
1, 5, 8, 70, 10, 0.25
1, 2, 3, 71, 18, 0.25
1, 3, 6, 71, 11, 0.25
1, 4, 7, 71, 9, 0.25
1, 5, 6, 71, 11, 0.25
1, 7, 8, 71, 4, 0.25
1, 2, 5, 72, 15, 0.25
1, 4, 7, 72, 11, 0.25
1, 5, 6, 72, 5, 0.25
1, 5, 8, 72, 5, 0.25
1, 8, 9, 72, 6, 0.25
1, 2, 5, 73, 15, 0.25
1, 4, 5, 73, 13, 0.25
1, 4, 7, 73, 12, 0.25
1, 1, 2, 74, 5, 0.25
1, 3, 6, 74, 8, 0.25
1, 6, 9, 74, 5, 0.25
1, 8, 9, 74, 4, 0.25
1, 2, 5, 75, 7, 0.25
1, 4, 5, 75, 7, 0.25
1, 5, 6, 75, 3, 0.25
1, 6, 9, 75, 8, 0.25
1, 1, 4, 76, 11, 0.25
1, 2, 3, 76, 9, 0.25
1, 2, 3, 77, 10, 0.25
1, 3, 6, 77, 12, 0.25
1, 4, 5, 77, 8, 0.25
1, 5, 8, 77, 1, 0.25
1, 7, 8, 77, 11, 0.25
1, 1, 2, 78, 6, 0.25
1, 2, 5, 78, 4, 0.25
1, 1, 2, 79, 6, 0.25
1, 5, 8, 79, 8, 0.25
1, 6, 9, 80, 3, 0.25
1, 7, 8, 80, 6, 0.25
1, 1, 4, 81, 2, 0.25
1, 3, 6, 81, 6, 0.25
1, 8, 9, 81, 7, 0.25
1, 6, 9, 83, 6, 0.25
1, 1, 4, 85, 3, 0.25
1, 5, 6, 85, 3, 0.25
1, 6, 9, 86, 2, 0.25
2, 1, 2, 0, 6, 0.25
2, 1, 4, 0, 26, 0.25
2, 2, 3, 0, 33, 0.25
2, 2, 5, 0, 16, 0.25
2, 3, 6, 0, 29, 0.25
2, 4, 5, 0, 30, 0.25
2, 4, 7, 0, 13, 0.25
2, 5, 6, 0, 19, 0.25
2, 5, 8, 0, 18, 0.25
2, 6, 9, 0, 38, 0.25
2, 7, 8, 0, 43, 0.25
2, 8, 9, 0, 35, 0.25
2, 1, 2, 1, 31, 0.25
2, 1, 4, 1, 17, 0.25
2, 2, 3, 1, 11, 0.25
2, 2, 5, 1, 29, 0.25
2, 3, 6, 1, 26, 0.25
2, 4, 5, 1, 36, 0.25
2, 4, 7, 1, 15, 0.25
2, 5, 6, 1, 34, 0.25
2, 5, 8, 1, 18, 0.25
2, 6, 9, 1, 22, 0.25
2, 7, 8, 1, 37, 0.25
2, 8, 9, 1, 38, 0.25
2, 1, 2, 2, 27, 0.25
2, 1, 4, 2, 19, 0.25
2, 2, 3, 2, 9, 0.25
2, 2, 5, 2, 36, 0.25
2, 3, 6, 2, 8, 0.25
2, 4, 5, 2, 27, 0.25
2, 4, 7, 2, 41, 0.25
2, 5, 6, 2, 29, 0.25
2, 5, 8, 2, 39, 0.25
2, 6, 9, 2, 31, 0.25
2, 7, 8, 2, 28, 0.25
2, 8, 9, 2, 7, 0.25
2, 1, 2, 3, 16, 0.25
2, 1, 4, 3, 7, 0.25
2, 2, 3, 3, 24, 0.25
2, 2, 5, 3, 43, 0.25
2, 3, 6, 3, 7, 0.25
2, 4, 5, 3, 20, 0.25
2, 4, 7, 3, 30, 0.25
2, 5, 6, 3, 14, 0.25
2, 5, 8, 3, 15, 0.25
2, 6, 9, 3, 24, 0.25
2, 7, 8, 3, 29, 0.25
2, 8, 9, 3, 32, 0.25
2, 1, 2, 4, 15, 0.25
2, 1, 4, 4, 16, 0.25
2, 2, 3, 4, 12, 0.25
2, 2, 5, 4, 20, 0.25
2, 3, 6, 4, 13, 0.25
2, 4, 5, 4, 27, 0.25
2, 4, 7, 4, 30, 0.25
2, 5, 6, 4, 30, 0.25
2, 5, 8, 4, 37, 0.25
2, 6, 9, 4, 37, 0.25
2, 7, 8, 4, 25, 0.25
2, 8, 9, 4, 33, 0.25
2, 1, 2, 5, 37, 0.25
2, 1, 4, 5, 20, 0.25
2, 2, 3, 5, 26, 0.25
2, 2, 5, 5, 2, 0.25
2, 3, 6, 5, 41, 0.25
2, 4, 5, 5, 12, 0.25
2, 4, 7, 5, 7, 0.25
2, 5, 6, 5, 4, 0.25
2, 5, 8, 5, 37, 0.25
2, 6, 9, 5, 39, 0.25
2, 7, 8, 5, 15, 0.25
2, 8, 9, 5, 30, 0.25
2, 1, 2, 6, 26, 0.25
2, 1, 4, 6, 38, 0.25
2, 2, 3, 6, 23, 0.25
2, 2, 5, 6, 36, 0.25
2, 3, 6, 6, 13, 0.25
2, 4, 5, 6, 28, 0.25
2, 4, 7, 6, 36, 0.25
2, 5, 6, 6, 43, 0.25
2, 5, 8, 6, 15, 0.25
2, 6, 9, 6, 22, 0.25
2, 7, 8, 6, 36, 0.25
2, 8, 9, 6, 25, 0.25
2, 1, 2, 7, 16, 0.25
2, 1, 4, 7, 42, 0.25
2, 2, 3, 7, 4, 0.25
2, 2, 5, 7, 9, 0.25
2, 3, 6, 7, 20, 0.25
2, 4, 5, 7, 9, 0.25
2, 4, 7, 7, 9, 0.25
2, 5, 6, 7, 17, 0.25
2, 5, 8, 7, 39, 0.25
2, 6, 9, 7, 18, 0.25
2, 7, 8, 7, 24, 0.25
2, 8, 9, 7, 31, 0.25
2, 1, 2, 8, 15, 0.25
2, 1, 4, 8, 39, 0.25
2, 2, 3, 8, 6, 0.25
2, 2, 5, 8, 42, 0.25
2, 3, 6, 8, 14, 0.25
2, 4, 5, 8, 23, 0.25
2, 4, 7, 8, 13, 0.25
2, 5, 6, 8, 44, 0.25
2, 5, 8, 8, 2, 0.25
2, 6, 9, 8, 25, 0.25
2, 7, 8, 8, 2, 0.25
2, 8, 9, 8, 3, 0.25
2, 1, 2, 9, 28, 0.25
2, 1, 4, 9, 34, 0.25
2, 2, 3, 9, 9, 0.25
2, 2, 5, 9, 37, 0.25
2, 3, 6, 9, 6, 0.25
2, 4, 5, 9, 30, 0.25
2, 4, 7, 9, 21, 0.25
2, 5, 6, 9, 17, 0.25
2, 5, 8, 9, 41, 0.25
2, 6, 9, 9, 21, 0.25
2, 7, 8, 9, 19, 0.25
2, 8, 9, 9, 32, 0.25
2, 1, 2, 10, 28, 0.25
2, 1, 4, 10, 28, 0.25
2, 2, 3, 10, 27, 0.25
2, 2, 5, 10, 20, 0.25
2, 3, 6, 10, 8, 0.25
2, 4, 5, 10, 29, 0.25
2, 4, 7, 10, 38, 0.25
2, 5, 6, 10, 31, 0.25
2, 5, 8, 10, 13, 0.25
2, 6, 9, 10, 32, 0.25
2, 7, 8, 10, 28, 0.25
2, 8, 9, 10, 25, 0.25
2, 1, 2, 11, 17, 0.25
2, 1, 4, 11, 4, 0.25
2, 2, 3, 11, 19, 0.25
2, 2, 5, 11, 33, 0.25
2, 3, 6, 11, 13, 0.25
2, 4, 5, 11, 27, 0.25
2, 4, 7, 11, 36, 0.25
2, 5, 6, 11, 26, 0.25
2, 5, 8, 11, 31, 0.25
2, 6, 9, 11, 38, 0.25
2, 7, 8, 11, 27, 0.25
2, 8, 9, 11, 39, 0.25
2, 1, 2, 12, 40, 0.25
2, 1, 4, 12, 40, 0.25
2, 2, 3, 12, 33, 0.25
2, 2, 5, 12, 30, 0.25
2, 3, 6, 12, 40, 0.25
2, 4, 5, 12, 13, 0.25
2, 4, 7, 12, 20, 0.25
2, 5, 6, 12, 15, 0.25
2, 5, 8, 12, 5, 0.25
2, 6, 9, 12, 32, 0.25
2, 7, 8, 12, 34, 0.25
2, 8, 9, 12, 16, 0.25
2, 1, 2, 13, 11, 0.25
2, 1, 4, 13, 2, 0.25
2, 2, 3, 13, 12, 0.25
2, 2, 5, 13, 4, 0.25
2, 3, 6, 13, 30, 0.25
2, 4, 5, 13, 25, 0.25
2, 4, 7, 13, 43, 0.25
2, 5, 6, 13, 39, 0.25
2, 5, 8, 13, 14, 0.25
2, 6, 9, 13, 11, 0.25
2, 7, 8, 13, 17, 0.25
2, 8, 9, 13, 13, 0.25
2, 1, 2, 14, 4, 0.25
2, 1, 4, 14, 36, 0.25
2, 2, 3, 14, 20, 0.25
2, 2, 5, 14, 26, 0.25
2, 3, 6, 14, 9, 0.25
2, 4, 5, 14, 9, 0.25
2, 4, 7, 14, 6, 0.25
2, 5, 6, 14, 35, 0.25
2, 5, 8, 14, 23, 0.25
2, 6, 9, 14, 17, 0.25
2, 7, 8, 14, 13, 0.25
2, 8, 9, 14, 17, 0.25
2, 1, 2, 15, 6, 0.25
2, 1, 4, 15, 32, 0.25
2, 2, 3, 15, 20, 0.25
2, 2, 5, 15, 18, 0.25
2, 3, 6, 15, 39, 0.25
2, 4, 5, 15, 24, 0.25
2, 4, 7, 15, 4, 0.25
2, 5, 6, 15, 25, 0.25
2, 5, 8, 15, 19, 0.25
2, 6, 9, 15, 14, 0.25
2, 7, 8, 15, 37, 0.25
2, 8, 9, 15, 39, 0.25
2, 1, 2, 16, 42, 0.25
2, 1, 4, 16, 23, 0.25
2, 2, 3, 16, 42, 0.25
2, 2, 5, 16, 32, 0.25
2, 3, 6, 16, 33, 0.25
2, 4, 5, 16, 38, 0.25
2, 4, 7, 16, 42, 0.25
2, 5, 6, 16, 20, 0.25
2, 5, 8, 16, 23, 0.25
2, 6, 9, 16, 21, 0.25
2, 7, 8, 16, 37, 0.25
2, 8, 9, 16, 4, 0.25
2, 1, 2, 17, 9, 0.25
2, 1, 4, 17, 23, 0.25
2, 2, 3, 17, 6, 0.25
2, 2, 5, 17, 19, 0.25
2, 3, 6, 17, 18, 0.25
2, 4, 5, 17, 40, 0.25
2, 4, 7, 17, 31, 0.25
2, 5, 6, 17, 21, 0.25
2, 5, 8, 17, 9, 0.25
2, 6, 9, 17, 33, 0.25
2, 7, 8, 17, 19, 0.25
2, 8, 9, 17, 38, 0.25
2, 1, 2, 18, 35, 0.25
2, 1, 4, 18, 10, 0.25
2, 2, 3, 18, 12, 0.25
2, 2, 5, 18, 23, 0.25
2, 3, 6, 18, 20, 0.25
2, 4, 5, 18, 42, 0.25
2, 4, 7, 18, 14, 0.25
2, 5, 6, 18, 39, 0.25
2, 5, 8, 18, 15, 0.25
2, 6, 9, 18, 26, 0.25
2, 7, 8, 18, 40, 0.25
2, 8, 9, 18, 13, 0.25
2, 1, 2, 19, 18, 0.25
2, 1, 4, 19, 41, 0.25
2, 2, 3, 19, 8, 0.25
2, 2, 5, 19, 35, 0.25
2, 3, 6, 19, 38, 0.25
2, 4, 5, 19, 34, 0.25
2, 4, 7, 19, 12, 0.25
2, 5, 6, 19, 7, 0.25
2, 5, 8, 19, 16, 0.25
2, 6, 9, 19, 25, 0.25
2, 7, 8, 19, 17, 0.25
2, 8, 9, 19, 1, 0.25
2, 1, 2, 20, 34, 0.25
2, 1, 4, 20, 3, 0.25
2, 2, 3, 20, 12, 0.25
2, 2, 5, 20, 33, 0.25
2, 3, 6, 20, 7, 0.25
2, 4, 5, 20, 3, 0.25
2, 4, 7, 20, 35, 0.25
2, 5, 6, 20, 20, 0.25
2, 5, 8, 20, 18, 0.25
2, 6, 9, 20, 36, 0.25
2, 7, 8, 20, 9, 0.25
2, 8, 9, 20, 31, 0.25
2, 1, 2, 21, 39, 0.25
2, 1, 4, 21, 41, 0.25
2, 2, 3, 21, 23, 0.25
2, 2, 5, 21, 13, 0.25
2, 3, 6, 21, 7, 0.25
2, 4, 5, 21, 3, 0.25
2, 4, 7, 21, 13, 0.25
2, 5, 6, 21, 12, 0.25
2, 5, 8, 21, 23, 0.25
2, 6, 9, 21, 36, 0.25
2, 7, 8, 21, 21, 0.25
2, 8, 9, 21, 30, 0.25
2, 1, 2, 22, 43, 0.25
2, 1, 4, 22, 22, 0.25
2, 2, 3, 22, 41, 0.25
2, 2, 5, 22, 23, 0.25
2, 3, 6, 22, 1, 0.25
2, 4, 5, 22, 39, 0.25
2, 4, 7, 22, 29, 0.25
2, 5, 6, 22, 30, 0.25
2, 5, 8, 22, 6, 0.25
2, 6, 9, 22, 3, 0.25
2, 7, 8, 22, 25, 0.25
2, 8, 9, 22, 16, 0.25
2, 1, 2, 23, 13, 0.25
2, 1, 4, 23, 25, 0.25
2, 2, 3, 23, 38, 0.25
2, 2, 5, 23, 25, 0.25
2, 3, 6, 23, 38, 0.25
2, 4, 5, 23, 43, 0.25
2, 4, 7, 23, 42, 0.25
2, 5, 6, 23, 18, 0.25
2, 5, 8, 23, 24, 0.25
2, 6, 9, 23, 42, 0.25
2, 7, 8, 23, 17, 0.25
2, 8, 9, 23, 10, 0.25
2, 1, 2, 24, 11, 0.25
2, 1, 4, 24, 43, 0.25
2, 2, 3, 24, 34, 0.25
2, 2, 5, 24, 14, 0.25
2, 3, 6, 24, 10, 0.25
2, 4, 5, 24, 37, 0.25
2, 4, 7, 24, 36, 0.25
2, 5, 6, 24, 19, 0.25
2, 5, 8, 24, 30, 0.25
2, 6, 9, 24, 15, 0.25
2, 7, 8, 24, 42, 0.25
2, 8, 9, 24, 7, 0.25
2, 1, 2, 25, 6, 0.25
2, 1, 4, 25, 13, 0.25
2, 2, 3, 25, 39, 0.25
2, 2, 5, 25, 3, 0.25
2, 3, 6, 25, 5, 0.25
2, 4, 5, 25, 26, 0.25
2, 4, 7, 25, 33, 0.25
2, 5, 6, 25, 28, 0.25
2, 5, 8, 25, 40, 0.25
2, 6, 9, 25, 11, 0.25
2, 7, 8, 25, 14, 0.25
2, 8, 9, 25, 3, 0.25
2, 1, 2, 26, 37, 0.25
2, 1, 4, 26, 14, 0.25
2, 2, 3, 26, 5, 0.25
2, 2, 5, 26, 37, 0.25
2, 3, 6, 26, 12, 0.25
2, 4, 5, 26, 5, 0.25
2, 4, 7, 26, 10, 0.25
2, 5, 6, 26, 32, 0.25
2, 5, 8, 26, 28, 0.25
2, 6, 9, 26, 41, 0.25
2, 7, 8, 26, 35, 0.25
2, 8, 9, 26, 37, 0.25
2, 1, 2, 27, 31, 0.25
2, 1, 4, 27, 31, 0.25
2, 2, 3, 27, 20, 0.25
2, 2, 5, 27, 23, 0.25
2, 3, 6, 27, 13, 0.25
2, 4, 5, 27, 34, 0.25
2, 4, 7, 27, 12, 0.25
2, 5, 6, 27, 28, 0.25
2, 5, 8, 27, 9, 0.25
2, 6, 9, 27, 28, 0.25
2, 7, 8, 27, 12, 0.25
2, 8, 9, 27, 22, 0.25
2, 1, 2, 28, 10, 0.25
2, 1, 4, 28, 6, 0.25
2, 2, 3, 28, 25, 0.25
2, 2, 5, 28, 21, 0.25
2, 3, 6, 28, 14, 0.25
2, 4, 5, 28, 7, 0.25
2, 4, 7, 28, 19, 0.25
2, 5, 6, 28, 15, 0.25
2, 5, 8, 28, 41, 0.25
2, 6, 9, 28, 42, 0.25
2, 7, 8, 28, 22, 0.25
2, 8, 9, 28, 26, 0.25
2, 1, 2, 29, 9, 0.25
2, 1, 4, 29, 39, 0.25
2, 2, 3, 29, 6, 0.25
2, 2, 5, 29, 11, 0.25
2, 3, 6, 29, 9, 0.25
2, 4, 5, 29, 19, 0.25
2, 4, 7, 29, 13, 0.25
2, 5, 6, 29, 31, 0.25
2, 5, 8, 29, 32, 0.25
2, 6, 9, 29, 13, 0.25
2, 7, 8, 29, 9, 0.25
2, 8, 9, 29, 15, 0.25
2, 1, 2, 30, 32, 0.25
2, 1, 4, 30, 44, 0.25
2, 2, 3, 30, 15, 0.25
2, 2, 5, 30, 21, 0.25
2, 3, 6, 30, 40, 0.25
2, 4, 5, 30, 26, 0.25
2, 4, 7, 30, 14, 0.25
2, 5, 6, 30, 5, 0.25
2, 5, 8, 30, 3, 0.25
2, 6, 9, 30, 6, 0.25
2, 7, 8, 30, 19, 0.25
2, 8, 9, 30, 2, 0.25
2, 1, 2, 31, 4, 0.25
2, 1, 4, 31, 4, 0.25
2, 2, 3, 31, 39, 0.25
2, 2, 5, 31, 29, 0.25
2, 3, 6, 31, 31, 0.25
2, 4, 5, 31, 9, 0.25
2, 4, 7, 31, 42, 0.25
2, 5, 6, 31, 38, 0.25
2, 5, 8, 31, 7, 0.25
2, 6, 9, 31, 31, 0.25
2, 7, 8, 31, 33, 0.25
2, 8, 9, 31, 36, 0.25
2, 1, 2, 32, 10, 0.25
2, 1, 4, 32, 15, 0.25
2, 2, 3, 32, 2, 0.25
2, 2, 5, 32, 35, 0.25
2, 3, 6, 32, 2, 0.25
2, 4, 5, 32, 19, 0.25
2, 4, 7, 32, 25, 0.25
2, 5, 6, 32, 14, 0.25
2, 5, 8, 32, 27, 0.25
2, 6, 9, 32, 32, 0.25
2, 7, 8, 32, 35, 0.25
2, 8, 9, 32, 30, 0.25
2, 1, 2, 33, 23, 0.25
2, 1, 4, 33, 16, 0.25
2, 2, 3, 33, 44, 0.25
2, 2, 5, 33, 8, 0.25
2, 3, 6, 33, 29, 0.25
2, 4, 5, 33, 14, 0.25
2, 4, 7, 33, 22, 0.25
2, 5, 6, 33, 19, 0.25
2, 5, 8, 33, 23, 0.25
2, 6, 9, 33, 3, 0.25
2, 7, 8, 33, 7, 0.25
2, 8, 9, 33, 25, 0.25
2, 1, 2, 34, 7, 0.25
2, 1, 4, 34, 25, 0.25
2, 2, 3, 34, 20, 0.25
2, 2, 5, 34, 31, 0.25
2, 3, 6, 34, 12, 0.25
2, 4, 5, 34, 27, 0.25
2, 4, 7, 34, 17, 0.25
2, 5, 6, 34, 30, 0.25
2, 5, 8, 34, 44, 0.25
2, 6, 9, 34, 43, 0.25
2, 7, 8, 34, 33, 0.25
2, 8, 9, 34, 2, 0.25
2, 1, 2, 35, 34, 0.25
2, 1, 4, 35, 10, 0.25
2, 2, 3, 35, 42, 0.25
2, 2, 5, 35, 28, 0.25
2, 3, 6, 35, 43, 0.25
2, 4, 5, 35, 16, 0.25
2, 4, 7, 35, 40, 0.25
2, 5, 6, 35, 35, 0.25
2, 5, 8, 35, 14, 0.25
2, 6, 9, 35, 39, 0.25
2, 7, 8, 35, 10, 0.25
2, 8, 9, 35, 7, 0.25
2, 1, 2, 36, 10, 0.25
2, 1, 4, 36, 22, 0.25
2, 2, 3, 36, 35, 0.25
2, 2, 5, 36, 40, 0.25
2, 3, 6, 36, 26, 0.25
2, 4, 5, 36, 4, 0.25
2, 4, 7, 36, 4, 0.25
2, 5, 6, 36, 5, 0.25
2, 5, 8, 36, 33, 0.25
2, 6, 9, 36, 7, 0.25
2, 7, 8, 36, 28, 0.25
2, 8, 9, 36, 23, 0.25
2, 1, 2, 37, 5, 0.25
2, 1, 4, 37, 38, 0.25
2, 2, 3, 37, 34, 0.25
2, 2, 5, 37, 16, 0.25
2, 3, 6, 37, 29, 0.25
2, 4, 5, 37, 18, 0.25
2, 4, 7, 37, 34, 0.25
2, 5, 6, 37, 30, 0.25
2, 5, 8, 37, 14, 0.25
2, 6, 9, 37, 42, 0.25
2, 7, 8, 37, 35, 0.25
2, 8, 9, 37, 19, 0.25
2, 1, 2, 38, 20, 0.25
2, 1, 4, 38, 38, 0.25
2, 2, 3, 38, 41, 0.25
2, 2, 5, 38, 31, 0.25
2, 3, 6, 38, 8, 0.25
2, 4, 5, 38, 36, 0.25
2, 4, 7, 38, 28, 0.25
2, 5, 6, 38, 5, 0.25
2, 5, 8, 38, 27, 0.25
2, 6, 9, 38, 25, 0.25
2, 7, 8, 38, 25, 0.25
2, 8, 9, 38, 37, 0.25
2, 1, 2, 39, 14, 0.25
2, 1, 4, 39, 31, 0.25
2, 2, 3, 39, 25, 0.25
2, 2, 5, 39, 33, 0.25
2, 3, 6, 39, 38, 0.25
2, 4, 5, 39, 18, 0.25
2, 4, 7, 39, 30, 0.25
2, 5, 6, 39, 44, 0.25
2, 5, 8, 39, 5, 0.25
2, 6, 9, 39, 38, 0.25
2, 7, 8, 39, 37, 0.25
2, 8, 9, 39, 3, 0.25
2, 1, 2, 40, 13, 0.25
2, 1, 4, 40, 20, 0.25
2, 2, 3, 40, 35, 0.25
2, 2, 5, 40, 41, 0.25
2, 3, 6, 40, 17, 0.25
2, 4, 5, 40, 9, 0.25
2, 4, 7, 40, 25, 0.25
2, 5, 6, 40, 11, 0.25
2, 5, 8, 40, 22, 0.25
2, 6, 9, 40, 9, 0.25
2, 7, 8, 40, 42, 0.25
2, 8, 9, 40, 14, 0.25
2, 1, 2, 41, 28, 0.25
2, 1, 4, 41, 22, 0.25
2, 2, 3, 41, 3, 0.25
2, 2, 5, 41, 4, 0.25
2, 3, 6, 41, 44, 0.25
2, 4, 5, 41, 33, 0.25
2, 4, 7, 41, 43, 0.25
2, 5, 6, 41, 36, 0.25
2, 5, 8, 41, 10, 0.25
2, 6, 9, 41, 18, 0.25
2, 7, 8, 41, 7, 0.25
2, 8, 9, 41, 35, 0.25
2, 1, 2, 42, 35, 0.25
2, 1, 4, 42, 7, 0.25
2, 2, 3, 42, 7, 0.25
2, 2, 5, 42, 15, 0.25
2, 3, 6, 42, 26, 0.25
2, 4, 5, 42, 22, 0.25
2, 4, 7, 42, 27, 0.25
2, 5, 6, 42, 13, 0.25
2, 5, 8, 42, 33, 0.25
2, 6, 9, 42, 18, 0.25
2, 7, 8, 42, 18, 0.25
2, 8, 9, 42, 18, 0.25
2, 1, 2, 43, 20, 0.25
2, 1, 4, 43, 5, 0.25
2, 2, 3, 43, 11, 0.25
2, 2, 5, 43, 27, 0.25
2, 3, 6, 43, 30, 0.25
2, 4, 5, 43, 28, 0.25
2, 4, 7, 43, 24, 0.25
2, 5, 6, 43, 34, 0.25
2, 5, 8, 43, 11, 0.25
2, 6, 9, 43, 16, 0.25
2, 7, 8, 43, 25, 0.25
2, 8, 9, 43, 28, 0.25
2, 1, 2, 44, 44, 0.25
2, 1, 4, 44, 31, 0.25
2, 2, 3, 44, 7, 0.25
2, 2, 5, 44, 21, 0.25
2, 3, 6, 44, 4, 0.25
2, 4, 5, 44, 42, 0.25
2, 4, 7, 44, 13, 0.25
2, 5, 6, 44, 30, 0.25
2, 5, 8, 44, 21, 0.25
2, 6, 9, 44, 6, 0.25
2, 7, 8, 44, 23, 0.25
2, 8, 9, 44, 25, 0.25
2, 1, 2, 45, 9, 0.25
2, 1, 4, 45, 7, 0.25
2, 2, 3, 45, 43, 0.25
2, 2, 5, 45, 14, 0.25
2, 3, 6, 45, 28, 0.25
2, 4, 5, 45, 14, 0.25
2, 4, 7, 45, 43, 0.25
2, 5, 6, 45, 17, 0.25
2, 5, 8, 45, 40, 0.25
2, 6, 9, 45, 35, 0.25
2, 7, 8, 45, 17, 0.25
2, 8, 9, 45, 25, 0.25
2, 1, 2, 46, 13, 0.25
2, 1, 4, 46, 19, 0.25
2, 2, 3, 46, 17, 0.25
2, 2, 5, 46, 20, 0.25
2, 3, 6, 46, 14, 0.25
2, 4, 5, 46, 43, 0.25
2, 4, 7, 46, 15, 0.25
2, 5, 6, 46, 29, 0.25
2, 5, 8, 46, 11, 0.25
2, 6, 9, 46, 4, 0.25
2, 7, 8, 46, 40, 0.25
2, 8, 9, 46, 19, 0.25
2, 1, 2, 47, 13, 0.25
2, 1, 4, 47, 7, 0.25
2, 2, 3, 47, 38, 0.25
2, 2, 5, 47, 40, 0.25
2, 3, 6, 47, 11, 0.25
2, 4, 5, 47, 3, 0.25
2, 4, 7, 47, 12, 0.25
2, 5, 6, 47, 4, 0.25
2, 5, 8, 47, 17, 0.25
2, 6, 9, 47, 42, 0.25
2, 7, 8, 47, 10, 0.25
2, 8, 9, 47, 28, 0.25
2, 1, 2, 48, 5, 0.25
2, 1, 4, 48, 20, 0.25
2, 2, 3, 48, 20, 0.25
2, 2, 5, 48, 4, 0.25
2, 3, 6, 48, 6, 0.25
2, 4, 5, 48, 39, 0.25
2, 4, 7, 48, 41, 0.25
2, 5, 6, 48, 41, 0.25
2, 5, 8, 48, 26, 0.25
2, 6, 9, 48, 10, 0.25
2, 7, 8, 48, 33, 0.25
2, 8, 9, 48, 29, 0.25
2, 1, 4, 49, 7, 0.25
2, 2, 3, 49, 2, 0.25
2, 2, 5, 49, 10, 0.25
2, 3, 6, 49, 16, 0.25
2, 4, 5, 49, 32, 0.25
2, 4, 7, 49, 23, 0.25
2, 5, 6, 49, 13, 0.25
2, 5, 8, 49, 6, 0.25
2, 6, 9, 49, 38, 0.25
2, 7, 8, 49, 22, 0.25
2, 8, 9, 49, 10, 0.25
2, 1, 2, 50, 34, 0.25
2, 1, 4, 50, 4, 0.25
2, 2, 3, 50, 29, 0.25
2, 2, 5, 50, 28, 0.25
2, 3, 6, 50, 37, 0.25
2, 4, 5, 50, 4, 0.25
2, 4, 7, 50, 28, 0.25
2, 5, 6, 50, 15, 0.25
2, 5, 8, 50, 28, 0.25
2, 6, 9, 50, 31, 0.25
2, 7, 8, 50, 35, 0.25
2, 8, 9, 50, 6, 0.25
2, 1, 2, 51, 7, 0.25
2, 1, 4, 51, 35, 0.25
2, 2, 3, 51, 3, 0.25
2, 2, 5, 51, 31, 0.25
2, 3, 6, 51, 18, 0.25
2, 4, 5, 51, 37, 0.25
2, 4, 7, 51, 3, 0.25
2, 5, 6, 51, 3, 0.25
2, 5, 8, 51, 1, 0.25
2, 6, 9, 51, 23, 0.25
2, 7, 8, 51, 30, 0.25
2, 8, 9, 51, 11, 0.25
2, 1, 4, 52, 6, 0.25
2, 2, 3, 52, 20, 0.25
2, 2, 5, 52, 34, 0.25
2, 3, 6, 52, 18, 0.25
2, 4, 5, 52, 31, 0.25
2, 4, 7, 52, 11, 0.25
2, 5, 6, 52, 28, 0.25
2, 5, 8, 52, 23, 0.25
2, 6, 9, 52, 9, 0.25
2, 7, 8, 52, 12, 0.25
2, 8, 9, 52, 13, 0.25
2, 1, 2, 53, 18, 0.25
2, 1, 4, 53, 33, 0.25
2, 2, 3, 53, 6, 0.25
2, 4, 5, 53, 28, 0.25
2, 4, 7, 53, 4, 0.25
2, 5, 6, 53, 23, 0.25
2, 6, 9, 53, 22, 0.25
2, 7, 8, 53, 27, 0.25
2, 8, 9, 53, 5, 0.25
2, 1, 2, 54, 12, 0.25
2, 1, 4, 54, 11, 0.25
2, 2, 5, 54, 18, 0.25
2, 3, 6, 54, 16, 0.25
2, 4, 5, 54, 17, 0.25
2, 5, 6, 54, 29, 0.25
2, 5, 8, 54, 15, 0.25
2, 6, 9, 54, 13, 0.25
2, 7, 8, 54, 32, 0.25
2, 8, 9, 54, 1, 0.25
2, 1, 4, 55, 25, 0.25
2, 2, 3, 55, 29, 0.25
2, 2, 5, 55, 34, 0.25
2, 3, 6, 55, 9, 0.25
2, 4, 5, 55, 29, 0.25
2, 5, 6, 55, 13, 0.25
2, 7, 8, 55, 19, 0.25
2, 8, 9, 55, 28, 0.25
2, 1, 2, 56, 29, 0.25
2, 1, 4, 56, 32, 0.25
2, 2, 3, 56, 4, 0.25
2, 2, 5, 56, 26, 0.25
2, 4, 5, 56, 31, 0.25
2, 4, 7, 56, 19, 0.25
2, 5, 6, 56, 33, 0.25
2, 5, 8, 56, 2, 0.25
2, 6, 9, 56, 26, 0.25
2, 7, 8, 56, 26, 0.25
2, 1, 2, 57, 26, 0.25
2, 1, 4, 57, 16, 0.25
2, 3, 6, 57, 20, 0.25
2, 4, 5, 57, 30, 0.25
2, 4, 7, 57, 23, 0.25
2, 5, 6, 57, 27, 0.25
2, 6, 9, 57, 7, 0.25
2, 7, 8, 57, 32, 0.25
2, 8, 9, 57, 16, 0.25
2, 1, 2, 58, 18, 0.25
2, 1, 4, 58, 21, 0.25
2, 2, 3, 58, 3, 0.25
2, 2, 5, 58, 31, 0.25
2, 3, 6, 58, 31, 0.25
2, 4, 7, 58, 16, 0.25
2, 5, 8, 58, 26, 0.25
2, 6, 9, 58, 31, 0.25
2, 7, 8, 58, 23, 0.25
2, 1, 4, 59, 16, 0.25
2, 2, 5, 59, 3, 0.25
2, 3, 6, 59, 4, 0.25
2, 4, 5, 59, 7, 0.25
2, 4, 7, 59, 13, 0.25
2, 5, 8, 59, 10, 0.25
2, 6, 9, 59, 18, 0.25
2, 7, 8, 59, 5, 0.25
2, 2, 5, 60, 17, 0.25
2, 3, 6, 60, 20, 0.25
2, 5, 6, 60, 15, 0.25
2, 5, 8, 60, 10, 0.25
2, 6, 9, 60, 1, 0.25
2, 7, 8, 60, 7, 0.25
2, 8, 9, 60, 17, 0.25
2, 1, 2, 61, 26, 0.25
2, 2, 3, 61, 20, 0.25
2, 3, 6, 61, 25, 0.25
2, 4, 7, 61, 6, 0.25
2, 5, 6, 61, 11, 0.25
2, 6, 9, 61, 10, 0.25
2, 7, 8, 61, 5, 0.25
2, 1, 4, 62, 18, 0.25
2, 2, 3, 62, 19, 0.25
2, 2, 5, 62, 2, 0.25
2, 3, 6, 62, 20, 0.25
2, 4, 5, 62, 6, 0.25
2, 4, 7, 62, 13, 0.25
2, 5, 6, 62, 11, 0.25
2, 7, 8, 62, 27, 0.25
2, 1, 2, 63, 5, 0.25
2, 1, 4, 63, 14, 0.25
2, 2, 3, 63, 7, 0.25
2, 5, 6, 63, 20, 0.25
2, 1, 2, 64, 4, 0.25
2, 1, 4, 64, 5, 0.25
2, 2, 3, 64, 16, 0.25
2, 4, 5, 64, 9, 0.25
2, 4, 7, 64, 14, 0.25
2, 5, 6, 64, 5, 0.25
2, 6, 9, 64, 12, 0.25
2, 7, 8, 64, 8, 0.25
2, 8, 9, 64, 23, 0.25
2, 1, 2, 65, 21, 0.25
2, 1, 4, 65, 11, 0.25
2, 2, 5, 65, 9, 0.25
2, 3, 6, 65, 17, 0.25
2, 4, 7, 65, 10, 0.25
2, 5, 6, 65, 19, 0.25
2, 6, 9, 65, 16, 0.25
2, 7, 8, 65, 7, 0.25
2, 8, 9, 65, 12, 0.25
2, 1, 2, 66, 4, 0.25
2, 1, 4, 66, 14, 0.25
2, 2, 3, 66, 14, 0.25
2, 2, 5, 66, 14, 0.25
2, 4, 5, 66, 23, 0.25
2, 4, 7, 66, 10, 0.25
2, 7, 8, 66, 20, 0.25
2, 8, 9, 66, 6, 0.25
2, 1, 2, 67, 19, 0.25
2, 2, 3, 67, 2, 0.25
2, 3, 6, 67, 20, 0.25
2, 4, 5, 67, 2, 0.25
2, 5, 6, 67, 20, 0.25
2, 5, 8, 67, 17, 0.25
2, 7, 8, 67, 9, 0.25
2, 8, 9, 67, 5, 0.25
2, 1, 2, 68, 7, 0.25
2, 1, 4, 68, 10, 0.25
2, 2, 3, 68, 7, 0.25
2, 2, 5, 68, 8, 0.25
2, 3, 6, 68, 10, 0.25
2, 4, 7, 68, 4, 0.25
2, 5, 6, 68, 7, 0.25
2, 1, 2, 69, 13, 0.25
2, 2, 5, 69, 5, 0.25
2, 3, 6, 69, 17, 0.25
2, 5, 6, 69, 7, 0.25
2, 5, 8, 69, 3, 0.25
2, 2, 5, 70, 1, 0.25
2, 4, 5, 70, 18, 0.25
2, 7, 8, 70, 14, 0.25
2, 2, 5, 71, 10, 0.25
2, 4, 5, 71, 4, 0.25
2, 7, 8, 71, 7, 0.25
2, 1, 2, 72, 12, 0.25
2, 1, 4, 72, 1, 0.25
2, 4, 5, 72, 13, 0.25
2, 5, 8, 72, 2, 0.25
2, 6, 9, 72, 12, 0.25
2, 1, 2, 73, 8, 0.25
2, 2, 3, 73, 9, 0.25
2, 3, 6, 73, 10, 0.25
2, 4, 5, 73, 3, 0.25
2, 4, 7, 73, 13, 0.25
2, 5, 8, 73, 8, 0.25
2, 1, 4, 74, 12, 0.25
2, 3, 6, 74, 7, 0.25
2, 4, 5, 74, 12, 0.25
2, 5, 6, 74, 2, 0.25
2, 6, 9, 74, 14, 0.25
2, 1, 4, 75, 3, 0.25
2, 4, 7, 75, 4, 0.25
2, 1, 4, 76, 12, 0.25
2, 3, 6, 76, 3, 0.25
2, 8, 9, 76, 4, 0.25
2, 2, 5, 77, 3, 0.25
2, 3, 6, 77, 6, 0.25
2, 4, 5, 78, 4, 0.25
2, 4, 7, 78, 1, 0.25
2, 5, 8, 78, 4, 0.25
2, 6, 9, 78, 3, 0.25
2, 5, 6, 80, 2, 0.25
2, 5, 8, 80, 5, 0.25
2, 1, 2, 81, 6, 0.25
2, 5, 6, 81, 3, 0.25
2, 6, 9, 81, 3, 0.25
2, 7, 8, 81, 6, 0.25
2, 8, 9, 81, 2, 0.25
2, 1, 4, 82, 4, 0.25
2, 3, 6, 82, 5, 0.25
2, 2, 3, 83, 2, 0.25
2, 4, 5, 84, 5, 0.25
2, 5, 8, 86, 2, 0.25
3, 1, 2, 0, 42, 0.25
3, 1, 4, 0, 28, 0.25
3, 2, 3, 0, 38, 0.25
3, 2, 5, 0, 8, 0.25
3, 3, 6, 0, 9, 0.25
3, 4, 5, 0, 1, 0.25
3, 4, 7, 0, 19, 0.25
3, 5, 6, 0, 19, 0.25
3, 5, 8, 0, 3, 0.25
3, 6, 9, 0, 5, 0.25
3, 7, 8, 0, 20, 0.25
3, 8, 9, 0, 41, 0.25
3, 1, 2, 1, 22, 0.25
3, 1, 4, 1, 5, 0.25
3, 2, 3, 1, 3, 0.25
3, 2, 5, 1, 29, 0.25
3, 3, 6, 1, 15, 0.25
3, 4, 5, 1, 2, 0.25
3, 4, 7, 1, 24, 0.25
3, 5, 6, 1, 4, 0.25
3, 5, 8, 1, 16, 0.25
3, 6, 9, 1, 15, 0.25
3, 7, 8, 1, 7, 0.25
3, 8, 9, 1, 4, 0.25
3, 1, 2, 2, 17, 0.25
3, 1, 4, 2, 5, 0.25
3, 2, 3, 2, 23, 0.25
3, 2, 5, 2, 33, 0.25
3, 3, 6, 2, 4, 0.25
3, 4, 5, 2, 32, 0.25
3, 4, 7, 2, 15, 0.25
3, 5, 6, 2, 9, 0.25
3, 5, 8, 2, 44, 0.25
3, 6, 9, 2, 34, 0.25
3, 7, 8, 2, 6, 0.25
3, 8, 9, 2, 43, 0.25
3, 1, 2, 3, 22, 0.25
3, 1, 4, 3, 22, 0.25
3, 2, 3, 3, 17, 0.25
3, 2, 5, 3, 23, 0.25
3, 3, 6, 3, 10, 0.25
3, 4, 5, 3, 9, 0.25
3, 4, 7, 3, 35, 0.25
3, 5, 6, 3, 38, 0.25
3, 5, 8, 3, 30, 0.25
3, 6, 9, 3, 16, 0.25
3, 7, 8, 3, 36, 0.25
3, 8, 9, 3, 16, 0.25
3, 1, 2, 4, 6, 0.25
3, 1, 4, 4, 22, 0.25
3, 2, 3, 4, 9, 0.25
3, 2, 5, 4, 15, 0.25
3, 3, 6, 4, 28, 0.25
3, 4, 5, 4, 33, 0.25
3, 4, 7, 4, 31, 0.25
3, 5, 6, 4, 4, 0.25
3, 5, 8, 4, 33, 0.25
3, 6, 9, 4, 24, 0.25
3, 7, 8, 4, 34, 0.25
3, 8, 9, 4, 30, 0.25
3, 1, 2, 5, 42, 0.25
3, 1, 4, 5, 23, 0.25
3, 2, 3, 5, 19, 0.25
3, 2, 5, 5, 17, 0.25
3, 3, 6, 5, 18, 0.25
3, 4, 5, 5, 28, 0.25
3, 4, 7, 5, 39, 0.25
3, 5, 6, 5, 22, 0.25
3, 5, 8, 5, 41, 0.25
3, 6, 9, 5, 21, 0.25
3, 7, 8, 5, 16, 0.25
3, 8, 9, 5, 32, 0.25
3, 1, 2, 6, 26, 0.25
3, 1, 4, 6, 7, 0.25
3, 2, 3, 6, 5, 0.25
3, 2, 5, 6, 34, 0.25
3, 3, 6, 6, 30, 0.25
3, 4, 5, 6, 31, 0.25
3, 4, 7, 6, 42, 0.25
3, 5, 6, 6, 10, 0.25
3, 5, 8, 6, 37, 0.25
3, 6, 9, 6, 8, 0.25
3, 7, 8, 6, 16, 0.25
3, 8, 9, 6, 16, 0.25
3, 1, 2, 7, 16, 0.25
3, 1, 4, 7, 16, 0.25
3, 2, 3, 7, 3, 0.25
3, 2, 5, 7, 42, 0.25
3, 3, 6, 7, 2, 0.25
3, 4, 5, 7, 31, 0.25
3, 4, 7, 7, 32, 0.25
3, 5, 6, 7, 43, 0.25
3, 5, 8, 7, 32, 0.25
3, 6, 9, 7, 16, 0.25
3, 7, 8, 7, 44, 0.25
3, 8, 9, 7, 31, 0.25
3, 1, 2, 8, 3, 0.25
3, 1, 4, 8, 12, 0.25
3, 2, 3, 8, 37, 0.25
3, 2, 5, 8, 20, 0.25
3, 3, 6, 8, 34, 0.25
3, 4, 5, 8, 18, 0.25
3, 4, 7, 8, 3, 0.25
3, 5, 6, 8, 4, 0.25
3, 5, 8, 8, 5, 0.25
3, 6, 9, 8, 4, 0.25
3, 7, 8, 8, 21, 0.25
3, 8, 9, 8, 28, 0.25
3, 1, 2, 9, 29, 0.25
3, 1, 4, 9, 15, 0.25
3, 2, 3, 9, 35, 0.25
3, 2, 5, 9, 9, 0.25
3, 3, 6, 9, 28, 0.25
3, 4, 5, 9, 21, 0.25
3, 4, 7, 9, 38, 0.25
3, 5, 6, 9, 16, 0.25
3, 5, 8, 9, 38, 0.25
3, 6, 9, 9, 29, 0.25
3, 7, 8, 9, 41, 0.25
3, 8, 9, 9, 9, 0.25
3, 1, 2, 10, 43, 0.25
3, 1, 4, 10, 27, 0.25
3, 2, 3, 10, 10, 0.25
3, 2, 5, 10, 36, 0.25
3, 3, 6, 10, 25, 0.25
3, 4, 5, 10, 5, 0.25
3, 4, 7, 10, 20, 0.25
3, 5, 6, 10, 14, 0.25
3, 5, 8, 10, 12, 0.25
3, 6, 9, 10, 12, 0.25
3, 7, 8, 10, 14, 0.25
3, 8, 9, 10, 14, 0.25
3, 1, 2, 11, 40, 0.25
3, 1, 4, 11, 39, 0.25
3, 2, 3, 11, 23, 0.25
3, 2, 5, 11, 23, 0.25
3, 3, 6, 11, 18, 0.25
3, 4, 5, 11, 29, 0.25
3, 4, 7, 11, 29, 0.25
3, 5, 6, 11, 19, 0.25
3, 5, 8, 11, 12, 0.25
3, 6, 9, 11, 14, 0.25
3, 7, 8, 11, 44, 0.25
3, 8, 9, 11, 7, 0.25
3, 1, 2, 12, 28, 0.25
3, 1, 4, 12, 41, 0.25
3, 2, 3, 12, 24, 0.25
3, 2, 5, 12, 5, 0.25
3, 3, 6, 12, 6, 0.25
3, 4, 5, 12, 35, 0.25
3, 4, 7, 12, 30, 0.25
3, 5, 6, 12, 5, 0.25
3, 5, 8, 12, 15, 0.25
3, 6, 9, 12, 43, 0.25
3, 7, 8, 12, 8, 0.25
3, 8, 9, 12, 14, 0.25
3, 1, 2, 13, 9, 0.25
3, 1, 4, 13, 7, 0.25
3, 2, 3, 13, 21, 0.25
3, 2, 5, 13, 7, 0.25
3, 3, 6, 13, 15, 0.25
3, 4, 5, 13, 18, 0.25
3, 4, 7, 13, 26, 0.25
3, 5, 6, 13, 27, 0.25
3, 5, 8, 13, 12, 0.25
3, 6, 9, 13, 11, 0.25
3, 7, 8, 13, 14, 0.25
3, 8, 9, 13, 38, 0.25
3, 1, 2, 14, 20, 0.25
3, 1, 4, 14, 23, 0.25
3, 2, 3, 14, 30, 0.25
3, 2, 5, 14, 9, 0.25
3, 3, 6, 14, 6, 0.25
3, 4, 5, 14, 2, 0.25
3, 4, 7, 14, 41, 0.25
3, 5, 6, 14, 38, 0.25
3, 5, 8, 14, 12, 0.25
3, 6, 9, 14, 14, 0.25
3, 7, 8, 14, 17, 0.25
3, 8, 9, 14, 33, 0.25
3, 1, 2, 15, 6, 0.25
3, 1, 4, 15, 39, 0.25
3, 2, 3, 15, 6, 0.25
3, 2, 5, 15, 32, 0.25
3, 3, 6, 15, 21, 0.25
3, 4, 5, 15, 43, 0.25
3, 4, 7, 15, 39, 0.25
3, 5, 6, 15, 25, 0.25
3, 5, 8, 15, 26, 0.25
3, 6, 9, 15, 40, 0.25
3, 7, 8, 15, 36, 0.25
3, 8, 9, 15, 7, 0.25
3, 1, 2, 16, 40, 0.25
3, 1, 4, 16, 13, 0.25
3, 2, 3, 16, 41, 0.25
3, 2, 5, 16, 31, 0.25
3, 3, 6, 16, 12, 0.25
3, 4, 5, 16, 17, 0.25
3, 4, 7, 16, 22, 0.25
3, 5, 6, 16, 20, 0.25
3, 5, 8, 16, 42, 0.25
3, 6, 9, 16, 32, 0.25
3, 7, 8, 16, 29, 0.25
3, 8, 9, 16, 20, 0.25
3, 1, 2, 17, 16, 0.25
3, 1, 4, 17, 17, 0.25
3, 2, 3, 17, 22, 0.25
3, 2, 5, 17, 35, 0.25
3, 3, 6, 17, 12, 0.25
3, 4, 5, 17, 14, 0.25
3, 4, 7, 17, 17, 0.25
3, 5, 6, 17, 19, 0.25
3, 5, 8, 17, 9, 0.25
3, 6, 9, 17, 36, 0.25
3, 7, 8, 17, 36, 0.25
3, 8, 9, 17, 35, 0.25
3, 1, 2, 18, 43, 0.25
3, 1, 4, 18, 12, 0.25
3, 2, 3, 18, 14, 0.25
3, 2, 5, 18, 22, 0.25
3, 3, 6, 18, 42, 0.25
3, 4, 5, 18, 37, 0.25
3, 4, 7, 18, 6, 0.25
3, 5, 6, 18, 32, 0.25
3, 5, 8, 18, 8, 0.25
3, 6, 9, 18, 1, 0.25
3, 7, 8, 18, 14, 0.25
3, 8, 9, 18, 22, 0.25
3, 1, 2, 19, 29, 0.25
3, 1, 4, 19, 40, 0.25
3, 2, 3, 19, 31, 0.25
3, 2, 5, 19, 19, 0.25
3, 3, 6, 19, 30, 0.25
3, 4, 5, 19, 21, 0.25
3, 4, 7, 19, 11, 0.25
3, 5, 6, 19, 32, 0.25
3, 5, 8, 19, 33, 0.25
3, 6, 9, 19, 34, 0.25
3, 7, 8, 19, 4, 0.25
3, 8, 9, 19, 11, 0.25
3, 1, 2, 20, 37, 0.25
3, 1, 4, 20, 15, 0.25
3, 2, 3, 20, 34, 0.25
3, 2, 5, 20, 1, 0.25
3, 3, 6, 20, 23, 0.25
3, 4, 5, 20, 15, 0.25
3, 4, 7, 20, 36, 0.25
3, 5, 6, 20, 17, 0.25
3, 5, 8, 20, 15, 0.25
3, 6, 9, 20, 31, 0.25
3, 7, 8, 20, 34, 0.25
3, 8, 9, 20, 21, 0.25
3, 1, 2, 21, 15, 0.25
3, 1, 4, 21, 21, 0.25
3, 2, 3, 21, 4, 0.25
3, 2, 5, 21, 25, 0.25
3, 3, 6, 21, 43, 0.25
3, 4, 5, 21, 33, 0.25
3, 4, 7, 21, 21, 0.25
3, 5, 6, 21, 3, 0.25
3, 5, 8, 21, 6, 0.25
3, 6, 9, 21, 10, 0.25
3, 7, 8, 21, 8, 0.25
3, 8, 9, 21, 2, 0.25
3, 1, 2, 22, 11, 0.25
3, 1, 4, 22, 13, 0.25
3, 2, 3, 22, 15, 0.25
3, 2, 5, 22, 43, 0.25
3, 3, 6, 22, 39, 0.25
3, 4, 5, 22, 41, 0.25
3, 4, 7, 22, 12, 0.25
3, 5, 6, 22, 24, 0.25
3, 5, 8, 22, 21, 0.25
3, 6, 9, 22, 32, 0.25
3, 7, 8, 22, 19, 0.25
3, 8, 9, 22, 35, 0.25
3, 1, 2, 23, 17, 0.25
3, 1, 4, 23, 16, 0.25
3, 2, 3, 23, 39, 0.25
3, 2, 5, 23, 42, 0.25
3, 3, 6, 23, 15, 0.25
3, 4, 5, 23, 42, 0.25
3, 4, 7, 23, 21, 0.25
3, 5, 6, 23, 3, 0.25
3, 5, 8, 23, 7, 0.25
3, 6, 9, 23, 31, 0.25
3, 7, 8, 23, 37, 0.25
3, 8, 9, 23, 17, 0.25
3, 1, 2, 24, 17, 0.25
3, 1, 4, 24, 34, 0.25
3, 2, 3, 24, 19, 0.25
3, 2, 5, 24, 21, 0.25
3, 3, 6, 24, 44, 0.25
3, 4, 5, 24, 40, 0.25
3, 4, 7, 24, 10, 0.25
3, 5, 6, 24, 36, 0.25
3, 5, 8, 24, 26, 0.25
3, 6, 9, 24, 40, 0.25
3, 7, 8, 24, 15, 0.25
3, 8, 9, 24, 5, 0.25
3, 1, 2, 25, 3, 0.25
3, 1, 4, 25, 18, 0.25
3, 2, 3, 25, 38, 0.25
3, 2, 5, 25, 9, 0.25
3, 3, 6, 25, 4, 0.25
3, 4, 5, 25, 27, 0.25
3, 4, 7, 25, 41, 0.25
3, 5, 6, 25, 40, 0.25
3, 5, 8, 25, 5, 0.25
3, 6, 9, 25, 35, 0.25
3, 7, 8, 25, 14, 0.25
3, 8, 9, 25, 19, 0.25
3, 1, 2, 26, 26, 0.25
3, 1, 4, 26, 5, 0.25
3, 2, 3, 26, 35, 0.25
3, 2, 5, 26, 28, 0.25
3, 3, 6, 26, 27, 0.25
3, 4, 5, 26, 23, 0.25
3, 4, 7, 26, 11, 0.25
3, 5, 6, 26, 2, 0.25
3, 5, 8, 26, 28, 0.25
3, 6, 9, 26, 8, 0.25
3, 7, 8, 26, 16, 0.25
3, 8, 9, 26, 12, 0.25
3, 1, 2, 27, 28, 0.25
3, 1, 4, 27, 7, 0.25
3, 2, 3, 27, 18, 0.25
3, 2, 5, 27, 43, 0.25
3, 3, 6, 27, 30, 0.25
3, 4, 5, 27, 15, 0.25
3, 4, 7, 27, 3, 0.25
3, 5, 6, 27, 26, 0.25
3, 5, 8, 27, 18, 0.25
3, 6, 9, 27, 4, 0.25
3, 7, 8, 27, 16, 0.25
3, 8, 9, 27, 2, 0.25
3, 1, 2, 28, 20, 0.25
3, 1, 4, 28, 41, 0.25
3, 2, 3, 28, 24, 0.25
3, 2, 5, 28, 6, 0.25
3, 3, 6, 28, 38, 0.25
3, 4, 5, 28, 17, 0.25
3, 4, 7, 28, 23, 0.25
3, 5, 6, 28, 35, 0.25
3, 5, 8, 28, 22, 0.25
3, 6, 9, 28, 31, 0.25
3, 7, 8, 28, 17, 0.25
3, 8, 9, 28, 22, 0.25
3, 1, 2, 29, 29, 0.25
3, 1, 4, 29, 15, 0.25
3, 2, 3, 29, 23, 0.25
3, 2, 5, 29, 20, 0.25
3, 3, 6, 29, 27, 0.25
3, 4, 5, 29, 7, 0.25
3, 4, 7, 29, 33, 0.25
3, 5, 6, 29, 3, 0.25
3, 5, 8, 29, 38, 0.25
3, 6, 9, 29, 12, 0.25
3, 7, 8, 29, 30, 0.25
3, 8, 9, 29, 5, 0.25
3, 1, 2, 30, 30, 0.25
3, 1, 4, 30, 11, 0.25
3, 2, 3, 30, 14, 0.25
3, 2, 5, 30, 18, 0.25
3, 3, 6, 30, 7, 0.25
3, 4, 5, 30, 39, 0.25
3, 4, 7, 30, 18, 0.25
3, 5, 6, 30, 21, 0.25
3, 5, 8, 30, 9, 0.25
3, 6, 9, 30, 2, 0.25
3, 7, 8, 30, 18, 0.25
3, 8, 9, 30, 5, 0.25
3, 1, 2, 31, 12, 0.25
3, 1, 4, 31, 32, 0.25
3, 2, 3, 31, 18, 0.25
3, 2, 5, 31, 13, 0.25
3, 3, 6, 31, 19, 0.25
3, 4, 5, 31, 24, 0.25
3, 4, 7, 31, 19, 0.25
3, 5, 6, 31, 32, 0.25
3, 5, 8, 31, 26, 0.25
3, 6, 9, 31, 12, 0.25
3, 7, 8, 31, 44, 0.25
3, 8, 9, 31, 20, 0.25
3, 1, 2, 32, 20, 0.25
3, 1, 4, 32, 44, 0.25
3, 2, 3, 32, 24, 0.25
3, 2, 5, 32, 2, 0.25
3, 3, 6, 32, 17, 0.25
3, 4, 5, 32, 19, 0.25
3, 4, 7, 32, 30, 0.25
3, 5, 6, 32, 5, 0.25
3, 5, 8, 32, 39, 0.25
3, 6, 9, 32, 5, 0.25
3, 7, 8, 32, 15, 0.25
3, 8, 9, 32, 3, 0.25
3, 1, 2, 33, 44, 0.25
3, 1, 4, 33, 24, 0.25
3, 2, 3, 33, 37, 0.25
3, 2, 5, 33, 6, 0.25
3, 3, 6, 33, 39, 0.25
3, 4, 5, 33, 22, 0.25
3, 4, 7, 33, 41, 0.25
3, 5, 6, 33, 12, 0.25
3, 5, 8, 33, 43, 0.25
3, 6, 9, 33, 20, 0.25
3, 7, 8, 33, 39, 0.25
3, 8, 9, 33, 36, 0.25
3, 1, 2, 34, 5, 0.25
3, 1, 4, 34, 13, 0.25
3, 2, 3, 34, 27, 0.25
3, 2, 5, 34, 30, 0.25
3, 3, 6, 34, 13, 0.25
3, 4, 5, 34, 18, 0.25
3, 4, 7, 34, 9, 0.25
3, 5, 6, 34, 17, 0.25
3, 5, 8, 34, 27, 0.25
3, 6, 9, 34, 26, 0.25
3, 7, 8, 34, 35, 0.25
3, 8, 9, 34, 31, 0.25
3, 1, 2, 35, 5, 0.25
3, 1, 4, 35, 31, 0.25
3, 2, 3, 35, 29, 0.25
3, 2, 5, 35, 41, 0.25
3, 3, 6, 35, 3, 0.25
3, 4, 5, 35, 42, 0.25
3, 4, 7, 35, 26, 0.25
3, 5, 6, 35, 12, 0.25
3, 5, 8, 35, 9, 0.25
3, 6, 9, 35, 43, 0.25
3, 7, 8, 35, 11, 0.25
3, 8, 9, 35, 16, 0.25
3, 1, 2, 36, 15, 0.25
3, 1, 4, 36, 3, 0.25
3, 2, 3, 36, 40, 0.25
3, 2, 5, 36, 12, 0.25
3, 3, 6, 36, 23, 0.25
3, 4, 5, 36, 11, 0.25
3, 4, 7, 36, 23, 0.25
3, 5, 6, 36, 19, 0.25
3, 5, 8, 36, 19, 0.25
3, 6, 9, 36, 32, 0.25
3, 7, 8, 36, 43, 0.25
3, 8, 9, 36, 2, 0.25
3, 1, 2, 37, 17, 0.25
3, 1, 4, 37, 22, 0.25
3, 2, 3, 37, 13, 0.25
3, 2, 5, 37, 39, 0.25
3, 3, 6, 37, 23, 0.25
3, 4, 5, 37, 22, 0.25
3, 4, 7, 37, 34, 0.25
3, 5, 6, 37, 41, 0.25
3, 5, 8, 37, 29, 0.25
3, 6, 9, 37, 44, 0.25
3, 7, 8, 37, 20, 0.25
3, 8, 9, 37, 10, 0.25
3, 1, 2, 38, 24, 0.25
3, 1, 4, 38, 14, 0.25
3, 2, 3, 38, 25, 0.25
3, 2, 5, 38, 4, 0.25
3, 3, 6, 38, 38, 0.25
3, 4, 5, 38, 27, 0.25
3, 4, 7, 38, 38, 0.25
3, 5, 6, 38, 23, 0.25
3, 5, 8, 38, 18, 0.25
3, 6, 9, 38, 22, 0.25
3, 7, 8, 38, 28, 0.25
3, 8, 9, 38, 11, 0.25
3, 1, 2, 39, 9, 0.25
3, 1, 4, 39, 39, 0.25
3, 2, 3, 39, 20, 0.25
3, 2, 5, 39, 43, 0.25
3, 3, 6, 39, 24, 0.25
3, 4, 5, 39, 15, 0.25
3, 4, 7, 39, 36, 0.25
3, 5, 6, 39, 7, 0.25
3, 5, 8, 39, 1, 0.25
3, 6, 9, 39, 11, 0.25
3, 7, 8, 39, 11, 0.25
3, 8, 9, 39, 15, 0.25
3, 1, 2, 40, 32, 0.25
3, 1, 4, 40, 43, 0.25
3, 2, 3, 40, 37, 0.25
3, 2, 5, 40, 14, 0.25
3, 3, 6, 40, 8, 0.25
3, 4, 5, 40, 38, 0.25
3, 4, 7, 40, 21, 0.25
3, 5, 6, 40, 39, 0.25
3, 5, 8, 40, 32, 0.25
3, 6, 9, 40, 25, 0.25
3, 7, 8, 40, 36, 0.25
3, 8, 9, 40, 2, 0.25
3, 1, 2, 41, 32, 0.25
3, 1, 4, 41, 8, 0.25
3, 2, 3, 41, 22, 0.25
3, 2, 5, 41, 43, 0.25
3, 3, 6, 41, 18, 0.25
3, 4, 5, 41, 2, 0.25
3, 4, 7, 41, 4, 0.25
3, 5, 6, 41, 23, 0.25
3, 5, 8, 41, 3, 0.25
3, 6, 9, 41, 42, 0.25
3, 7, 8, 41, 16, 0.25
3, 8, 9, 41, 17, 0.25
3, 1, 2, 42, 25, 0.25
3, 1, 4, 42, 13, 0.25
3, 2, 3, 42, 3, 0.25
3, 2, 5, 42, 7, 0.25
3, 3, 6, 42, 28, 0.25
3, 4, 5, 42, 25, 0.25
3, 4, 7, 42, 33, 0.25
3, 5, 6, 42, 8, 0.25
3, 5, 8, 42, 39, 0.25
3, 6, 9, 42, 33, 0.25
3, 7, 8, 42, 36, 0.25
3, 8, 9, 42, 20, 0.25
3, 1, 2, 43, 6, 0.25
3, 1, 4, 43, 29, 0.25
3, 2, 3, 43, 28, 0.25
3, 2, 5, 43, 35, 0.25
3, 3, 6, 43, 11, 0.25
3, 4, 5, 43, 37, 0.25
3, 4, 7, 43, 4, 0.25
3, 5, 6, 43, 14, 0.25
3, 5, 8, 43, 13, 0.25
3, 6, 9, 43, 37, 0.25
3, 7, 8, 43, 21, 0.25
3, 8, 9, 43, 25, 0.25
3, 1, 2, 44, 37, 0.25
3, 1, 4, 44, 7, 0.25
3, 2, 3, 44, 22, 0.25
3, 2, 5, 44, 14, 0.25
3, 3, 6, 44, 30, 0.25
3, 4, 5, 44, 33, 0.25
3, 4, 7, 44, 10, 0.25
3, 5, 6, 44, 41, 0.25
3, 5, 8, 44, 15, 0.25
3, 6, 9, 44, 25, 0.25
3, 7, 8, 44, 25, 0.25
3, 8, 9, 44, 42, 0.25
3, 1, 2, 45, 7, 0.25
3, 1, 4, 45, 23, 0.25
3, 2, 3, 45, 32, 0.25
3, 2, 5, 45, 24, 0.25
3, 3, 6, 45, 37, 0.25
3, 4, 5, 45, 36, 0.25
3, 4, 7, 45, 32, 0.25
3, 5, 6, 45, 17, 0.25
3, 5, 8, 45, 27, 0.25
3, 6, 9, 45, 35, 0.25
3, 7, 8, 45, 32, 0.25
3, 8, 9, 45, 24, 0.25
3, 1, 2, 46, 5, 0.25
3, 1, 4, 46, 19, 0.25
3, 2, 3, 46, 27, 0.25
3, 2, 5, 46, 27, 0.25
3, 3, 6, 46, 22, 0.25
3, 4, 5, 46, 14, 0.25
3, 4, 7, 46, 23, 0.25
3, 5, 6, 46, 37, 0.25
3, 5, 8, 46, 5, 0.25
3, 6, 9, 46, 31, 0.25
3, 7, 8, 46, 39, 0.25
3, 8, 9, 46, 15, 0.25
3, 1, 2, 47, 34, 0.25
3, 1, 4, 47, 17, 0.25
3, 2, 3, 47, 2, 0.25
3, 2, 5, 47, 33, 0.25
3, 3, 6, 47, 30, 0.25
3, 4, 5, 47, 31, 0.25
3, 4, 7, 47, 2, 0.25
3, 5, 6, 47, 26, 0.25
3, 5, 8, 47, 24, 0.25
3, 6, 9, 47, 11, 0.25
3, 7, 8, 47, 21, 0.25
3, 8, 9, 47, 40, 0.25
3, 1, 2, 48, 11, 0.25
3, 1, 4, 48, 10, 0.25
3, 2, 3, 48, 20, 0.25
3, 2, 5, 48, 27, 0.25
3, 3, 6, 48, 5, 0.25
3, 4, 5, 48, 22, 0.25
3, 4, 7, 48, 14, 0.25
3, 5, 6, 48, 31, 0.25
3, 5, 8, 48, 22, 0.25
3, 6, 9, 48, 37, 0.25
3, 7, 8, 48, 21, 0.25
3, 8, 9, 48, 22, 0.25
3, 1, 2, 49, 10, 0.25
3, 1, 4, 49, 22, 0.25
3, 2, 3, 49, 18, 0.25
3, 2, 5, 49, 15, 0.25
3, 3, 6, 49, 17, 0.25
3, 4, 7, 49, 32, 0.25
3, 5, 8, 49, 40, 0.25
3, 6, 9, 49, 2, 0.25
3, 8, 9, 49, 23, 0.25
3, 1, 2, 50, 17, 0.25
3, 1, 4, 50, 7, 0.25
3, 2, 3, 50, 18, 0.25
3, 2, 5, 50, 36, 0.25
3, 3, 6, 50, 17, 0.25
3, 4, 5, 50, 11, 0.25
3, 4, 7, 50, 39, 0.25
3, 5, 6, 50, 3, 0.25
3, 5, 8, 50, 23, 0.25
3, 6, 9, 50, 17, 0.25
3, 8, 9, 50, 16, 0.25
3, 1, 4, 51, 23, 0.25
3, 2, 3, 51, 17, 0.25
3, 2, 5, 51, 17, 0.25
3, 3, 6, 51, 14, 0.25
3, 4, 7, 51, 24, 0.25
3, 5, 6, 51, 8, 0.25
3, 5, 8, 51, 3, 0.25
3, 6, 9, 51, 31, 0.25
3, 7, 8, 51, 8, 0.25
3, 8, 9, 51, 14, 0.25
3, 1, 2, 52, 7, 0.25
3, 1, 4, 52, 35, 0.25
3, 2, 3, 52, 14, 0.25
3, 3, 6, 52, 16, 0.25
3, 4, 7, 52, 19, 0.25
3, 5, 6, 52, 11, 0.25
3, 5, 8, 52, 37, 0.25
3, 7, 8, 52, 22, 0.25
3, 8, 9, 52, 30, 0.25
3, 1, 2, 53, 26, 0.25
3, 1, 4, 53, 9, 0.25
3, 2, 3, 53, 14, 0.25
3, 2, 5, 53, 25, 0.25
3, 3, 6, 53, 28, 0.25
3, 4, 5, 53, 3, 0.25
3, 4, 7, 53, 7, 0.25
3, 5, 8, 53, 22, 0.25
3, 6, 9, 53, 21, 0.25
3, 7, 8, 53, 22, 0.25
3, 8, 9, 53, 10, 0.25
3, 1, 2, 54, 2, 0.25
3, 1, 4, 54, 11, 0.25
3, 2, 5, 54, 4, 0.25
3, 4, 5, 54, 21, 0.25
3, 4, 7, 54, 27, 0.25
3, 5, 8, 54, 12, 0.25
3, 6, 9, 54, 30, 0.25
3, 1, 2, 55, 32, 0.25
3, 1, 4, 55, 15, 0.25
3, 2, 3, 55, 8, 0.25
3, 2, 5, 55, 22, 0.25
3, 3, 6, 55, 9, 0.25
3, 4, 7, 55, 32, 0.25
3, 5, 6, 55, 1, 0.25
3, 5, 8, 55, 6, 0.25
3, 6, 9, 55, 18, 0.25
3, 7, 8, 55, 6, 0.25
3, 8, 9, 55, 16, 0.25
3, 1, 2, 56, 23, 0.25
3, 1, 4, 56, 18, 0.25
3, 2, 3, 56, 22, 0.25
3, 2, 5, 56, 10, 0.25
3, 4, 5, 56, 14, 0.25
3, 4, 7, 56, 24, 0.25
3, 5, 8, 56, 6, 0.25
3, 6, 9, 56, 17, 0.25
3, 8, 9, 56, 12, 0.25
3, 1, 2, 57, 2, 0.25
3, 1, 4, 57, 11, 0.25
3, 2, 5, 57, 23, 0.25
3, 3, 6, 57, 27, 0.25
3, 4, 5, 57, 12, 0.25
3, 4, 7, 57, 30, 0.25
3, 5, 6, 57, 12, 0.25
3, 5, 8, 57, 7, 0.25
3, 6, 9, 57, 7, 0.25
3, 7, 8, 57, 32, 0.25
3, 1, 2, 58, 31, 0.25
3, 1, 4, 58, 30, 0.25
3, 2, 3, 58, 8, 0.25
3, 2, 5, 58, 4, 0.25
3, 3, 6, 58, 12, 0.25
3, 4, 5, 58, 25, 0.25
3, 5, 6, 58, 9, 0.25
3, 5, 8, 58, 29, 0.25
3, 1, 4, 59, 20, 0.25
3, 2, 5, 59, 16, 0.25
3, 3, 6, 59, 9, 0.25
3, 4, 5, 59, 5, 0.25
3, 6, 9, 59, 6, 0.25
3, 7, 8, 59, 12, 0.25
3, 8, 9, 59, 5, 0.25
3, 1, 2, 60, 6, 0.25
3, 1, 4, 60, 8, 0.25
3, 2, 5, 60, 18, 0.25
3, 4, 5, 60, 2, 0.25
3, 4, 7, 60, 22, 0.25
3, 5, 6, 60, 27, 0.25
3, 6, 9, 60, 9, 0.25
3, 7, 8, 60, 12, 0.25
3, 1, 4, 61, 17, 0.25
3, 2, 3, 61, 21, 0.25
3, 2, 5, 61, 2, 0.25
3, 3, 6, 61, 11, 0.25
3, 4, 5, 61, 7, 0.25
3, 4, 7, 61, 26, 0.25
3, 5, 6, 61, 14, 0.25
3, 5, 8, 61, 4, 0.25
3, 6, 9, 61, 10, 0.25
3, 7, 8, 61, 21, 0.25
3, 8, 9, 61, 15, 0.25
3, 1, 2, 62, 20, 0.25
3, 2, 3, 62, 27, 0.25
3, 2, 5, 62, 26, 0.25
3, 4, 5, 62, 26, 0.25
3, 4, 7, 62, 17, 0.25
3, 5, 6, 62, 2, 0.25
3, 5, 8, 62, 9, 0.25
3, 6, 9, 62, 26, 0.25
3, 7, 8, 62, 19, 0.25
3, 8, 9, 62, 2, 0.25
3, 2, 5, 63, 4, 0.25
3, 4, 5, 63, 8, 0.25
3, 5, 6, 63, 25, 0.25
3, 7, 8, 63, 24, 0.25
3, 8, 9, 63, 8, 0.25
3, 1, 2, 64, 5, 0.25
3, 2, 5, 64, 15, 0.25
3, 5, 6, 64, 20, 0.25
3, 5, 8, 64, 21, 0.25
3, 6, 9, 64, 2, 0.25
3, 7, 8, 64, 1, 0.25
3, 1, 2, 65, 19, 0.25
3, 1, 4, 65, 9, 0.25
3, 3, 6, 65, 23, 0.25
3, 4, 5, 65, 16, 0.25
3, 4, 7, 65, 18, 0.25
3, 5, 6, 65, 12, 0.25
3, 5, 8, 65, 22, 0.25
3, 7, 8, 65, 6, 0.25
3, 1, 2, 66, 1, 0.25
3, 1, 4, 66, 18, 0.25
3, 2, 3, 66, 22, 0.25
3, 4, 5, 66, 12, 0.25
3, 5, 6, 66, 17, 0.25
3, 5, 8, 66, 19, 0.25
3, 6, 9, 66, 5, 0.25
3, 7, 8, 66, 7, 0.25
3, 1, 2, 67, 13, 0.25
3, 1, 4, 67, 16, 0.25
3, 2, 5, 67, 16, 0.25
3, 3, 6, 67, 12, 0.25
3, 4, 7, 67, 3, 0.25
3, 7, 8, 67, 15, 0.25
3, 1, 2, 68, 17, 0.25
3, 1, 4, 68, 7, 0.25
3, 2, 3, 68, 6, 0.25
3, 2, 5, 68, 18, 0.25
3, 4, 5, 68, 11, 0.25
3, 4, 7, 68, 2, 0.25
3, 5, 6, 68, 19, 0.25
3, 6, 9, 68, 2, 0.25
3, 7, 8, 68, 2, 0.25
3, 1, 2, 69, 18, 0.25
3, 2, 5, 69, 15, 0.25
3, 4, 5, 69, 15, 0.25
3, 4, 7, 69, 15, 0.25
3, 5, 6, 69, 11, 0.25
3, 5, 8, 69, 12, 0.25
3, 6, 9, 69, 9, 0.25
3, 1, 2, 70, 16, 0.25
3, 2, 3, 70, 18, 0.25
3, 3, 6, 70, 12, 0.25
3, 4, 5, 70, 12, 0.25
3, 4, 5, 71, 17, 0.25
3, 4, 7, 71, 11, 0.25
3, 2, 3, 72, 14, 0.25
3, 3, 6, 72, 11, 0.25
3, 1, 2, 73, 9, 0.25
3, 2, 5, 73, 16, 0.25
3, 3, 6, 73, 6, 0.25
3, 5, 8, 73, 9, 0.25
3, 1, 4, 74, 14, 0.25
3, 5, 6, 74, 15, 0.25
3, 6, 9, 74, 2, 0.25
3, 7, 8, 74, 5, 0.25
3, 1, 2, 75, 11, 0.25
3, 1, 4, 75, 9, 0.25
3, 8, 9, 75, 3, 0.25
3, 2, 5, 76, 7, 0.25
3, 3, 6, 76, 1, 0.25
3, 4, 5, 76, 4, 0.25
3, 7, 8, 76, 10, 0.25
3, 8, 9, 76, 9, 0.25
3, 3, 6, 77, 7, 0.25
3, 5, 6, 77, 5, 0.25
3, 1, 2, 78, 8, 0.25
3, 1, 4, 78, 7, 0.25
3, 5, 8, 78, 4, 0.25
3, 8, 9, 78, 2, 0.25
3, 1, 2, 79, 2, 0.25
3, 1, 4, 79, 5, 0.25
3, 2, 5, 79, 9, 0.25
3, 4, 5, 79, 5, 0.25
3, 2, 5, 80, 7, 0.25
3, 1, 4, 81, 3, 0.25
3, 2, 3, 81, 4, 0.25
3, 7, 8, 81, 2, 0.25
3, 8, 9, 81, 4, 0.25
3, 1, 4, 82, 6, 0.25
3, 1, 2, 83, 2, 0.25
3, 1, 4, 83, 3, 0.25
3, 4, 5, 83, 2, 0.25
3, 6, 9, 83, 3, 0.25
3, 8, 9, 83, 6, 0.25
3, 3, 6, 84, 2, 0.25
3, 6, 9, 84, 3, 0.25
4, 1, 2, 0, 30, 0.25
4, 1, 4, 0, 16, 0.25
4, 2, 3, 0, 40, 0.25
4, 2, 5, 0, 14, 0.25
4, 3, 6, 0, 4, 0.25
4, 4, 5, 0, 21, 0.25
4, 4, 7, 0, 12, 0.25
4, 5, 6, 0, 23, 0.25
4, 5, 8, 0, 6, 0.25
4, 6, 9, 0, 23, 0.25
4, 7, 8, 0, 7, 0.25
4, 8, 9, 0, 9, 0.25
4, 1, 2, 1, 22, 0.25
4, 1, 4, 1, 30, 0.25
4, 2, 3, 1, 22, 0.25
4, 2, 5, 1, 2, 0.25
4, 3, 6, 1, 33, 0.25
4, 4, 5, 1, 5, 0.25
4, 4, 7, 1, 6, 0.25
4, 5, 6, 1, 25, 0.25
4, 5, 8, 1, 25, 0.25
4, 6, 9, 1, 19, 0.25
4, 7, 8, 1, 1, 0.25
4, 8, 9, 1, 18, 0.25
4, 1, 2, 2, 9, 0.25
4, 1, 4, 2, 38, 0.25
4, 2, 3, 2, 26, 0.25
4, 2, 5, 2, 21, 0.25
4, 3, 6, 2, 38, 0.25
4, 4, 5, 2, 10, 0.25
4, 4, 7, 2, 10, 0.25
4, 5, 6, 2, 2, 0.25
4, 5, 8, 2, 36, 0.25
4, 6, 9, 2, 34, 0.25
4, 7, 8, 2, 19, 0.25
4, 8, 9, 2, 41, 0.25
4, 1, 2, 3, 14, 0.25
4, 1, 4, 3, 27, 0.25
4, 2, 3, 3, 22, 0.25
4, 2, 5, 3, 24, 0.25
4, 3, 6, 3, 19, 0.25
4, 4, 5, 3, 17, 0.25
4, 4, 7, 3, 34, 0.25
4, 5, 6, 3, 44, 0.25
4, 5, 8, 3, 5, 0.25
4, 6, 9, 3, 30, 0.25
4, 7, 8, 3, 11, 0.25
4, 8, 9, 3, 27, 0.25
4, 1, 2, 4, 26, 0.25
4, 1, 4, 4, 28, 0.25
4, 2, 3, 4, 26, 0.25
4, 2, 5, 4, 1, 0.25
4, 3, 6, 4, 8, 0.25
4, 4, 5, 4, 19, 0.25
4, 4, 7, 4, 33, 0.25
4, 5, 6, 4, 5, 0.25
4, 5, 8, 4, 24, 0.25
4, 6, 9, 4, 14, 0.25
4, 7, 8, 4, 9, 0.25
4, 8, 9, 4, 43, 0.25
4, 1, 2, 5, 20, 0.25
4, 1, 4, 5, 13, 0.25
4, 2, 3, 5, 30, 0.25
4, 2, 5, 5, 43, 0.25
4, 3, 6, 5, 8, 0.25
4, 4, 5, 5, 36, 0.25
4, 4, 7, 5, 17, 0.25
4, 5, 6, 5, 38, 0.25
4, 5, 8, 5, 42, 0.25
4, 6, 9, 5, 11, 0.25
4, 7, 8, 5, 37, 0.25
4, 8, 9, 5, 7, 0.25
4, 1, 2, 6, 14, 0.25
4, 1, 4, 6, 4, 0.25
4, 2, 3, 6, 11, 0.25
4, 2, 5, 6, 38, 0.25
4, 3, 6, 6, 18, 0.25
4, 4, 5, 6, 44, 0.25
4, 4, 7, 6, 10, 0.25
4, 5, 6, 6, 4, 0.25
4, 5, 8, 6, 3, 0.25
4, 6, 9, 6, 40, 0.25
4, 7, 8, 6, 29, 0.25
4, 8, 9, 6, 9, 0.25
4, 1, 2, 7, 7, 0.25
4, 1, 4, 7, 32, 0.25
4, 2, 3, 7, 25, 0.25
4, 2, 5, 7, 12, 0.25
4, 3, 6, 7, 18, 0.25
4, 4, 5, 7, 37, 0.25
4, 4, 7, 7, 39, 0.25
4, 5, 6, 7, 44, 0.25
4, 5, 8, 7, 7, 0.25
4, 6, 9, 7, 40, 0.25
4, 7, 8, 7, 9, 0.25
4, 8, 9, 7, 37, 0.25
4, 1, 2, 8, 8, 0.25
4, 1, 4, 8, 17, 0.25
4, 2, 3, 8, 24, 0.25
4, 2, 5, 8, 33, 0.25
4, 3, 6, 8, 40, 0.25
4, 4, 5, 8, 17, 0.25
4, 4, 7, 8, 22, 0.25
4, 5, 6, 8, 33, 0.25
4, 5, 8, 8, 30, 0.25
4, 6, 9, 8, 35, 0.25
4, 7, 8, 8, 7, 0.25
4, 8, 9, 8, 4, 0.25
4, 1, 2, 9, 42, 0.25
4, 1, 4, 9, 37, 0.25
4, 2, 3, 9, 41, 0.25
4, 2, 5, 9, 4, 0.25
4, 3, 6, 9, 39, 0.25
4, 4, 5, 9, 9, 0.25
4, 4, 7, 9, 2, 0.25
4, 5, 6, 9, 18, 0.25
4, 5, 8, 9, 37, 0.25
4, 6, 9, 9, 21, 0.25
4, 7, 8, 9, 26, 0.25
4, 8, 9, 9, 21, 0.25
4, 1, 2, 10, 35, 0.25
4, 1, 4, 10, 43, 0.25
4, 2, 3, 10, 19, 0.25
4, 2, 5, 10, 27, 0.25
4, 3, 6, 10, 7, 0.25
4, 4, 5, 10, 9, 0.25
4, 4, 7, 10, 38, 0.25
4, 5, 6, 10, 15, 0.25
4, 5, 8, 10, 2, 0.25
4, 6, 9, 10, 34, 0.25
4, 7, 8, 10, 19, 0.25
4, 8, 9, 10, 16, 0.25
4, 1, 2, 11, 44, 0.25
4, 1, 4, 11, 21, 0.25
4, 2, 3, 11, 21, 0.25
4, 2, 5, 11, 42, 0.25
4, 3, 6, 11, 40, 0.25
4, 4, 5, 11, 12, 0.25
4, 4, 7, 11, 5, 0.25
4, 5, 6, 11, 42, 0.25
4, 5, 8, 11, 25, 0.25
4, 6, 9, 11, 7, 0.25
4, 7, 8, 11, 5, 0.25
4, 8, 9, 11, 2, 0.25
4, 1, 2, 12, 38, 0.25
4, 1, 4, 12, 24, 0.25
4, 2, 3, 12, 44, 0.25
4, 2, 5, 12, 21, 0.25
4, 3, 6, 12, 16, 0.25
4, 4, 5, 12, 23, 0.25
4, 4, 7, 12, 17, 0.25
4, 5, 6, 12, 23, 0.25
4, 5, 8, 12, 5, 0.25
4, 6, 9, 12, 15, 0.25
4, 7, 8, 12, 3, 0.25
4, 8, 9, 12, 31, 0.25
4, 1, 2, 13, 38, 0.25
4, 1, 4, 13, 39, 0.25
4, 2, 3, 13, 20, 0.25
4, 2, 5, 13, 9, 0.25
4, 3, 6, 13, 6, 0.25
4, 4, 5, 13, 36, 0.25
4, 4, 7, 13, 31, 0.25
4, 5, 6, 13, 39, 0.25
4, 5, 8, 13, 36, 0.25
4, 6, 9, 13, 37, 0.25
4, 7, 8, 13, 40, 0.25
4, 8, 9, 13, 29, 0.25
4, 1, 2, 14, 2, 0.25
4, 1, 4, 14, 33, 0.25
4, 2, 3, 14, 5, 0.25
4, 2, 5, 14, 16, 0.25
4, 3, 6, 14, 24, 0.25
4, 4, 5, 14, 13, 0.25
4, 4, 7, 14, 19, 0.25
4, 5, 6, 14, 9, 0.25
4, 5, 8, 14, 35, 0.25
4, 6, 9, 14, 33, 0.25
4, 7, 8, 14, 23, 0.25
4, 8, 9, 14, 39, 0.25
4, 1, 2, 15, 26, 0.25
4, 1, 4, 15, 27, 0.25
4, 2, 3, 15, 3, 0.25
4, 2, 5, 15, 30, 0.25
4, 3, 6, 15, 26, 0.25
4, 4, 5, 15, 34, 0.25
4, 4, 7, 15, 39, 0.25
4, 5, 6, 15, 12, 0.25
4, 5, 8, 15, 28, 0.25
4, 6, 9, 15, 35, 0.25
4, 7, 8, 15, 11, 0.25
4, 8, 9, 15, 31, 0.25
4, 1, 2, 16, 44, 0.25
4, 1, 4, 16, 22, 0.25
4, 2, 3, 16, 24, 0.25
4, 2, 5, 16, 17, 0.25
4, 3, 6, 16, 19, 0.25
4, 4, 5, 16, 24, 0.25
4, 4, 7, 16, 16, 0.25
4, 5, 6, 16, 24, 0.25
4, 5, 8, 16, 28, 0.25
4, 6, 9, 16, 23, 0.25
4, 7, 8, 16, 38, 0.25
4, 8, 9, 16, 2, 0.25
4, 1, 2, 17, 17, 0.25
4, 1, 4, 17, 16, 0.25
4, 2, 3, 17, 18, 0.25
4, 2, 5, 17, 22, 0.25
4, 3, 6, 17, 24, 0.25
4, 4, 5, 17, 26, 0.25
4, 4, 7, 17, 34, 0.25
4, 5, 6, 17, 1, 0.25
4, 5, 8, 17, 11, 0.25
4, 6, 9, 17, 44, 0.25
4, 7, 8, 17, 15, 0.25
4, 8, 9, 17, 24, 0.25
4, 1, 2, 18, 42, 0.25
4, 1, 4, 18, 30, 0.25
4, 2, 3, 18, 35, 0.25
4, 2, 5, 18, 42, 0.25
4, 3, 6, 18, 40, 0.25
4, 4, 5, 18, 41, 0.25
4, 4, 7, 18, 9, 0.25
4, 5, 6, 18, 8, 0.25
4, 5, 8, 18, 4, 0.25
4, 6, 9, 18, 7, 0.25
4, 7, 8, 18, 13, 0.25
4, 8, 9, 18, 24, 0.25
4, 1, 2, 19, 15, 0.25
4, 1, 4, 19, 32, 0.25
4, 2, 3, 19, 30, 0.25
4, 2, 5, 19, 34, 0.25
4, 3, 6, 19, 8, 0.25
4, 4, 5, 19, 38, 0.25
4, 4, 7, 19, 27, 0.25
4, 5, 6, 19, 2, 0.25
4, 5, 8, 19, 2, 0.25
4, 6, 9, 19, 14, 0.25
4, 7, 8, 19, 34, 0.25
4, 8, 9, 19, 3, 0.25
4, 1, 2, 20, 19, 0.25
4, 1, 4, 20, 42, 0.25
4, 2, 3, 20, 36, 0.25
4, 2, 5, 20, 43, 0.25
4, 3, 6, 20, 24, 0.25
4, 4, 5, 20, 24, 0.25
4, 4, 7, 20, 28, 0.25
4, 5, 6, 20, 37, 0.25
4, 5, 8, 20, 36, 0.25
4, 6, 9, 20, 19, 0.25
4, 7, 8, 20, 7, 0.25
4, 8, 9, 20, 5, 0.25
4, 1, 2, 21, 43, 0.25
4, 1, 4, 21, 10, 0.25
4, 2, 3, 21, 6, 0.25
4, 2, 5, 21, 35, 0.25
4, 3, 6, 21, 38, 0.25
4, 4, 5, 21, 27, 0.25
4, 4, 7, 21, 5, 0.25
4, 5, 6, 21, 14, 0.25
4, 5, 8, 21, 42, 0.25
4, 6, 9, 21, 36, 0.25
4, 7, 8, 21, 28, 0.25
4, 8, 9, 21, 24, 0.25
4, 1, 2, 22, 20, 0.25
4, 1, 4, 22, 36, 0.25
4, 2, 3, 22, 4, 0.25
4, 2, 5, 22, 43, 0.25
4, 3, 6, 22, 37, 0.25
4, 4, 5, 22, 23, 0.25
4, 4, 7, 22, 23, 0.25
4, 5, 6, 22, 18, 0.25
4, 5, 8, 22, 2, 0.25
4, 6, 9, 22, 44, 0.25
4, 7, 8, 22, 20, 0.25
4, 8, 9, 22, 18, 0.25
4, 1, 2, 23, 7, 0.25
4, 1, 4, 23, 22, 0.25
4, 2, 3, 23, 37, 0.25
4, 2, 5, 23, 14, 0.25
4, 3, 6, 23, 6, 0.25
4, 4, 5, 23, 35, 0.25
4, 4, 7, 23, 9, 0.25
4, 5, 6, 23, 43, 0.25
4, 5, 8, 23, 36, 0.25
4, 6, 9, 23, 7, 0.25
4, 7, 8, 23, 24, 0.25
4, 8, 9, 23, 40, 0.25
4, 1, 2, 24, 38, 0.25
4, 1, 4, 24, 20, 0.25
4, 2, 3, 24, 39, 0.25
4, 2, 5, 24, 42, 0.25
4, 3, 6, 24, 2, 0.25
4, 4, 5, 24, 34, 0.25
4, 4, 7, 24, 15, 0.25
4, 5, 6, 24, 3, 0.25
4, 5, 8, 24, 22, 0.25
4, 6, 9, 24, 24, 0.25
4, 7, 8, 24, 24, 0.25
4, 8, 9, 24, 31, 0.25
4, 1, 2, 25, 4, 0.25
4, 1, 4, 25, 44, 0.25
4, 2, 3, 25, 37, 0.25
4, 2, 5, 25, 19, 0.25
4, 3, 6, 25, 15, 0.25
4, 4, 5, 25, 8, 0.25
4, 4, 7, 25, 36, 0.25
4, 5, 6, 25, 7, 0.25
4, 5, 8, 25, 37, 0.25
4, 6, 9, 25, 35, 0.25
4, 7, 8, 25, 43, 0.25
4, 8, 9, 25, 29, 0.25
4, 1, 2, 26, 22, 0.25
4, 1, 4, 26, 33, 0.25
4, 2, 3, 26, 30, 0.25
4, 2, 5, 26, 19, 0.25
4, 3, 6, 26, 30, 0.25
4, 4, 5, 26, 36, 0.25
4, 4, 7, 26, 30, 0.25
4, 5, 6, 26, 39, 0.25
4, 5, 8, 26, 19, 0.25
4, 6, 9, 26, 33, 0.25
4, 7, 8, 26, 20, 0.25
4, 8, 9, 26, 24, 0.25
4, 1, 2, 27, 31, 0.25
4, 1, 4, 27, 36, 0.25
4, 2, 3, 27, 34, 0.25
4, 2, 5, 27, 2, 0.25
4, 3, 6, 27, 38, 0.25
4, 4, 5, 27, 35, 0.25
4, 4, 7, 27, 41, 0.25
4, 5, 6, 27, 7, 0.25
4, 5, 8, 27, 14, 0.25
4, 6, 9, 27, 43, 0.25
4, 7, 8, 27, 40, 0.25
4, 8, 9, 27, 32, 0.25
4, 1, 2, 28, 3, 0.25
4, 1, 4, 28, 32, 0.25
4, 2, 3, 28, 34, 0.25
4, 2, 5, 28, 32, 0.25
4, 3, 6, 28, 20, 0.25
4, 4, 5, 28, 23, 0.25
4, 4, 7, 28, 15, 0.25
4, 5, 6, 28, 37, 0.25
4, 5, 8, 28, 2, 0.25
4, 6, 9, 28, 19, 0.25
4, 7, 8, 28, 32, 0.25
4, 8, 9, 28, 6, 0.25
4, 1, 2, 29, 31, 0.25
4, 1, 4, 29, 16, 0.25
4, 2, 3, 29, 4, 0.25
4, 2, 5, 29, 13, 0.25
4, 3, 6, 29, 27, 0.25
4, 4, 5, 29, 31, 0.25
4, 4, 7, 29, 13, 0.25
4, 5, 6, 29, 19, 0.25
4, 5, 8, 29, 31, 0.25
4, 6, 9, 29, 22, 0.25
4, 7, 8, 29, 10, 0.25
4, 8, 9, 29, 25, 0.25
4, 1, 2, 30, 14, 0.25
4, 1, 4, 30, 38, 0.25
4, 2, 3, 30, 35, 0.25
4, 2, 5, 30, 22, 0.25
4, 3, 6, 30, 9, 0.25
4, 4, 5, 30, 34, 0.25
4, 4, 7, 30, 20, 0.25
4, 5, 6, 30, 7, 0.25
4, 5, 8, 30, 22, 0.25
4, 6, 9, 30, 28, 0.25
4, 7, 8, 30, 15, 0.25
4, 8, 9, 30, 18, 0.25
4, 1, 2, 31, 18, 0.25
4, 1, 4, 31, 17, 0.25
4, 2, 3, 31, 36, 0.25
4, 2, 5, 31, 2, 0.25
4, 3, 6, 31, 26, 0.25
4, 4, 5, 31, 34, 0.25
4, 4, 7, 31, 5, 0.25
4, 5, 6, 31, 15, 0.25
4, 5, 8, 31, 29, 0.25
4, 6, 9, 31, 15, 0.25
4, 7, 8, 31, 29, 0.25
4, 8, 9, 31, 12, 0.25
4, 1, 2, 32, 20, 0.25
4, 1, 4, 32, 10, 0.25
4, 2, 3, 32, 33, 0.25
4, 2, 5, 32, 5, 0.25
4, 3, 6, 32, 42, 0.25
4, 4, 5, 32, 33, 0.25
4, 4, 7, 32, 3, 0.25
4, 5, 6, 32, 42, 0.25
4, 5, 8, 32, 29, 0.25
4, 6, 9, 32, 20, 0.25
4, 7, 8, 32, 21, 0.25
4, 8, 9, 32, 35, 0.25
4, 1, 2, 33, 26, 0.25
4, 1, 4, 33, 17, 0.25
4, 2, 3, 33, 12, 0.25
4, 2, 5, 33, 28, 0.25
4, 3, 6, 33, 3, 0.25
4, 4, 5, 33, 15, 0.25
4, 4, 7, 33, 39, 0.25
4, 5, 6, 33, 19, 0.25
4, 5, 8, 33, 34, 0.25
4, 6, 9, 33, 20, 0.25
4, 7, 8, 33, 22, 0.25
4, 8, 9, 33, 11, 0.25
4, 1, 2, 34, 2, 0.25
4, 1, 4, 34, 23, 0.25
4, 2, 3, 34, 6, 0.25
4, 2, 5, 34, 5, 0.25
4, 3, 6, 34, 30, 0.25
4, 4, 5, 34, 30, 0.25
4, 4, 7, 34, 39, 0.25
4, 5, 6, 34, 29, 0.25
4, 5, 8, 34, 4, 0.25
4, 6, 9, 34, 37, 0.25
4, 7, 8, 34, 43, 0.25
4, 8, 9, 34, 16, 0.25
4, 1, 2, 35, 15, 0.25
4, 1, 4, 35, 42, 0.25
4, 2, 3, 35, 29, 0.25
4, 2, 5, 35, 43, 0.25
4, 3, 6, 35, 13, 0.25
4, 4, 5, 35, 31, 0.25
4, 4, 7, 35, 19, 0.25
4, 5, 6, 35, 2, 0.25
4, 5, 8, 35, 19, 0.25
4, 6, 9, 35, 8, 0.25
4, 7, 8, 35, 32, 0.25
4, 8, 9, 35, 6, 0.25
4, 1, 2, 36, 19, 0.25
4, 1, 4, 36, 22, 0.25
4, 2, 3, 36, 13, 0.25
4, 2, 5, 36, 25, 0.25
4, 3, 6, 36, 7, 0.25
4, 4, 5, 36, 38, 0.25
4, 4, 7, 36, 29, 0.25
4, 5, 6, 36, 30, 0.25
4, 5, 8, 36, 43, 0.25
4, 6, 9, 36, 13, 0.25
4, 7, 8, 36, 2, 0.25
4, 8, 9, 36, 25, 0.25
4, 1, 2, 37, 41, 0.25
4, 1, 4, 37, 22, 0.25
4, 2, 3, 37, 33, 0.25
4, 2, 5, 37, 9, 0.25
4, 3, 6, 37, 41, 0.25
4, 4, 5, 37, 5, 0.25
4, 4, 7, 37, 32, 0.25
4, 5, 6, 37, 13, 0.25
4, 5, 8, 37, 24, 0.25
4, 6, 9, 37, 35, 0.25
4, 7, 8, 37, 41, 0.25
4, 8, 9, 37, 5, 0.25
4, 1, 2, 38, 40, 0.25
4, 1, 4, 38, 33, 0.25
4, 2, 3, 38, 15, 0.25
4, 2, 5, 38, 29, 0.25
4, 3, 6, 38, 14, 0.25
4, 4, 5, 38, 13, 0.25
4, 4, 7, 38, 8, 0.25
4, 5, 6, 38, 24, 0.25
4, 5, 8, 38, 27, 0.25
4, 6, 9, 38, 43, 0.25
4, 7, 8, 38, 2, 0.25
4, 8, 9, 38, 38, 0.25
4, 1, 2, 39, 11, 0.25
4, 1, 4, 39, 37, 0.25
4, 2, 3, 39, 10, 0.25
4, 2, 5, 39, 32, 0.25
4, 3, 6, 39, 33, 0.25
4, 4, 5, 39, 27, 0.25
4, 4, 7, 39, 28, 0.25
4, 5, 6, 39, 9, 0.25
4, 5, 8, 39, 31, 0.25
4, 6, 9, 39, 1, 0.25
4, 7, 8, 39, 18, 0.25
4, 8, 9, 39, 10, 0.25
4, 1, 2, 40, 11, 0.25
4, 1, 4, 40, 23, 0.25
4, 2, 3, 40, 16, 0.25
4, 2, 5, 40, 35, 0.25
4, 3, 6, 40, 35, 0.25
4, 4, 5, 40, 10, 0.25
4, 4, 7, 40, 23, 0.25
4, 5, 6, 40, 15, 0.25
4, 5, 8, 40, 29, 0.25
4, 6, 9, 40, 3, 0.25
4, 7, 8, 40, 24, 0.25
4, 8, 9, 40, 38, 0.25
4, 1, 2, 41, 16, 0.25
4, 1, 4, 41, 21, 0.25
4, 2, 3, 41, 27, 0.25
4, 2, 5, 41, 40, 0.25
4, 3, 6, 41, 16, 0.25
4, 4, 5, 41, 12, 0.25
4, 4, 7, 41, 38, 0.25
4, 5, 6, 41, 12, 0.25
4, 5, 8, 41, 33, 0.25
4, 6, 9, 41, 26, 0.25
4, 7, 8, 41, 24, 0.25
4, 8, 9, 41, 25, 0.25
4, 1, 2, 42, 3, 0.25
4, 1, 4, 42, 43, 0.25
4, 2, 3, 42, 10, 0.25
4, 2, 5, 42, 28, 0.25
4, 3, 6, 42, 14, 0.25
4, 4, 5, 42, 31, 0.25
4, 4, 7, 42, 44, 0.25
4, 5, 6, 42, 16, 0.25
4, 5, 8, 42, 32, 0.25
4, 6, 9, 42, 28, 0.25
4, 7, 8, 42, 39, 0.25
4, 8, 9, 42, 15, 0.25
4, 1, 2, 43, 26, 0.25
4, 1, 4, 43, 41, 0.25
4, 2, 3, 43, 30, 0.25
4, 2, 5, 43, 30, 0.25
4, 3, 6, 43, 30, 0.25
4, 4, 5, 43, 28, 0.25
4, 4, 7, 43, 29, 0.25
4, 5, 6, 43, 26, 0.25
4, 5, 8, 43, 11, 0.25
4, 6, 9, 43, 28, 0.25
4, 7, 8, 43, 5, 0.25
4, 8, 9, 43, 43, 0.25
4, 1, 2, 44, 23, 0.25
4, 1, 4, 44, 40, 0.25
4, 2, 3, 44, 16, 0.25
4, 2, 5, 44, 16, 0.25
4, 3, 6, 44, 35, 0.25
4, 4, 5, 44, 5, 0.25
4, 4, 7, 44, 36, 0.25
4, 5, 6, 44, 11, 0.25
4, 5, 8, 44, 5, 0.25
4, 6, 9, 44, 12, 0.25
4, 7, 8, 44, 28, 0.25
4, 8, 9, 44, 14, 0.25
4, 1, 2, 45, 5, 0.25
4, 1, 4, 45, 24, 0.25
4, 2, 3, 45, 26, 0.25
4, 2, 5, 45, 39, 0.25
4, 3, 6, 45, 4, 0.25
4, 4, 5, 45, 27, 0.25
4, 4, 7, 45, 36, 0.25
4, 5, 6, 45, 33, 0.25
4, 5, 8, 45, 39, 0.25
4, 6, 9, 45, 39, 0.25
4, 7, 8, 45, 34, 0.25
4, 8, 9, 45, 16, 0.25
4, 1, 2, 46, 24, 0.25
4, 1, 4, 46, 20, 0.25
4, 2, 3, 46, 38, 0.25
4, 2, 5, 46, 34, 0.25
4, 3, 6, 46, 29, 0.25
4, 4, 5, 46, 13, 0.25
4, 4, 7, 46, 7, 0.25
4, 5, 6, 46, 3, 0.25
4, 5, 8, 46, 5, 0.25
4, 6, 9, 46, 43, 0.25
4, 7, 8, 46, 18, 0.25
4, 8, 9, 46, 5, 0.25
4, 1, 2, 47, 22, 0.25
4, 1, 4, 47, 4, 0.25
4, 2, 3, 47, 40, 0.25
4, 2, 5, 47, 41, 0.25
4, 3, 6, 47, 13, 0.25
4, 4, 5, 47, 27, 0.25
4, 4, 7, 47, 14, 0.25
4, 5, 6, 47, 19, 0.25
4, 5, 8, 47, 16, 0.25
4, 6, 9, 47, 10, 0.25
4, 7, 8, 47, 18, 0.25
4, 8, 9, 47, 16, 0.25
4, 1, 2, 48, 31, 0.25
4, 1, 4, 48, 39, 0.25
4, 2, 3, 48, 8, 0.25
4, 2, 5, 48, 36, 0.25
4, 3, 6, 48, 33, 0.25
4, 4, 5, 48, 24, 0.25
4, 4, 7, 48, 33, 0.25
4, 5, 8, 48, 24, 0.25
4, 7, 8, 48, 16, 0.25
4, 8, 9, 48, 3, 0.25
4, 1, 2, 49, 20, 0.25
4, 1, 4, 49, 31, 0.25
4, 2, 3, 49, 15, 0.25
4, 2, 5, 49, 8, 0.25
4, 3, 6, 49, 12, 0.25
4, 4, 5, 49, 40, 0.25
4, 4, 7, 49, 34, 0.25
4, 5, 6, 49, 25, 0.25
4, 5, 8, 49, 34, 0.25
4, 6, 9, 49, 23, 0.25
4, 7, 8, 49, 15, 0.25
4, 8, 9, 49, 10, 0.25
4, 1, 2, 50, 9, 0.25
4, 1, 4, 50, 26, 0.25
4, 2, 3, 50, 30, 0.25
4, 2, 5, 50, 24, 0.25
4, 3, 6, 50, 22, 0.25
4, 4, 5, 50, 8, 0.25
4, 4, 7, 50, 18, 0.25
4, 5, 6, 50, 2, 0.25
4, 5, 8, 50, 15, 0.25
4, 6, 9, 50, 3, 0.25
4, 8, 9, 50, 5, 0.25
4, 1, 2, 51, 28, 0.25
4, 1, 4, 51, 16, 0.25
4, 2, 3, 51, 22, 0.25
4, 2, 5, 51, 29, 0.25
4, 3, 6, 51, 16, 0.25
4, 4, 5, 51, 19, 0.25
4, 5, 6, 51, 5, 0.25
4, 5, 8, 51, 29, 0.25
4, 7, 8, 51, 23, 0.25
4, 1, 2, 52, 22, 0.25
4, 2, 3, 52, 18, 0.25
4, 2, 5, 52, 7, 0.25
4, 3, 6, 52, 16, 0.25
4, 4, 5, 52, 14, 0.25
4, 4, 7, 52, 19, 0.25
4, 5, 6, 52, 6, 0.25
4, 5, 8, 52, 29, 0.25
4, 6, 9, 52, 31, 0.25
4, 7, 8, 52, 18, 0.25
4, 8, 9, 52, 19, 0.25
4, 1, 2, 53, 25, 0.25
4, 1, 4, 53, 16, 0.25
4, 2, 3, 53, 32, 0.25
4, 2, 5, 53, 18, 0.25
4, 3, 6, 53, 16, 0.25
4, 4, 5, 53, 35, 0.25
4, 4, 7, 53, 10, 0.25
4, 5, 8, 53, 31, 0.25
4, 6, 9, 53, 6, 0.25
4, 7, 8, 53, 26, 0.25
4, 8, 9, 53, 30, 0.25
4, 1, 2, 54, 28, 0.25
4, 1, 4, 54, 16, 0.25
4, 2, 5, 54, 27, 0.25
4, 3, 6, 54, 31, 0.25
4, 4, 7, 54, 12, 0.25
4, 5, 8, 54, 7, 0.25
4, 6, 9, 54, 9, 0.25
4, 7, 8, 54, 14, 0.25
4, 8, 9, 54, 21, 0.25
4, 2, 3, 55, 31, 0.25
4, 2, 5, 55, 4, 0.25
4, 3, 6, 55, 7, 0.25
4, 5, 6, 55, 22, 0.25
4, 6, 9, 55, 34, 0.25
4, 7, 8, 55, 8, 0.25
4, 8, 9, 55, 11, 0.25
4, 1, 2, 56, 13, 0.25
4, 1, 4, 56, 4, 0.25
4, 3, 6, 56, 32, 0.25
4, 4, 5, 56, 20, 0.25
4, 4, 7, 56, 26, 0.25
4, 5, 6, 56, 19, 0.25
4, 5, 8, 56, 14, 0.25
4, 6, 9, 56, 16, 0.25
4, 1, 2, 57, 25, 0.25
4, 1, 4, 57, 23, 0.25
4, 2, 3, 57, 21, 0.25
4, 3, 6, 57, 4, 0.25
4, 4, 5, 57, 3, 0.25
4, 4, 7, 57, 31, 0.25
4, 5, 6, 57, 22, 0.25
4, 5, 8, 57, 29, 0.25
4, 6, 9, 57, 16, 0.25
4, 7, 8, 57, 8, 0.25
4, 8, 9, 57, 22, 0.25
4, 1, 2, 58, 15, 0.25
4, 2, 3, 58, 9, 0.25
4, 2, 5, 58, 11, 0.25
4, 3, 6, 58, 29, 0.25
4, 5, 6, 58, 28, 0.25
4, 6, 9, 58, 12, 0.25
4, 7, 8, 58, 21, 0.25
4, 1, 2, 59, 8, 0.25
4, 1, 4, 59, 12, 0.25
4, 2, 5, 59, 18, 0.25
4, 3, 6, 59, 25, 0.25
4, 4, 5, 59, 7, 0.25
4, 4, 7, 59, 21, 0.25
4, 5, 8, 59, 18, 0.25
4, 6, 9, 59, 10, 0.25
4, 7, 8, 59, 20, 0.25
4, 1, 2, 60, 25, 0.25
4, 2, 3, 60, 28, 0.25
4, 2, 5, 60, 4, 0.25
4, 3, 6, 60, 22, 0.25
4, 4, 7, 60, 12, 0.25
4, 5, 6, 60, 15, 0.25
4, 5, 8, 60, 29, 0.25
4, 8, 9, 60, 16, 0.25
4, 1, 2, 61, 4, 0.25
4, 2, 5, 61, 8, 0.25
4, 4, 5, 61, 27, 0.25
4, 4, 7, 61, 8, 0.25
4, 5, 6, 61, 2, 0.25
4, 5, 8, 61, 24, 0.25
4, 6, 9, 61, 2, 0.25
4, 7, 8, 61, 28, 0.25
4, 8, 9, 61, 26, 0.25
4, 1, 2, 62, 16, 0.25
4, 2, 3, 62, 25, 0.25
4, 4, 5, 62, 19, 0.25
4, 4, 7, 62, 1, 0.25
4, 5, 6, 62, 25, 0.25
4, 5, 8, 62, 11, 0.25
4, 1, 4, 63, 23, 0.25
4, 2, 3, 63, 13, 0.25
4, 2, 5, 63, 4, 0.25
4, 3, 6, 63, 15, 0.25
4, 4, 5, 63, 16, 0.25
4, 4, 7, 63, 9, 0.25
4, 5, 6, 63, 13, 0.25
4, 6, 9, 63, 20, 0.25
4, 1, 2, 64, 12, 0.25
4, 2, 3, 64, 24, 0.25
4, 3, 6, 64, 5, 0.25
4, 4, 5, 64, 3, 0.25
4, 4, 7, 64, 19, 0.25
4, 5, 8, 64, 16, 0.25
4, 6, 9, 64, 20, 0.25
4, 2, 3, 65, 18, 0.25
4, 2, 5, 65, 3, 0.25
4, 7, 8, 65, 12, 0.25
4, 1, 4, 66, 9, 0.25
4, 2, 5, 66, 6, 0.25
4, 3, 6, 66, 6, 0.25
4, 4, 5, 66, 8, 0.25
4, 4, 7, 66, 14, 0.25
4, 5, 8, 66, 16, 0.25
4, 6, 9, 66, 16, 0.25
4, 1, 2, 67, 12, 0.25
4, 1, 4, 67, 21, 0.25
4, 2, 5, 67, 19, 0.25
4, 3, 6, 67, 21, 0.25
4, 4, 5, 67, 4, 0.25
4, 4, 7, 67, 14, 0.25
4, 5, 6, 67, 22, 0.25
4, 5, 8, 67, 19, 0.25
4, 3, 6, 68, 1, 0.25
4, 4, 7, 68, 2, 0.25
4, 7, 8, 68, 19, 0.25
4, 8, 9, 68, 5, 0.25
4, 3, 6, 69, 4, 0.25
4, 2, 3, 70, 13, 0.25
4, 2, 5, 70, 6, 0.25
4, 3, 6, 70, 15, 0.25
4, 4, 7, 70, 11, 0.25
4, 6, 9, 70, 18, 0.25
4, 7, 8, 70, 8, 0.25
4, 8, 9, 70, 15, 0.25
4, 1, 2, 71, 2, 0.25
4, 1, 4, 71, 8, 0.25
4, 2, 3, 71, 8, 0.25
4, 5, 6, 71, 2, 0.25
4, 8, 9, 71, 8, 0.25
4, 1, 4, 72, 3, 0.25
4, 2, 3, 72, 6, 0.25
4, 3, 6, 72, 11, 0.25
4, 4, 7, 72, 15, 0.25
4, 5, 6, 72, 2, 0.25
4, 5, 8, 72, 5, 0.25
4, 6, 9, 72, 11, 0.25
4, 2, 3, 73, 15, 0.25
4, 4, 5, 73, 8, 0.25
4, 4, 7, 73, 5, 0.25
4, 1, 2, 74, 3, 0.25
4, 1, 4, 74, 5, 0.25
4, 2, 5, 74, 3, 0.25
4, 3, 6, 74, 14, 0.25
4, 4, 5, 74, 7, 0.25
4, 4, 7, 74, 7, 0.25
4, 1, 2, 75, 1, 0.25
4, 2, 3, 75, 3, 0.25
4, 2, 5, 75, 7, 0.25
4, 3, 6, 75, 12, 0.25
4, 5, 8, 75, 7, 0.25
4, 8, 9, 75, 9, 0.25
4, 1, 4, 76, 8, 0.25
4, 2, 3, 76, 4, 0.25
4, 5, 6, 76, 8, 0.25
4, 5, 8, 76, 2, 0.25
4, 5, 8, 77, 11, 0.25
4, 2, 3, 78, 8, 0.25
4, 2, 5, 78, 7, 0.25
4, 5, 8, 78, 11, 0.25
4, 2, 3, 79, 5, 0.25
4, 2, 5, 79, 3, 0.25
4, 4, 5, 79, 6, 0.25
4, 7, 8, 79, 5, 0.25
4, 8, 9, 79, 9, 0.25
4, 3, 6, 80, 6, 0.25
4, 4, 5, 80, 7, 0.25
4, 8, 9, 80, 8, 0.25
4, 1, 4, 81, 4, 0.25
4, 4, 5, 81, 8, 0.25
4, 3, 6, 82, 6, 0.25
4, 8, 9, 82, 2, 0.25
4, 2, 3, 83, 2, 0.25
4, 1, 4, 84, 1, 0.25
4, 2, 5, 84, 5, 0.25
4, 4, 5, 84, 1, 0.25
4, 8, 9, 84, 2, 0.25
4, 5, 8, 86, 3, 0.25
4, 4, 7, 87, 1, 0.25
