k, i, j, t, w, pr
1, 1, 2, 0, 23, 0.50
1, 1, 5, 0, 23, 0.50
1, 2, 3, 0, 26, 0.50
1, 2, 6, 0, 22, 0.50
1, 3, 4, 0, 24, 0.50
1, 3, 7, 0, 25, 0.50
1, 4, 8, 0, 16, 0.50
1, 5, 6, 0, 17, 0.50
1, 5, 9, 0, 13, 0.50
1, 6, 7, 0, 17, 0.50
1, 6, 10, 0, 20, 0.50
1, 7, 8, 0, 7, 0.50
1, 7, 11, 0, 18, 0.50
1, 8, 12, 0, 14, 0.50
1, 9, 10, 0, 4, 0.50
1, 9, 13, 0, 14, 0.50
1, 10, 11, 0, 4, 0.50
1, 10, 14, 0, 14, 0.50
1, 11, 12, 0, 21, 0.50
1, 11, 15, 0, 28, 0.50
1, 12, 16, 0, 25, 0.50
1, 13, 14, 0, 29, 0.50
1, 14, 15, 0, 17, 0.50
1, 15, 16, 0, 26, 0.50
1, 1, 2, 1, 22, 0.50
1, 1, 5, 1, 29, 0.50
1, 2, 3, 1, 21, 0.50
1, 2, 6, 1, 21, 0.50
1, 3, 4, 1, 9, 0.50
1, 3, 7, 1, 11, 0.50
1, 4, 8, 1, 10, 0.50
1, 5, 6, 1, 13, 0.50
1, 5, 9, 1, 19, 0.50
1, 6, 7, 1, 21, 0.50
1, 6, 10, 1, 3, 0.50
1, 7, 8, 1, 1, 0.50
1, 7, 11, 1, 3, 0.50
1, 8, 12, 1, 13, 0.50
1, 9, 10, 1, 20, 0.50
1, 9, 13, 1, 26, 0.50
1, 10, 11, 1, 16, 0.50
1, 10, 14, 1, 20, 0.50
1, 11, 12, 1, 15, 0.50
1, 11, 15, 1, 24, 0.50
1, 12, 16, 1, 20, 0.50
1, 13, 14, 1, 5, 0.50
1, 14, 15, 1, 7, 0.50
1, 15, 16, 1, 14, 0.50
1, 1, 2, 2, 12, 0.50
1, 1, 5, 2, 27, 0.50
1, 2, 3, 2, 11, 0.50
1, 2, 6, 2, 22, 0.50
1, 3, 4, 2, 7, 0.50
1, 3, 7, 2, 12, 0.50
1, 4, 8, 2, 11, 0.50
1, 5, 6, 2, 21, 0.50
1, 5, 9, 2, 22, 0.50
1, 6, 7, 2, 24, 0.50
1, 6, 10, 2, 7, 0.50
1, 7, 8, 2, 3, 0.50
1, 7, 11, 2, 28, 0.50
1, 8, 12, 2, 13, 0.50
1, 9, 10, 2, 10, 0.50
1, 9, 13, 2, 20, 0.50
1, 10, 11, 2, 2, 0.50
1, 10, 14, 2, 12, 0.50
1, 11, 12, 2, 22, 0.50
1, 11, 15, 2, 17, 0.50
1, 12, 16, 2, 2, 0.50
1, 13, 14, 2, 6, 0.50
1, 14, 15, 2, 10, 0.50
1, 15, 16, 2, 18, 0.50
1, 1, 2, 3, 22, 0.50
1, 1, 5, 3, 11, 0.50
1, 2, 3, 3, 4, 0.50
1, 2, 6, 3, 7, 0.50
1, 3, 4, 3, 28, 0.50
1, 3, 7, 3, 11, 0.50
1, 4, 8, 3, 25, 0.50
1, 5, 6, 3, 5, 0.50
1, 5, 9, 3, 28, 0.50
1, 6, 7, 3, 20, 0.50
1, 6, 10, 3, 3, 0.50
1, 7, 8, 3, 28, 0.50
1, 7, 11, 3, 24, 0.50
1, 8, 12, 3, 8, 0.50
1, 9, 10, 3, 5, 0.50
1, 9, 13, 3, 27, 0.50
1, 10, 11, 3, 15, 0.50
1, 10, 14, 3, 5, 0.50
1, 11, 12, 3, 20, 0.50
1, 11, 15, 3, 14, 0.50
1, 12, 16, 3, 21, 0.50
1, 13, 14, 3, 25, 0.50
1, 14, 15, 3, 2, 0.50
1, 15, 16, 3, 25, 0.50
1, 1, 2, 4, 23, 0.50
1, 1, 5, 4, 20, 0.50
1, 2, 3, 4, 16, 0.50
1, 2, 6, 4, 17, 0.50
1, 3, 4, 4, 27, 0.50
1, 3, 7, 4, 9, 0.50
1, 4, 8, 4, 28, 0.50
1, 5, 6, 4, 11, 0.50
1, 5, 9, 4, 22, 0.50
1, 6, 7, 4, 8, 0.50
1, 6, 10, 4, 21, 0.50
1, 7, 8, 4, 20, 0.50
1, 7, 11, 4, 7, 0.50
1, 8, 12, 4, 21, 0.50
1, 9, 10, 4, 10, 0.50
1, 9, 13, 4, 20, 0.50
1, 10, 11, 4, 4, 0.50
1, 10, 14, 4, 8, 0.50
1, 11, 12, 4, 5, 0.50
1, 11, 15, 4, 17, 0.50
1, 12, 16, 4, 16, 0.50
1, 13, 14, 4, 26, 0.50
1, 14, 15, 4, 27, 0.50
1, 15, 16, 4, 8, 0.50
1, 1, 2, 5, 24, 0.50
1, 1, 5, 5, 13, 0.50
1, 2, 3, 5, 7, 0.50
1, 2, 6, 5, 28, 0.50
1, 3, 4, 5, 7, 0.50
1, 3, 7, 5, 22, 0.50
1, 4, 8, 5, 11, 0.50
1, 5, 6, 5, 6, 0.50
1, 5, 9, 5, 22, 0.50
1, 6, 7, 5, 5, 0.50
1, 6, 10, 5, 2, 0.50
1, 7, 8, 5, 2, 0.50
1, 7, 11, 5, 16, 0.50
1, 8, 12, 5, 8, 0.50
1, 9, 10, 5, 26, 0.50
1, 9, 13, 5, 10, 0.50
1, 10, 11, 5, 28, 0.50
1, 10, 14, 5, 21, 0.50
1, 11, 12, 5, 13, 0.50
1, 11, 15, 5, 21, 0.50
1, 12, 16, 5, 7, 0.50
1, 13, 14, 5, 29, 0.50
1, 14, 15, 5, 12, 0.50
1, 15, 16, 5, 28, 0.50
1, 1, 2, 6, 11, 0.50
1, 1, 5, 6, 16, 0.50
1, 2, 3, 6, 29, 0.50
1, 2, 6, 6, 15, 0.50
1, 3, 4, 6, 20, 0.50
1, 3, 7, 6, 9, 0.50
1, 4, 8, 6, 12, 0.50
1, 5, 6, 6, 17, 0.50
1, 5, 9, 6, 21, 0.50
1, 6, 7, 6, 27, 0.50
1, 6, 10, 6, 7, 0.50
1, 7, 8, 6, 23, 0.50
1, 7, 11, 6, 7, 0.50
1, 8, 12, 6, 25, 0.50
1, 9, 10, 6, 19, 0.50
1, 9, 13, 6, 22, 0.50
1, 10, 11, 6, 20, 0.50
1, 10, 14, 6, 8, 0.50
1, 11, 12, 6, 12, 0.50
1, 11, 15, 6, 3, 0.50
1, 12, 16, 6, 8, 0.50
1, 13, 14, 6, 20, 0.50
1, 14, 15, 6, 4, 0.50
1, 15, 16, 6, 4, 0.50
1, 1, 2, 7, 28, 0.50
1, 1, 5, 7, 20, 0.50
1, 2, 3, 7, 5, 0.50
1, 2, 6, 7, 26, 0.50
1, 3, 4, 7, 12, 0.50
1, 3, 7, 7, 21, 0.50
1, 4, 8, 7, 15, 0.50
1, 5, 6, 7, 11, 0.50
1, 5, 9, 7, 10, 0.50
1, 6, 7, 7, 1, 0.50
1, 6, 10, 7, 8, 0.50
1, 7, 8, 7, 22, 0.50
1, 7, 11, 7, 26, 0.50
1, 8, 12, 7, 14, 0.50
1, 9, 10, 7, 17, 0.50
1, 9, 13, 7, 19, 0.50
1, 10, 11, 7, 19, 0.50
1, 10, 14, 7, 16, 0.50
1, 11, 12, 7, 10, 0.50
1, 11, 15, 7, 22, 0.50
1, 12, 16, 7, 24, 0.50
1, 13, 14, 7, 17, 0.50
1, 14, 15, 7, 3, 0.50
1, 15, 16, 7, 23, 0.50
1, 1, 2, 8, 17, 0.50
1, 1, 5, 8, 8, 0.50
1, 2, 3, 8, 14, 0.50
1, 2, 6, 8, 22, 0.50
1, 3, 4, 8, 21, 0.50
1, 3, 7, 8, 8, 0.50
1, 4, 8, 8, 26, 0.50
1, 5, 6, 8, 13, 0.50
1, 5, 9, 8, 21, 0.50
1, 6, 7, 8, 11, 0.50
1, 6, 10, 8, 9, 0.50
1, 7, 8, 8, 28, 0.50
1, 7, 11, 8, 5, 0.50
1, 8, 12, 8, 28, 0.50
1, 9, 10, 8, 22, 0.50
1, 9, 13, 8, 7, 0.50
1, 10, 11, 8, 26, 0.50
1, 10, 14, 8, 14, 0.50
1, 11, 12, 8, 9, 0.50
1, 11, 15, 8, 10, 0.50
1, 12, 16, 8, 27, 0.50
1, 13, 14, 8, 16, 0.50
1, 14, 15, 8, 20, 0.50
1, 15, 16, 8, 3, 0.50
1, 1, 2, 9, 23, 0.50
1, 1, 5, 9, 9, 0.50
1, 2, 3, 9, 23, 0.50
1, 2, 6, 9, 5, 0.50
1, 3, 4, 9, 12, 0.50
1, 3, 7, 9, 6, 0.50
1, 4, 8, 9, 27, 0.50
1, 5, 6, 9, 22, 0.50
1, 5, 9, 9, 19, 0.50
1, 6, 7, 9, 10, 0.50
1, 6, 10, 9, 15, 0.50
1, 7, 8, 9, 17, 0.50
1, 7, 11, 9, 13, 0.50
1, 8, 12, 9, 26, 0.50
1, 9, 10, 9, 2, 0.50
1, 9, 13, 9, 15, 0.50
1, 10, 11, 9, 23, 0.50
1, 10, 14, 9, 26, 0.50
1, 11, 12, 9, 7, 0.50
1, 11, 15, 9, 2, 0.50
1, 12, 16, 9, 17, 0.50
1, 13, 14, 9, 28, 0.50
1, 14, 15, 9, 3, 0.50
1, 15, 16, 9, 1, 0.50
1, 1, 2, 10, 6, 0.50
1, 1, 5, 10, 5, 0.50
1, 2, 3, 10, 3, 0.50
1, 2, 6, 10, 6, 0.50
1, 3, 4, 10, 2, 0.50
1, 3, 7, 10, 11, 0.50
1, 4, 8, 10, 8, 0.50
1, 5, 6, 10, 2, 0.50
1, 5, 9, 10, 16, 0.50
1, 6, 7, 10, 7, 0.50
1, 6, 10, 10, 19, 0.50
1, 7, 8, 10, 15, 0.50
1, 7, 11, 10, 20, 0.50
1, 8, 12, 10, 26, 0.50
1, 9, 10, 10, 22, 0.50
1, 9, 13, 10, 19, 0.50
1, 10, 11, 10, 25, 0.50
1, 10, 14, 10, 9, 0.50
1, 11, 12, 10, 21, 0.50
1, 11, 15, 10, 23, 0.50
1, 12, 16, 10, 2, 0.50
1, 13, 14, 10, 27, 0.50
1, 14, 15, 10, 5, 0.50
1, 15, 16, 10, 27, 0.50
1, 1, 2, 11, 14, 0.50
1, 1, 5, 11, 5, 0.50
1, 2, 3, 11, 15, 0.50
1, 2, 6, 11, 18, 0.50
1, 3, 4, 11, 14, 0.50
1, 3, 7, 11, 5, 0.50
1, 4, 8, 11, 3, 0.50
1, 5, 6, 11, 5, 0.50
1, 5, 9, 11, 25, 0.50
1, 6, 7, 11, 28, 0.50
1, 6, 10, 11, 29, 0.50
1, 7, 8, 11, 22, 0.50
1, 7, 11, 11, 18, 0.50
1, 8, 12, 11, 28, 0.50
1, 9, 10, 11, 7, 0.50
1, 9, 13, 11, 3, 0.50
1, 10, 11, 11, 17, 0.50
1, 10, 14, 11, 3, 0.50
1, 11, 12, 11, 16, 0.50
1, 11, 15, 11, 15, 0.50
1, 12, 16, 11, 3, 0.50
1, 13, 14, 11, 28, 0.50
1, 14, 15, 11, 22, 0.50
1, 15, 16, 11, 3, 0.50
1, 1, 2, 12, 18, 0.50
1, 1, 5, 12, 20, 0.50
1, 2, 3, 12, 20, 0.50
1, 2, 6, 12, 9, 0.50
1, 3, 4, 12, 28, 0.50
1, 3, 7, 12, 25, 0.50
1, 4, 8, 12, 5, 0.50
1, 5, 6, 12, 6, 0.50
1, 5, 9, 12, 11, 0.50
1, 6, 7, 12, 7, 0.50
1, 6, 10, 12, 22, 0.50
1, 7, 8, 12, 14, 0.50
1, 7, 11, 12, 27, 0.50
1, 8, 12, 12, 27, 0.50
1, 9, 10, 12, 10, 0.50
1, 9, 13, 12, 24, 0.50
1, 10, 11, 12, 9, 0.50
1, 10, 14, 12, 18, 0.50
1, 11, 12, 12, 17, 0.50
1, 11, 15, 12, 15, 0.50
1, 12, 16, 12, 4, 0.50
1, 13, 14, 12, 11, 0.50
1, 14, 15, 12, 3, 0.50
1, 15, 16, 12, 7, 0.50
1, 1, 2, 13, 17, 0.50
1, 1, 5, 13, 19, 0.50
1, 2, 3, 13, 15, 0.50
1, 2, 6, 13, 3, 0.50
1, 3, 4, 13, 14, 0.50
1, 3, 7, 13, 16, 0.50
1, 4, 8, 13, 7, 0.50
1, 5, 6, 13, 26, 0.50
1, 5, 9, 13, 27, 0.50
1, 6, 7, 13, 1, 0.50
1, 6, 10, 13, 28, 0.50
1, 7, 8, 13, 11, 0.50
1, 7, 11, 13, 7, 0.50
1, 8, 12, 13, 9, 0.50
1, 9, 10, 13, 29, 0.50
1, 9, 13, 13, 11, 0.50
1, 10, 11, 13, 17, 0.50
1, 10, 14, 13, 19, 0.50
1, 11, 12, 13, 9, 0.50
1, 11, 15, 13, 11, 0.50
1, 12, 16, 13, 19, 0.50
1, 13, 14, 13, 1, 0.50
1, 14, 15, 13, 12, 0.50
1, 15, 16, 13, 19, 0.50
1, 1, 2, 14, 10, 0.50
1, 1, 5, 14, 22, 0.50
1, 2, 3, 14, 23, 0.50
1, 2, 6, 14, 5, 0.50
1, 3, 4, 14, 14, 0.50
1, 3, 7, 14, 15, 0.50
1, 4, 8, 14, 12, 0.50
1, 5, 6, 14, 20, 0.50
1, 5, 9, 14, 13, 0.50
1, 6, 7, 14, 12, 0.50
1, 6, 10, 14, 17, 0.50
1, 7, 8, 14, 17, 0.50
1, 7, 11, 14, 7, 0.50
1, 8, 12, 14, 3, 0.50
1, 9, 10, 14, 18, 0.50
1, 9, 13, 14, 6, 0.50
1, 10, 11, 14, 28, 0.50
1, 10, 14, 14, 14, 0.50
1, 11, 12, 14, 9, 0.50
1, 11, 15, 14, 8, 0.50
1, 12, 16, 14, 6, 0.50
1, 13, 14, 14, 6, 0.50
1, 14, 15, 14, 17, 0.50
1, 15, 16, 14, 19, 0.50
1, 1, 2, 15, 18, 0.50
1, 1, 5, 15, 23, 0.50
1, 2, 3, 15, 25, 0.50
1, 2, 6, 15, 7, 0.50
1, 3, 4, 15, 27, 0.50
1, 3, 7, 15, 9, 0.50
1, 4, 8, 15, 16, 0.50
1, 5, 6, 15, 3, 0.50
1, 5, 9, 15, 6, 0.50
1, 6, 7, 15, 27, 0.50
1, 6, 10, 15, 17, 0.50
1, 7, 8, 15, 11, 0.50
1, 7, 11, 15, 26, 0.50
1, 8, 12, 15, 13, 0.50
1, 9, 10, 15, 14, 0.50
1, 9, 13, 15, 23, 0.50
1, 10, 11, 15, 10, 0.50
1, 10, 14, 15, 18, 0.50
1, 11, 12, 15, 24, 0.50
1, 11, 15, 15, 28, 0.50
1, 12, 16, 15, 23, 0.50
1, 13, 14, 15, 23, 0.50
1, 14, 15, 15, 7, 0.50
1, 15, 16, 15, 11, 0.50
1, 1, 2, 16, 3, 0.50
1, 1, 5, 16, 25, 0.50
1, 2, 3, 16, 2, 0.50
1, 2, 6, 16, 10, 0.50
1, 3, 4, 16, 2, 0.50
1, 3, 7, 16, 27, 0.50
1, 4, 8, 16, 17, 0.50
1, 5, 6, 16, 3, 0.50
1, 5, 9, 16, 1, 0.50
1, 6, 7, 16, 9, 0.50
1, 6, 10, 16, 14, 0.50
1, 7, 8, 16, 4, 0.50
1, 7, 11, 16, 18, 0.50
1, 8, 12, 16, 1, 0.50
1, 9, 10, 16, 9, 0.50
1, 9, 13, 16, 28, 0.50
1, 10, 11, 16, 4, 0.50
1, 10, 14, 16, 17, 0.50
1, 11, 12, 16, 18, 0.50
1, 11, 15, 16, 8, 0.50
1, 12, 16, 16, 27, 0.50
1, 13, 14, 16, 8, 0.50
1, 14, 15, 16, 18, 0.50
1, 15, 16, 16, 23, 0.50
1, 1, 2, 17, 11, 0.50
1, 1, 5, 17, 9, 0.50
1, 2, 3, 17, 3, 0.50
1, 2, 6, 17, 14, 0.50
1, 3, 4, 17, 1, 0.50
1, 3, 7, 17, 8, 0.50
1, 4, 8, 17, 11, 0.50
1, 5, 6, 17, 3, 0.50
1, 5, 9, 17, 4, 0.50
1, 6, 7, 17, 15, 0.50
1, 6, 10, 17, 13, 0.50
1, 7, 8, 17, 29, 0.50
1, 7, 11, 17, 28, 0.50
1, 8, 12, 17, 21, 0.50
1, 9, 10, 17, 9, 0.50
1, 9, 13, 17, 20, 0.50
1, 10, 11, 17, 4, 0.50
1, 10, 14, 17, 4, 0.50
1, 11, 12, 17, 21, 0.50
1, 11, 15, 17, 1, 0.50
1, 12, 16, 17, 19, 0.50
1, 13, 14, 17, 2, 0.50
1, 14, 15, 17, 18, 0.50
1, 15, 16, 17, 23, 0.50
1, 1, 2, 18, 18, 0.50
1, 1, 5, 18, 27, 0.50
1, 2, 3, 18, 26, 0.50
1, 2, 6, 18, 21, 0.50
1, 3, 4, 18, 28, 0.50
1, 3, 7, 18, 9, 0.50
1, 4, 8, 18, 12, 0.50
1, 5, 6, 18, 14, 0.50
1, 5, 9, 18, 19, 0.50
1, 6, 7, 18, 24, 0.50
1, 6, 10, 18, 12, 0.50
1, 7, 8, 18, 16, 0.50
1, 7, 11, 18, 29, 0.50
1, 8, 12, 18, 13, 0.50
1, 9, 10, 18, 23, 0.50
1, 9, 13, 18, 20, 0.50
1, 10, 11, 18, 18, 0.50
1, 10, 14, 18, 26, 0.50
1, 11, 12, 18, 27, 0.50
1, 11, 15, 18, 25, 0.50
1, 12, 16, 18, 2, 0.50
1, 13, 14, 18, 15, 0.50
1, 14, 15, 18, 14, 0.50
1, 15, 16, 18, 6, 0.50
1, 1, 2, 19, 29, 0.50
1, 1, 5, 19, 13, 0.50
1, 2, 3, 19, 20, 0.50
1, 2, 6, 19, 6, 0.50
1, 3, 4, 19, 11, 0.50
1, 3, 7, 19, 17, 0.50
1, 4, 8, 19, 2, 0.50
1, 5, 6, 19, 6, 0.50
1, 5, 9, 19, 7, 0.50
1, 6, 7, 19, 22, 0.50
1, 6, 10, 19, 8, 0.50
1, 7, 8, 19, 10, 0.50
1, 7, 11, 19, 17, 0.50
1, 8, 12, 19, 25, 0.50
1, 9, 10, 19, 17, 0.50
1, 9, 13, 19, 9, 0.50
1, 10, 11, 19, 1, 0.50
1, 10, 14, 19, 8, 0.50
1, 11, 12, 19, 6, 0.50
1, 11, 15, 19, 11, 0.50
1, 12, 16, 19, 16, 0.50
1, 13, 14, 19, 15, 0.50
1, 14, 15, 19, 21, 0.50
1, 15, 16, 19, 13, 0.50
1, 1, 2, 20, 23, 0.50
1, 1, 5, 20, 21, 0.50
1, 2, 3, 20, 6, 0.50
1, 2, 6, 20, 3, 0.50
1, 3, 4, 20, 9, 0.50
1, 3, 7, 20, 18, 0.50
1, 4, 8, 20, 18, 0.50
1, 5, 6, 20, 1, 0.50
1, 5, 9, 20, 10, 0.50
1, 6, 7, 20, 8, 0.50
1, 6, 10, 20, 27, 0.50
1, 7, 8, 20, 7, 0.50
1, 7, 11, 20, 26, 0.50
1, 8, 12, 20, 26, 0.50
1, 9, 10, 20, 29, 0.50
1, 9, 13, 20, 6, 0.50
1, 10, 11, 20, 1, 0.50
1, 10, 14, 20, 5, 0.50
1, 11, 12, 20, 3, 0.50
1, 11, 15, 20, 22, 0.50
1, 12, 16, 20, 5, 0.50
1, 13, 14, 20, 9, 0.50
1, 14, 15, 20, 11, 0.50
1, 15, 16, 20, 10, 0.50
1, 1, 2, 21, 21, 0.50
1, 1, 5, 21, 17, 0.50
1, 2, 3, 21, 20, 0.50
1, 2, 6, 21, 14, 0.50
1, 3, 4, 21, 11, 0.50
1, 3, 7, 21, 28, 0.50
1, 4, 8, 21, 14, 0.50
1, 5, 6, 21, 3, 0.50
1, 5, 9, 21, 28, 0.50
1, 6, 7, 21, 3, 0.50
1, 6, 10, 21, 13, 0.50
1, 7, 8, 21, 20, 0.50
1, 7, 11, 21, 7, 0.50
1, 8, 12, 21, 16, 0.50
1, 9, 10, 21, 11, 0.50
1, 9, 13, 21, 4, 0.50
1, 10, 11, 21, 17, 0.50
1, 10, 14, 21, 23, 0.50
1, 11, 12, 21, 25, 0.50
1, 11, 15, 21, 27, 0.50
1, 12, 16, 21, 27, 0.50
1, 13, 14, 21, 7, 0.50
1, 14, 15, 21, 2, 0.50
1, 15, 16, 21, 9, 0.50
1, 1, 2, 22, 18, 0.50
1, 1, 5, 22, 5, 0.50
1, 2, 3, 22, 15, 0.50
1, 2, 6, 22, 18, 0.50
1, 3, 4, 22, 17, 0.50
1, 3, 7, 22, 20, 0.50
1, 4, 8, 22, 21, 0.50
1, 5, 6, 22, 17, 0.50
1, 5, 9, 22, 27, 0.50
1, 6, 7, 22, 15, 0.50
1, 6, 10, 22, 23, 0.50
1, 7, 8, 22, 16, 0.50
1, 7, 11, 22, 26, 0.50
1, 8, 12, 22, 6, 0.50
1, 9, 10, 22, 20, 0.50
1, 9, 13, 22, 26, 0.50
1, 10, 11, 22, 24, 0.50
1, 10, 14, 22, 15, 0.50
1, 11, 12, 22, 17, 0.50
1, 11, 15, 22, 27, 0.50
1, 12, 16, 22, 20, 0.50
1, 13, 14, 22, 1, 0.50
1, 14, 15, 22, 6, 0.50
1, 15, 16, 22, 14, 0.50
1, 1, 2, 23, 24, 0.50
1, 1, 5, 23, 7, 0.50
1, 2, 3, 23, 2, 0.50
1, 2, 6, 23, 1, 0.50
1, 3, 4, 23, 13, 0.50
1, 3, 7, 23, 11, 0.50
1, 4, 8, 23, 29, 0.50
1, 5, 6, 23, 24, 0.50
1, 5, 9, 23, 9, 0.50
1, 6, 7, 23, 16, 0.50
1, 6, 10, 23, 16, 0.50
1, 7, 8, 23, 11, 0.50
1, 7, 11, 23, 12, 0.50
1, 8, 12, 23, 7, 0.50
1, 9, 10, 23, 9, 0.50
1, 9, 13, 23, 21, 0.50
1, 10, 11, 23, 24, 0.50
1, 10, 14, 23, 19, 0.50
1, 11, 12, 23, 21, 0.50
1, 11, 15, 23, 19, 0.50
1, 12, 16, 23, 5, 0.50
1, 13, 14, 23, 22, 0.50
1, 14, 15, 23, 22, 0.50
1, 15, 16, 23, 28, 0.50
1, 1, 2, 24, 6, 0.50
1, 1, 5, 24, 17, 0.50
1, 2, 3, 24, 17, 0.50
1, 2, 6, 24, 3, 0.50
1, 3, 4, 24, 20, 0.50
1, 3, 7, 24, 15, 0.50
1, 4, 8, 24, 6, 0.50
1, 5, 6, 24, 2, 0.50
1, 5, 9, 24, 26, 0.50
1, 6, 7, 24, 25, 0.50
1, 6, 10, 24, 20, 0.50
1, 7, 8, 24, 22, 0.50
1, 7, 11, 24, 28, 0.50
1, 8, 12, 24, 10, 0.50
1, 9, 10, 24, 19, 0.50
1, 9, 13, 24, 21, 0.50
1, 10, 11, 24, 3, 0.50
1, 10, 14, 24, 29, 0.50
1, 11, 12, 24, 6, 0.50
1, 11, 15, 24, 21, 0.50
1, 12, 16, 24, 20, 0.50
1, 13, 14, 24, 5, 0.50
1, 14, 15, 24, 1, 0.50
1, 15, 16, 24, 4, 0.50
1, 1, 2, 25, 24, 0.50
1, 1, 5, 25, 7, 0.50
1, 2, 3, 25, 13, 0.50
1, 2, 6, 25, 20, 0.50
1, 3, 4, 25, 18, 0.50
1, 3, 7, 25, 7, 0.50
1, 4, 8, 25, 29, 0.50
1, 5, 6, 25, 13, 0.50
1, 5, 9, 25, 29, 0.50
1, 6, 7, 25, 10, 0.50
1, 6, 10, 25, 22, 0.50
1, 7, 8, 25, 14, 0.50
1, 7, 11, 25, 16, 0.50
1, 8, 12, 25, 28, 0.50
1, 9, 10, 25, 29, 0.50
1, 9, 13, 25, 6, 0.50
1, 10, 11, 25, 29, 0.50
1, 10, 14, 25, 24, 0.50
1, 11, 12, 25, 18, 0.50
1, 11, 15, 25, 19, 0.50
1, 12, 16, 25, 25, 0.50
1, 13, 14, 25, 13, 0.50
1, 14, 15, 25, 6, 0.50
1, 15, 16, 25, 19, 0.50
1, 1, 2, 26, 27, 0.50
1, 1, 5, 26, 7, 0.50
1, 2, 3, 26, 8, 0.50
1, 2, 6, 26, 10, 0.50
1, 3, 4, 26, 23, 0.50
1, 3, 7, 26, 17, 0.50
1, 4, 8, 26, 1, 0.50
1, 5, 6, 26, 8, 0.50
1, 5, 9, 26, 21, 0.50
1, 6, 7, 26, 14, 0.50
1, 6, 10, 26, 25, 0.50
1, 7, 8, 26, 8, 0.50
1, 7, 11, 26, 21, 0.50
1, 8, 12, 26, 1, 0.50
1, 9, 10, 26, 28, 0.50
1, 9, 13, 26, 25, 0.50
1, 10, 11, 26, 17, 0.50
1, 10, 14, 26, 25, 0.50
1, 11, 12, 26, 2, 0.50
1, 11, 15, 26, 7, 0.50
1, 12, 16, 26, 15, 0.50
1, 13, 14, 26, 12, 0.50
1, 14, 15, 26, 27, 0.50
1, 15, 16, 26, 7, 0.50
1, 1, 2, 27, 3, 0.50
1, 1, 5, 27, 11, 0.50
1, 2, 3, 27, 14, 0.50
1, 2, 6, 27, 2, 0.50
1, 3, 4, 27, 3, 0.50
1, 3, 7, 27, 24, 0.50
1, 4, 8, 27, 2, 0.50
1, 5, 6, 27, 28, 0.50
1, 5, 9, 27, 3, 0.50
1, 6, 7, 27, 12, 0.50
1, 6, 10, 27, 16, 0.50
1, 7, 8, 27, 11, 0.50
1, 7, 11, 27, 18, 0.50
1, 8, 12, 27, 12, 0.50
1, 9, 10, 27, 27, 0.50
1, 9, 13, 27, 8, 0.50
1, 10, 11, 27, 15, 0.50
1, 10, 14, 27, 27, 0.50
1, 11, 12, 27, 21, 0.50
1, 11, 15, 27, 25, 0.50
1, 12, 16, 27, 6, 0.50
1, 13, 14, 27, 12, 0.50
1, 14, 15, 27, 15, 0.50
1, 15, 16, 27, 23, 0.50
1, 1, 2, 28, 6, 0.50
1, 1, 5, 28, 16, 0.50
1, 2, 3, 28, 5, 0.50
1, 2, 6, 28, 27, 0.50
1, 3, 4, 28, 17, 0.50
1, 3, 7, 28, 22, 0.50
1, 4, 8, 28, 16, 0.50
1, 5, 6, 28, 2, 0.50
1, 5, 9, 28, 10, 0.50
1, 6, 7, 28, 13, 0.50
1, 6, 10, 28, 8, 0.50
1, 7, 8, 28, 2, 0.50
1, 7, 11, 28, 24, 0.50
1, 8, 12, 28, 18, 0.50
1, 9, 10, 28, 2, 0.50
1, 9, 13, 28, 12, 0.50
1, 10, 11, 28, 13, 0.50
1, 10, 14, 28, 13, 0.50
1, 11, 12, 28, 13, 0.50
1, 11, 15, 28, 27, 0.50
1, 12, 16, 28, 15, 0.50
1, 13, 14, 28, 25, 0.50
1, 14, 15, 28, 17, 0.50
1, 15, 16, 28, 13, 0.50
1, 1, 2, 29, 7, 0.50
1, 1, 5, 29, 14, 0.50
1, 2, 3, 29, 3, 0.50
1, 2, 6, 29, 28, 0.50
1, 3, 4, 29, 7, 0.50
1, 3, 7, 29, 13, 0.50
1, 4, 8, 29, 6, 0.50
1, 5, 6, 29, 11, 0.50
1, 5, 9, 29, 5, 0.50
1, 6, 7, 29, 18, 0.50
1, 6, 10, 29, 28, 0.50
1, 7, 8, 29, 10, 0.50
1, 7, 11, 29, 18, 0.50
1, 8, 12, 29, 18, 0.50
1, 9, 10, 29, 10, 0.50
1, 9, 13, 29, 16, 0.50
1, 10, 11, 29, 6, 0.50
1, 10, 14, 29, 11, 0.50
1, 11, 12, 29, 7, 0.50
1, 11, 15, 29, 7, 0.50
1, 12, 16, 29, 14, 0.50
1, 13, 14, 29, 12, 0.50
1, 14, 15, 29, 4, 0.50
1, 15, 16, 29, 7, 0.50
1, 1, 2, 30, 9, 0.50
1, 1, 5, 30, 26, 0.50
1, 2, 3, 30, 4, 0.50
1, 2, 6, 30, 5, 0.50
1, 3, 4, 30, 18, 0.50
1, 3, 7, 30, 3, 0.50
1, 4, 8, 30, 1, 0.50
1, 5, 6, 30, 27, 0.50
1, 5, 9, 30, 5, 0.50
1, 6, 7, 30, 21, 0.50
1, 6, 10, 30, 16, 0.50
1, 7, 8, 30, 29, 0.50
1, 7, 11, 30, 18, 0.50
1, 8, 12, 30, 19, 0.50
1, 9, 10, 30, 26, 0.50
1, 9, 13, 30, 2, 0.50
1, 10, 11, 30, 11, 0.50
1, 10, 14, 30, 22, 0.50
1, 11, 12, 30, 9, 0.50
1, 11, 15, 30, 25, 0.50
1, 12, 16, 30, 9, 0.50
1, 13, 14, 30, 11, 0.50
1, 14, 15, 30, 10, 0.50
1, 15, 16, 30, 13, 0.50
1, 1, 2, 31, 4, 0.50
1, 1, 5, 31, 21, 0.50
1, 2, 3, 31, 24, 0.50
1, 2, 6, 31, 17, 0.50
1, 3, 4, 31, 11, 0.50
1, 3, 7, 31, 16, 0.50
1, 4, 8, 31, 20, 0.50
1, 5, 6, 31, 25, 0.50
1, 5, 9, 31, 16, 0.50
1, 6, 7, 31, 4, 0.50
1, 6, 10, 31, 15, 0.50
1, 7, 8, 31, 11, 0.50
1, 7, 11, 31, 16, 0.50
1, 8, 12, 31, 19, 0.50
1, 9, 10, 31, 13, 0.50
1, 9, 13, 31, 29, 0.50
1, 10, 11, 31, 27, 0.50
1, 10, 14, 31, 4, 0.50
1, 11, 12, 31, 3, 0.50
1, 11, 15, 31, 3, 0.50
1, 12, 16, 31, 3, 0.50
1, 13, 14, 31, 4, 0.50
1, 14, 15, 31, 1, 0.50
1, 15, 16, 31, 26, 0.50
1, 1, 2, 32, 13, 0.50
1, 1, 5, 32, 13, 0.50
1, 2, 3, 32, 10, 0.50
1, 2, 6, 32, 2, 0.50
1, 3, 4, 32, 27, 0.50
1, 3, 7, 32, 6, 0.50
1, 4, 8, 32, 27, 0.50
1, 5, 6, 32, 12, 0.50
1, 5, 9, 32, 18, 0.50
1, 6, 7, 32, 5, 0.50
1, 6, 10, 32, 6, 0.50
1, 7, 8, 32, 9, 0.50
1, 7, 11, 32, 18, 0.50
1, 8, 12, 32, 16, 0.50
1, 9, 10, 32, 16, 0.50
1, 9, 13, 32, 4, 0.50
1, 10, 11, 32, 18, 0.50
1, 10, 14, 32, 18, 0.50
1, 11, 12, 32, 19, 0.50
1, 11, 15, 32, 13, 0.50
1, 12, 16, 32, 26, 0.50
1, 13, 14, 32, 2, 0.50
1, 14, 15, 32, 21, 0.50
1, 15, 16, 32, 7, 0.50
1, 1, 2, 33, 21, 0.50
1, 1, 5, 33, 14, 0.50
1, 2, 3, 33, 14, 0.50
1, 2, 6, 33, 16, 0.50
1, 3, 4, 33, 13, 0.50
1, 3, 7, 33, 12, 0.50
1, 4, 8, 33, 19, 0.50
1, 5, 6, 33, 11, 0.50
1, 5, 9, 33, 27, 0.50
1, 6, 7, 33, 1, 0.50
1, 6, 10, 33, 23, 0.50
1, 7, 8, 33, 16, 0.50
1, 7, 11, 33, 24, 0.50
1, 8, 12, 33, 8, 0.50
1, 9, 10, 33, 6, 0.50
1, 9, 13, 33, 9, 0.50
1, 10, 11, 33, 15, 0.50
1, 10, 14, 33, 17, 0.50
1, 11, 12, 33, 17, 0.50
1, 11, 15, 33, 22, 0.50
1, 12, 16, 33, 29, 0.50
1, 13, 14, 33, 17, 0.50
1, 14, 15, 33, 26, 0.50
1, 15, 16, 33, 16, 0.50
1, 1, 2, 34, 5, 0.50
1, 1, 5, 34, 10, 0.50
1, 2, 3, 34, 24, 0.50
1, 2, 6, 34, 5, 0.50
1, 3, 4, 34, 10, 0.50
1, 3, 7, 34, 22, 0.50
1, 4, 8, 34, 17, 0.50
1, 5, 6, 34, 21, 0.50
1, 5, 9, 34, 19, 0.50
1, 6, 7, 34, 28, 0.50
1, 6, 10, 34, 26, 0.50
1, 7, 8, 34, 18, 0.50
1, 7, 11, 34, 11, 0.50
1, 8, 12, 34, 23, 0.50
1, 9, 10, 34, 8, 0.50
1, 9, 13, 34, 26, 0.50
1, 10, 11, 34, 3, 0.50
1, 10, 14, 34, 23, 0.50
1, 11, 12, 34, 5, 0.50
1, 11, 15, 34, 22, 0.50
1, 12, 16, 34, 4, 0.50
1, 13, 14, 34, 4, 0.50
1, 14, 15, 34, 5, 0.50
1, 15, 16, 34, 7, 0.50
1, 1, 2, 35, 19, 0.50
1, 1, 5, 35, 16, 0.50
1, 2, 3, 35, 16, 0.50
1, 2, 6, 35, 4, 0.50
1, 3, 4, 35, 25, 0.50
1, 3, 7, 35, 24, 0.50
1, 4, 8, 35, 20, 0.50
1, 5, 6, 35, 10, 0.50
1, 5, 9, 35, 13, 0.50
1, 6, 7, 35, 23, 0.50
1, 6, 10, 35, 28, 0.50
1, 7, 8, 35, 9, 0.50
1, 7, 11, 35, 2, 0.50
1, 8, 12, 35, 27, 0.50
1, 9, 10, 35, 7, 0.50
1, 9, 13, 35, 2, 0.50
1, 10, 11, 35, 22, 0.50
1, 10, 14, 35, 23, 0.50
1, 11, 12, 35, 29, 0.50
1, 11, 15, 35, 17, 0.50
1, 12, 16, 35, 7, 0.50
1, 13, 14, 35, 10, 0.50
1, 14, 15, 35, 21, 0.50
1, 15, 16, 35, 16, 0.50
1, 1, 2, 36, 11, 0.50
1, 1, 5, 36, 2, 0.50
1, 2, 3, 36, 2, 0.50
1, 2, 6, 36, 2, 0.50
1, 3, 4, 36, 24, 0.50
1, 3, 7, 36, 6, 0.50
1, 4, 8, 36, 7, 0.50
1, 5, 6, 36, 19, 0.50
1, 5, 9, 36, 28, 0.50
1, 6, 7, 36, 25, 0.50
1, 6, 10, 36, 5, 0.50
1, 7, 8, 36, 4, 0.50
1, 7, 11, 36, 6, 0.50
1, 8, 12, 36, 18, 0.50
1, 9, 10, 36, 3, 0.50
1, 9, 13, 36, 12, 0.50
1, 10, 11, 36, 28, 0.50
1, 10, 14, 36, 6, 0.50
1, 11, 12, 36, 11, 0.50
1, 11, 15, 36, 17, 0.50
1, 12, 16, 36, 28, 0.50
1, 13, 14, 36, 7, 0.50
1, 14, 15, 36, 27, 0.50
1, 15, 16, 36, 5, 0.50
1, 1, 2, 37, 11, 0.50
1, 1, 5, 37, 17, 0.50
1, 2, 3, 37, 18, 0.50
1, 2, 6, 37, 13, 0.50
1, 3, 4, 37, 4, 0.50
1, 3, 7, 37, 9, 0.50
1, 4, 8, 37, 3, 0.50
1, 5, 6, 37, 2, 0.50
1, 5, 9, 37, 3, 0.50
1, 6, 7, 37, 4, 0.50
1, 6, 10, 37, 7, 0.50
1, 7, 8, 37, 5, 0.50
1, 7, 11, 37, 23, 0.50
1, 8, 12, 37, 12, 0.50
1, 9, 10, 37, 4, 0.50
1, 9, 13, 37, 6, 0.50
1, 10, 11, 37, 19, 0.50
1, 10, 14, 37, 12, 0.50
1, 11, 12, 37, 13, 0.50
1, 11, 15, 37, 18, 0.50
1, 12, 16, 37, 25, 0.50
1, 13, 14, 37, 29, 0.50
1, 14, 15, 37, 28, 0.50
1, 15, 16, 37, 19, 0.50
1, 1, 2, 38, 10, 0.50
1, 1, 5, 38, 28, 0.50
1, 2, 3, 38, 12, 0.50
1, 2, 6, 38, 29, 0.50
1, 3, 4, 38, 19, 0.50
1, 3, 7, 38, 16, 0.50
1, 4, 8, 38, 9, 0.50
1, 5, 6, 38, 6, 0.50
1, 5, 9, 38, 21, 0.50
1, 6, 7, 38, 10, 0.50
1, 6, 10, 38, 3, 0.50
1, 7, 8, 38, 4, 0.50
1, 7, 11, 38, 19, 0.50
1, 8, 12, 38, 3, 0.50
1, 9, 10, 38, 8, 0.50
1, 9, 13, 38, 22, 0.50
1, 10, 11, 38, 6, 0.50
1, 10, 14, 38, 5, 0.50
1, 11, 12, 38, 20, 0.50
1, 11, 15, 38, 18, 0.50
1, 12, 16, 38, 16, 0.50
1, 13, 14, 38, 28, 0.50
1, 14, 15, 38, 2, 0.50
1, 15, 16, 38, 8, 0.50
1, 1, 2, 39, 24, 0.50
1, 1, 5, 39, 15, 0.50
1, 2, 3, 39, 20, 0.50
1, 2, 6, 39, 10, 0.50
1, 3, 4, 39, 6, 0.50
1, 3, 7, 39, 8, 0.50
1, 4, 8, 39, 3, 0.50
1, 5, 6, 39, 14, 0.50
1, 5, 9, 39, 27, 0.50
1, 6, 7, 39, 27, 0.50
1, 6, 10, 39, 25, 0.50
1, 7, 8, 39, 10, 0.50
1, 7, 11, 39, 23, 0.50
1, 8, 12, 39, 27, 0.50
1, 9, 10, 39, 19, 0.50
1, 9, 13, 39, 14, 0.50
1, 10, 11, 39, 6, 0.50
1, 10, 14, 39, 16, 0.50
1, 11, 12, 39, 7, 0.50
1, 11, 15, 39, 17, 0.50
1, 12, 16, 39, 15, 0.50
1, 13, 14, 39, 18, 0.50
1, 14, 15, 39, 22, 0.50
1, 15, 16, 39, 2, 0.50
1, 1, 2, 40, 19, 0.50
1, 1, 5, 40, 5, 0.50
1, 2, 3, 40, 5, 0.50
1, 2, 6, 40, 7, 0.50
1, 3, 4, 40, 27, 0.50
1, 3, 7, 40, 8, 0.50
1, 4, 8, 40, 4, 0.50
1, 5, 6, 40, 2, 0.50
1, 5, 9, 40, 13, 0.50
1, 6, 7, 40, 1, 0.50
1, 6, 10, 40, 14, 0.50
1, 7, 8, 40, 2, 0.50
1, 7, 11, 40, 21, 0.50
1, 8, 12, 40, 18, 0.50
1, 9, 10, 40, 16, 0.50
1, 9, 13, 40, 3, 0.50
1, 10, 11, 40, 12, 0.50
1, 10, 14, 40, 29, 0.50
1, 11, 12, 40, 2, 0.50
1, 11, 15, 40, 18, 0.50
1, 12, 16, 40, 13, 0.50
1, 13, 14, 40, 14, 0.50
1, 14, 15, 40, 18, 0.50
1, 15, 16, 40, 6, 0.50
1, 1, 2, 41, 13, 0.50
1, 1, 5, 41, 20, 0.50
1, 2, 3, 41, 4, 0.50
1, 2, 6, 41, 8, 0.50
1, 3, 4, 41, 2, 0.50
1, 3, 7, 41, 8, 0.50
1, 4, 8, 41, 24, 0.50
1, 5, 6, 41, 13, 0.50
1, 5, 9, 41, 11, 0.50
1, 6, 7, 41, 17, 0.50
1, 6, 10, 41, 12, 0.50
1, 7, 8, 41, 14, 0.50
1, 7, 11, 41, 21, 0.50
1, 8, 12, 41, 15, 0.50
1, 9, 10, 41, 4, 0.50
1, 9, 13, 41, 2, 0.50
1, 10, 11, 41, 13, 0.50
1, 10, 14, 41, 26, 0.50
1, 11, 12, 41, 27, 0.50
1, 11, 15, 41, 13, 0.50
1, 12, 16, 41, 13, 0.50
1, 13, 14, 41, 8, 0.50
1, 14, 15, 41, 14, 0.50
1, 15, 16, 41, 25, 0.50
1, 1, 2, 42, 16, 0.50
1, 1, 5, 42, 6, 0.50
1, 2, 3, 42, 29, 0.50
1, 2, 6, 42, 28, 0.50
1, 3, 4, 42, 23, 0.50
1, 3, 7, 42, 6, 0.50
1, 4, 8, 42, 27, 0.50
1, 5, 6, 42, 6, 0.50
1, 5, 9, 42, 21, 0.50
1, 6, 7, 42, 21, 0.50
1, 6, 10, 42, 24, 0.50
1, 7, 8, 42, 21, 0.50
1, 7, 11, 42, 15, 0.50
1, 8, 12, 42, 16, 0.50
1, 9, 10, 42, 11, 0.50
1, 9, 13, 42, 5, 0.50
1, 10, 11, 42, 27, 0.50
1, 10, 14, 42, 14, 0.50
1, 11, 12, 42, 19, 0.50
1, 11, 15, 42, 16, 0.50
1, 12, 16, 42, 23, 0.50
1, 13, 14, 42, 22, 0.50
1, 14, 15, 42, 11, 0.50
1, 15, 16, 42, 6, 0.50
1, 1, 2, 43, 7, 0.50
1, 1, 5, 43, 27, 0.50
1, 2, 3, 43, 18, 0.50
1, 2, 6, 43, 17, 0.50
1, 3, 4, 43, 14, 0.50
1, 3, 7, 43, 25, 0.50
1, 4, 8, 43, 25, 0.50
1, 5, 6, 43, 11, 0.50
1, 5, 9, 43, 9, 0.50
1, 6, 7, 43, 17, 0.50
1, 6, 10, 43, 1, 0.50
1, 7, 8, 43, 16, 0.50
1, 7, 11, 43, 21, 0.50
1, 8, 12, 43, 20, 0.50
1, 9, 10, 43, 20, 0.50
1, 9, 13, 43, 23, 0.50
1, 10, 11, 43, 10, 0.50
1, 10, 14, 43, 1, 0.50
1, 11, 12, 43, 5, 0.50
1, 11, 15, 43, 11, 0.50
1, 12, 16, 43, 18, 0.50
1, 13, 14, 43, 9, 0.50
1, 14, 15, 43, 23, 0.50
1, 15, 16, 43, 6, 0.50
1, 1, 2, 44, 1, 0.50
1, 1, 5, 44, 22, 0.50
1, 2, 3, 44, 10, 0.50
1, 2, 6, 44, 25, 0.50
1, 3, 4, 44, 3, 0.50
1, 3, 7, 44, 9, 0.50
1, 4, 8, 44, 7, 0.50
1, 5, 6, 44, 5, 0.50
1, 5, 9, 44, 22, 0.50
1, 6, 7, 44, 2, 0.50
1, 6, 10, 44, 17, 0.50
1, 7, 8, 44, 17, 0.50
1, 7, 11, 44, 18, 0.50
1, 8, 12, 44, 11, 0.50
1, 9, 10, 44, 5, 0.50
1, 9, 13, 44, 5, 0.50
1, 10, 11, 44, 8, 0.50
1, 10, 14, 44, 22, 0.50
1, 11, 12, 44, 17, 0.50
1, 11, 15, 44, 13, 0.50
1, 12, 16, 44, 25, 0.50
1, 13, 14, 44, 2, 0.50
1, 14, 15, 44, 9, 0.50
1, 15, 16, 44, 2, 0.50
1, 1, 2, 45, 9, 0.50
1, 1, 5, 45, 8, 0.50
1, 2, 3, 45, 24, 0.50
1, 2, 6, 45, 7, 0.50
1, 3, 4, 45, 7, 0.50
1, 3, 7, 45, 12, 0.50
1, 4, 8, 45, 21, 0.50
1, 5, 6, 45, 23, 0.50
1, 5, 9, 45, 23, 0.50
1, 6, 7, 45, 5, 0.50
1, 6, 10, 45, 16, 0.50
1, 7, 8, 45, 5, 0.50
1, 7, 11, 45, 9, 0.50
1, 8, 12, 45, 17, 0.50
1, 9, 10, 45, 18, 0.50
1, 9, 13, 45, 22, 0.50
1, 10, 11, 45, 4, 0.50
1, 10, 14, 45, 26, 0.50
1, 11, 12, 45, 16, 0.50
1, 11, 15, 45, 13, 0.50
1, 12, 16, 45, 16, 0.50
1, 13, 14, 45, 22, 0.50
1, 14, 15, 45, 25, 0.50
1, 15, 16, 45, 10, 0.50
1, 1, 2, 46, 26, 0.50
1, 1, 5, 46, 2, 0.50
1, 2, 3, 46, 14, 0.50
1, 2, 6, 46, 22, 0.50
1, 3, 4, 46, 8, 0.50
1, 3, 7, 46, 20, 0.50
1, 4, 8, 46, 24, 0.50
1, 5, 6, 46, 28, 0.50
1, 5, 9, 46, 13, 0.50
1, 6, 7, 46, 4, 0.50
1, 6, 10, 46, 2, 0.50
1, 7, 8, 46, 2, 0.50
1, 7, 11, 46, 23, 0.50
1, 8, 12, 46, 10, 0.50
1, 9, 10, 46, 18, 0.50
1, 9, 13, 46, 20, 0.50
1, 10, 11, 46, 6, 0.50
1, 10, 14, 46, 5, 0.50
1, 11, 12, 46, 2, 0.50
1, 11, 15, 46, 23, 0.50
1, 12, 16, 46, 10, 0.50
1, 13, 14, 46, 14, 0.50
1, 14, 15, 46, 23, 0.50
1, 15, 16, 46, 13, 0.50
1, 1, 2, 47, 3, 0.50
1, 1, 5, 47, 3, 0.50
1, 2, 3, 47, 9, 0.50
1, 2, 6, 47, 5, 0.50
1, 3, 4, 47, 14, 0.50
1, 3, 7, 47, 11, 0.50
1, 4, 8, 47, 12, 0.50
1, 5, 6, 47, 11, 0.50
1, 5, 9, 47, 23, 0.50
1, 6, 7, 47, 3, 0.50
1, 6, 10, 47, 8, 0.50
1, 7, 8, 47, 12, 0.50
1, 7, 11, 47, 8, 0.50
1, 8, 12, 47, 23, 0.50
1, 9, 10, 47, 17, 0.50
1, 9, 13, 47, 24, 0.50
1, 10, 11, 47, 3, 0.50
1, 10, 14, 47, 8, 0.50
1, 11, 12, 47, 9, 0.50
1, 11, 15, 47, 5, 0.50
1, 12, 16, 47, 26, 0.50
1, 13, 14, 47, 17, 0.50
1, 14, 15, 47, 22, 0.50
1, 15, 16, 47, 1, 0.50
1, 1, 2, 48, 28, 0.50
1, 1, 5, 48, 14, 0.50
1, 2, 3, 48, 14, 0.50
1, 2, 6, 48, 1, 0.50
1, 3, 4, 48, 11, 0.50
1, 3, 7, 48, 23, 0.50
1, 4, 8, 48, 28, 0.50
1, 5, 6, 48, 16, 0.50
1, 5, 9, 48, 28, 0.50
1, 6, 7, 48, 3, 0.50
1, 6, 10, 48, 6, 0.50
1, 7, 8, 48, 28, 0.50
1, 7, 11, 48, 27, 0.50
1, 8, 12, 48, 27, 0.50
1, 9, 10, 48, 12, 0.50
1, 9, 13, 48, 22, 0.50
1, 10, 11, 48, 10, 0.50
1, 10, 14, 48, 5, 0.50
1, 11, 12, 48, 3, 0.50
1, 11, 15, 48, 29, 0.50
1, 12, 16, 48, 12, 0.50
1, 13, 14, 48, 24, 0.50
1, 14, 15, 48, 14, 0.50
1, 15, 16, 48, 4, 0.50
1, 1, 2, 49, 23, 0.50
1, 1, 5, 49, 9, 0.50
1, 2, 3, 49, 10, 0.50
1, 2, 6, 49, 10, 0.50
1, 3, 4, 49, 2, 0.50
1, 3, 7, 49, 22, 0.50
1, 4, 8, 49, 21, 0.50
1, 5, 6, 49, 7, 0.50
1, 5, 9, 49, 13, 0.50
1, 6, 7, 49, 10, 0.50
1, 6, 10, 49, 7, 0.50
1, 7, 8, 49, 14, 0.50
1, 7, 11, 49, 12, 0.50
1, 8, 12, 49, 4, 0.50
1, 9, 10, 49, 8, 0.50
1, 9, 13, 49, 27, 0.50
1, 10, 11, 49, 3, 0.50
1, 10, 14, 49, 7, 0.50
1, 11, 12, 49, 18, 0.50
1, 11, 15, 49, 13, 0.50
1, 12, 16, 49, 9, 0.50
1, 13, 14, 49, 25, 0.50
1, 14, 15, 49, 27, 0.50
1, 15, 16, 49, 15, 0.50
1, 1, 2, 50, 12, 0.50
1, 1, 5, 50, 1, 0.50
1, 2, 3, 50, 9, 0.50
1, 2, 6, 50, 14, 0.50
1, 3, 4, 50, 5, 0.50
1, 3, 7, 50, 16, 0.50
1, 4, 8, 50, 9, 0.50
1, 5, 6, 50, 13, 0.50
1, 5, 9, 50, 12, 0.50
1, 6, 7, 50, 8, 0.50
1, 6, 10, 50, 17, 0.50
1, 7, 8, 50, 24, 0.50
1, 7, 11, 50, 26, 0.50
1, 8, 12, 50, 13, 0.50
1, 9, 10, 50, 23, 0.50
1, 9, 13, 50, 19, 0.50
1, 10, 11, 50, 11, 0.50
1, 10, 14, 50, 26, 0.50
1, 11, 12, 50, 20, 0.50
1, 11, 15, 50, 13, 0.50
1, 12, 16, 50, 23, 0.50
1, 13, 14, 50, 29, 0.50
1, 14, 15, 50, 16, 0.50
1, 15, 16, 50, 8, 0.50
1, 1, 2, 51, 9, 0.50
1, 1, 5, 51, 27, 0.50
1, 2, 3, 51, 26, 0.50
1, 2, 6, 51, 11, 0.50
1, 3, 4, 51, 7, 0.50
1, 3, 7, 51, 17, 0.50
1, 4, 8, 51, 4, 0.50
1, 5, 6, 51, 13, 0.50
1, 5, 9, 51, 9, 0.50
1, 6, 7, 51, 28, 0.50
1, 6, 10, 51, 2, 0.50
1, 7, 8, 51, 24, 0.50
1, 7, 11, 51, 8, 0.50
1, 8, 12, 51, 8, 0.50
1, 9, 10, 51, 4, 0.50
1, 9, 13, 51, 23, 0.50
1, 10, 11, 51, 16, 0.50
1, 10, 14, 51, 15, 0.50
1, 11, 12, 51, 10, 0.50
1, 11, 15, 51, 10, 0.50
1, 12, 16, 51, 7, 0.50
1, 13, 14, 51, 27, 0.50
1, 14, 15, 51, 5, 0.50
1, 15, 16, 51, 25, 0.50
1, 1, 2, 52, 19, 0.50
1, 1, 5, 52, 13, 0.50
1, 2, 3, 52, 12, 0.50
1, 2, 6, 52, 26, 0.50
1, 3, 4, 52, 7, 0.50
1, 3, 7, 52, 18, 0.50
1, 4, 8, 52, 11, 0.50
1, 5, 6, 52, 24, 0.50
1, 5, 9, 52, 27, 0.50
1, 6, 7, 52, 8, 0.50
1, 6, 10, 52, 10, 0.50
1, 7, 8, 52, 12, 0.50
1, 7, 11, 52, 24, 0.50
1, 8, 12, 52, 23, 0.50
1, 9, 10, 52, 6, 0.50
1, 9, 13, 52, 4, 0.50
1, 10, 11, 52, 4, 0.50
1, 10, 14, 52, 1, 0.50
1, 11, 12, 52, 27, 0.50
1, 11, 15, 52, 15, 0.50
1, 12, 16, 52, 24, 0.50
1, 13, 14, 52, 17, 0.50
1, 14, 15, 52, 23, 0.50
1, 15, 16, 52, 21, 0.50
1, 1, 2, 53, 28, 0.50
1, 1, 5, 53, 2, 0.50
1, 2, 3, 53, 14, 0.50
1, 2, 6, 53, 18, 0.50
1, 3, 4, 53, 16, 0.50
1, 3, 7, 53, 9, 0.50
1, 4, 8, 53, 7, 0.50
1, 5, 6, 53, 9, 0.50
1, 5, 9, 53, 18, 0.50
1, 6, 7, 53, 27, 0.50
1, 6, 10, 53, 3, 0.50
1, 7, 8, 53, 28, 0.50
1, 7, 11, 53, 4, 0.50
1, 8, 12, 53, 9, 0.50
1, 9, 10, 53, 7, 0.50
1, 9, 13, 53, 23, 0.50
1, 10, 11, 53, 27, 0.50
1, 10, 14, 53, 7, 0.50
1, 11, 12, 53, 11, 0.50
1, 11, 15, 53, 6, 0.50
1, 12, 16, 53, 25, 0.50
1, 13, 14, 53, 2, 0.50
1, 14, 15, 53, 26, 0.50
1, 15, 16, 53, 5, 0.50
1, 1, 2, 54, 26, 0.50
1, 1, 5, 54, 7, 0.50
1, 2, 3, 54, 29, 0.50
1, 2, 6, 54, 25, 0.50
1, 3, 4, 54, 13, 0.50
1, 3, 7, 54, 16, 0.50
1, 4, 8, 54, 10, 0.50
1, 5, 6, 54, 19, 0.50
1, 5, 9, 54, 9, 0.50
1, 6, 7, 54, 7, 0.50
1, 6, 10, 54, 14, 0.50
1, 7, 8, 54, 25, 0.50
1, 7, 11, 54, 15, 0.50
1, 8, 12, 54, 24, 0.50
1, 9, 10, 54, 3, 0.50
1, 9, 13, 54, 13, 0.50
1, 10, 11, 54, 29, 0.50
1, 10, 14, 54, 5, 0.50
1, 11, 12, 54, 4, 0.50
1, 11, 15, 54, 10, 0.50
1, 12, 16, 54, 28, 0.50
1, 13, 14, 54, 17, 0.50
1, 14, 15, 54, 10, 0.50
1, 15, 16, 54, 25, 0.50
1, 1, 2, 55, 9, 0.50
1, 1, 5, 55, 19, 0.50
1, 2, 3, 55, 10, 0.50
1, 2, 6, 55, 16, 0.50
1, 3, 4, 55, 2, 0.50
1, 3, 7, 55, 9, 0.50
1, 4, 8, 55, 21, 0.50
1, 5, 6, 55, 16, 0.50
1, 5, 9, 55, 6, 0.50
1, 6, 7, 55, 24, 0.50
1, 6, 10, 55, 24, 0.50
1, 7, 8, 55, 27, 0.50
1, 7, 11, 55, 2, 0.50
1, 8, 12, 55, 15, 0.50
1, 9, 10, 55, 27, 0.50
1, 9, 13, 55, 11, 0.50
1, 10, 11, 55, 21, 0.50
1, 10, 14, 55, 12, 0.50
1, 11, 12, 55, 4, 0.50
1, 11, 15, 55, 10, 0.50
1, 12, 16, 55, 4, 0.50
1, 13, 14, 55, 26, 0.50
1, 14, 15, 55, 18, 0.50
1, 15, 16, 55, 22, 0.50
1, 1, 2, 56, 28, 0.50
1, 1, 5, 56, 20, 0.50
1, 2, 3, 56, 19, 0.50
1, 2, 6, 56, 29, 0.50
1, 3, 4, 56, 20, 0.50
1, 3, 7, 56, 14, 0.50
1, 4, 8, 56, 4, 0.50
1, 5, 6, 56, 4, 0.50
1, 5, 9, 56, 12, 0.50
1, 6, 7, 56, 29, 0.50
1, 6, 10, 56, 17, 0.50
1, 7, 8, 56, 17, 0.50
1, 7, 11, 56, 26, 0.50
1, 8, 12, 56, 7, 0.50
1, 9, 10, 56, 15, 0.50
1, 9, 13, 56, 27, 0.50
1, 10, 11, 56, 25, 0.50
1, 10, 14, 56, 15, 0.50
1, 11, 12, 56, 18, 0.50
1, 11, 15, 56, 28, 0.50
1, 12, 16, 56, 13, 0.50
1, 13, 14, 56, 23, 0.50
1, 14, 15, 56, 7, 0.50
1, 15, 16, 56, 6, 0.50
1, 1, 2, 57, 11, 0.50
1, 1, 5, 57, 17, 0.50
1, 2, 3, 57, 20, 0.50
1, 2, 6, 57, 6, 0.50
1, 3, 4, 57, 3, 0.50
1, 3, 7, 57, 14, 0.50
1, 4, 8, 57, 14, 0.50
1, 5, 6, 57, 2, 0.50
1, 5, 9, 57, 6, 0.50
1, 6, 7, 57, 3, 0.50
1, 6, 10, 57, 28, 0.50
1, 7, 8, 57, 4, 0.50
1, 7, 11, 57, 21, 0.50
1, 8, 12, 57, 27, 0.50
1, 9, 10, 57, 18, 0.50
1, 9, 13, 57, 22, 0.50
1, 10, 11, 57, 23, 0.50
1, 10, 14, 57, 27, 0.50
1, 11, 12, 57, 10, 0.50
1, 11, 15, 57, 21, 0.50
1, 12, 16, 57, 17, 0.50
1, 13, 14, 57, 28, 0.50
1, 14, 15, 57, 7, 0.50
1, 15, 16, 57, 14, 0.50
1, 1, 2, 58, 23, 0.50
1, 1, 5, 58, 2, 0.50
1, 2, 3, 58, 28, 0.50
1, 2, 6, 58, 15, 0.50
1, 3, 4, 58, 6, 0.50
1, 3, 7, 58, 27, 0.50
1, 4, 8, 58, 29, 0.50
1, 5, 6, 58, 8, 0.50
1, 5, 9, 58, 11, 0.50
1, 6, 7, 58, 24, 0.50
1, 6, 10, 58, 14, 0.50
1, 7, 8, 58, 15, 0.50
1, 7, 11, 58, 2, 0.50
1, 8, 12, 58, 23, 0.50
1, 9, 10, 58, 11, 0.50
1, 9, 13, 58, 12, 0.50
1, 10, 11, 58, 9, 0.50
1, 10, 14, 58, 8, 0.50
1, 11, 12, 58, 16, 0.50
1, 11, 15, 58, 20, 0.50
1, 12, 16, 58, 28, 0.50
1, 13, 14, 58, 17, 0.50
1, 14, 15, 58, 23, 0.50
1, 15, 16, 58, 10, 0.50
1, 1, 2, 59, 28, 0.50
1, 1, 5, 59, 9, 0.50
1, 2, 3, 59, 28, 0.50
1, 2, 6, 59, 11, 0.50
1, 3, 4, 59, 15, 0.50
1, 3, 7, 59, 13, 0.50
1, 4, 8, 59, 9, 0.50
1, 5, 6, 59, 19, 0.50
1, 5, 9, 59, 24, 0.50
1, 6, 7, 59, 24, 0.50
1, 6, 10, 59, 10, 0.50
1, 7, 8, 59, 10, 0.50
1, 7, 11, 59, 25, 0.50
1, 8, 12, 59, 25, 0.50
1, 9, 10, 59, 24, 0.50
1, 9, 13, 59, 25, 0.50
1, 10, 11, 59, 12, 0.50
1, 10, 14, 59, 18, 0.50
1, 11, 12, 59, 15, 0.50
1, 11, 15, 59, 9, 0.50
1, 12, 16, 59, 9, 0.50
1, 13, 14, 59, 24, 0.50
1, 14, 15, 59, 15, 0.50
1, 15, 16, 59, 26, 0.50
1, 1, 2, 60, 8, 0.50
1, 1, 5, 60, 22, 0.50
1, 2, 3, 60, 8, 0.50
1, 2, 6, 60, 24, 0.50
1, 3, 4, 60, 16, 0.50
1, 3, 7, 60, 20, 0.50
1, 4, 8, 60, 11, 0.50
1, 5, 6, 60, 19, 0.50
1, 5, 9, 60, 4, 0.50
1, 6, 7, 60, 6, 0.50
1, 6, 10, 60, 9, 0.50
1, 7, 8, 60, 5, 0.50
1, 7, 11, 60, 6, 0.50
1, 8, 12, 60, 7, 0.50
1, 9, 10, 60, 12, 0.50
1, 9, 13, 60, 15, 0.50
1, 10, 11, 60, 4, 0.50
1, 10, 14, 60, 12, 0.50
1, 11, 12, 60, 11, 0.50
1, 11, 15, 60, 15, 0.50
1, 12, 16, 60, 20, 0.50
1, 13, 14, 60, 7, 0.50
1, 14, 15, 60, 7, 0.50
1, 15, 16, 60, 8, 0.50
1, 1, 2, 61, 19, 0.50
1, 1, 5, 61, 2, 0.50
1, 2, 3, 61, 6, 0.50
1, 2, 6, 61, 6, 0.50
1, 3, 4, 61, 25, 0.50
1, 3, 7, 61, 26, 0.50
1, 4, 8, 61, 1, 0.50
1, 5, 6, 61, 8, 0.50
1, 5, 9, 61, 27, 0.50
1, 6, 7, 61, 18, 0.50
1, 6, 10, 61, 11, 0.50
1, 7, 8, 61, 1, 0.50
1, 7, 11, 61, 3, 0.50
1, 8, 12, 61, 17, 0.50
1, 9, 10, 61, 8, 0.50
1, 9, 13, 61, 22, 0.50
1, 10, 11, 61, 25, 0.50
1, 10, 14, 61, 4, 0.50
1, 11, 12, 61, 1, 0.50
1, 11, 15, 61, 27, 0.50
1, 12, 16, 61, 11, 0.50
1, 13, 14, 61, 28, 0.50
1, 14, 15, 61, 11, 0.50
1, 15, 16, 61, 28, 0.50
1, 1, 2, 62, 22, 0.50
1, 1, 5, 62, 22, 0.50
1, 2, 3, 62, 13, 0.50
1, 2, 6, 62, 6, 0.50
1, 3, 4, 62, 26, 0.50
1, 3, 7, 62, 20, 0.50
1, 4, 8, 62, 6, 0.50
1, 5, 6, 62, 24, 0.50
1, 5, 9, 62, 7, 0.50
1, 6, 7, 62, 26, 0.50
1, 6, 10, 62, 2, 0.50
1, 7, 8, 62, 19, 0.50
1, 7, 11, 62, 14, 0.50
1, 8, 12, 62, 17, 0.50
1, 9, 10, 62, 8, 0.50
1, 9, 13, 62, 12, 0.50
1, 10, 11, 62, 21, 0.50
1, 10, 14, 62, 7, 0.50
1, 11, 12, 62, 4, 0.50
1, 12, 16, 62, 15, 0.50
1, 13, 14, 62, 19, 0.50
1, 14, 15, 62, 12, 0.50
1, 15, 16, 62, 13, 0.50
1, 1, 5, 63, 3, 0.50
1, 2, 3, 63, 10, 0.50
1, 2, 6, 63, 5, 0.50
1, 3, 4, 63, 18, 0.50
1, 3, 7, 63, 3, 0.50
1, 4, 8, 63, 6, 0.50
1, 5, 6, 63, 10, 0.50
1, 5, 9, 63, 23, 0.50
1, 6, 7, 63, 3, 0.50
1, 6, 10, 63, 16, 0.50
1, 7, 8, 63, 16, 0.50
1, 7, 11, 63, 12, 0.50
1, 8, 12, 63, 6, 0.50
1, 9, 10, 63, 4, 0.50
1, 9, 13, 63, 8, 0.50
1, 10, 11, 63, 17, 0.50
1, 10, 14, 63, 17, 0.50
1, 11, 12, 63, 25, 0.50
1, 11, 15, 63, 2, 0.50
1, 12, 16, 63, 20, 0.50
1, 13, 14, 63, 19, 0.50
1, 1, 2, 64, 10, 0.50
1, 1, 5, 64, 17, 0.50
1, 2, 3, 64, 2, 0.50
1, 2, 6, 64, 7, 0.50
1, 3, 7, 64, 14, 0.50
1, 4, 8, 64, 24, 0.50
1, 5, 9, 64, 3, 0.50
1, 6, 7, 64, 8, 0.50
1, 6, 10, 64, 5, 0.50
1, 7, 8, 64, 19, 0.50
1, 7, 11, 64, 13, 0.50
1, 9, 10, 64, 14, 0.50
1, 9, 13, 64, 17, 0.50
1, 10, 11, 64, 7, 0.50
1, 10, 14, 64, 22, 0.50
1, 11, 12, 64, 19, 0.50
1, 11, 15, 64, 24, 0.50
1, 12, 16, 64, 23, 0.50
1, 14, 15, 64, 9, 0.50
1, 15, 16, 64, 12, 0.50
1, 1, 2, 65, 18, 0.50
1, 1, 5, 65, 22, 0.50
1, 2, 3, 65, 13, 0.50
1, 2, 6, 65, 11, 0.50
1, 3, 4, 65, 14, 0.50
1, 3, 7, 65, 7, 0.50
1, 4, 8, 65, 24, 0.50
1, 5, 6, 65, 10, 0.50
1, 5, 9, 65, 11, 0.50
1, 6, 7, 65, 14, 0.50
1, 6, 10, 65, 19, 0.50
1, 7, 8, 65, 12, 0.50
1, 7, 11, 65, 16, 0.50
1, 9, 10, 65, 20, 0.50
1, 9, 13, 65, 9, 0.50
1, 10, 11, 65, 4, 0.50
1, 10, 14, 65, 12, 0.50
1, 11, 12, 65, 23, 0.50
1, 11, 15, 65, 9, 0.50
1, 13, 14, 65, 16, 0.50
1, 14, 15, 65, 12, 0.50
1, 15, 16, 65, 5, 0.50
1, 1, 2, 66, 13, 0.50
1, 1, 5, 66, 5, 0.50
1, 2, 3, 66, 7, 0.50
1, 2, 6, 66, 2, 0.50
1, 3, 4, 66, 9, 0.50
1, 3, 7, 66, 4, 0.50
1, 4, 8, 66, 11, 0.50
1, 5, 6, 66, 3, 0.50
1, 6, 7, 66, 17, 0.50
1, 6, 10, 66, 17, 0.50
1, 7, 8, 66, 12, 0.50
1, 7, 11, 66, 14, 0.50
1, 8, 12, 66, 4, 0.50
1, 9, 13, 66, 14, 0.50
1, 10, 11, 66, 23, 0.50
1, 10, 14, 66, 14, 0.50
1, 11, 15, 66, 18, 0.50
1, 12, 16, 66, 10, 0.50
1, 13, 14, 66, 8, 0.50
1, 1, 2, 67, 2, 0.50
1, 1, 5, 67, 4, 0.50
1, 4, 8, 67, 9, 0.50
1, 5, 6, 67, 12, 0.50
1, 5, 9, 67, 11, 0.50
1, 6, 7, 67, 14, 0.50
1, 7, 11, 67, 8, 0.50
1, 8, 12, 67, 3, 0.50
1, 9, 10, 67, 9, 0.50
1, 9, 13, 67, 8, 0.50
1, 10, 14, 67, 3, 0.50
1, 11, 15, 67, 12, 0.50
1, 12, 16, 67, 6, 0.50
1, 13, 14, 67, 21, 0.50
1, 14, 15, 67, 9, 0.50
1, 1, 2, 68, 18, 0.50
1, 1, 5, 68, 6, 0.50
1, 2, 6, 68, 2, 0.50
1, 3, 4, 68, 18, 0.50
1, 3, 7, 68, 9, 0.50
1, 4, 8, 68, 20, 0.50
1, 5, 6, 68, 6, 0.50
1, 5, 9, 68, 20, 0.50
1, 6, 7, 68, 21, 0.50
1, 6, 10, 68, 16, 0.50
1, 7, 8, 68, 20, 0.50
1, 8, 12, 68, 13, 0.50
1, 9, 10, 68, 18, 0.50
1, 9, 13, 68, 20, 0.50
1, 10, 11, 68, 10, 0.50
1, 10, 14, 68, 14, 0.50
1, 11, 12, 68, 10, 0.50
1, 11, 15, 68, 6, 0.50
1, 12, 16, 68, 18, 0.50
1, 13, 14, 68, 2, 0.50
1, 15, 16, 68, 20, 0.50
1, 1, 2, 69, 2, 0.50
1, 2, 3, 69, 19, 0.50
1, 2, 6, 69, 13, 0.50
1, 4, 8, 69, 18, 0.50
1, 5, 6, 69, 4, 0.50
1, 5, 9, 69, 17, 0.50
1, 6, 7, 69, 1, 0.50
1, 6, 10, 69, 6, 0.50
1, 7, 8, 69, 13, 0.50
1, 7, 11, 69, 7, 0.50
1, 8, 12, 69, 13, 0.50
1, 9, 10, 69, 12, 0.50
1, 11, 12, 69, 19, 0.50
1, 11, 15, 69, 7, 0.50
1, 12, 16, 69, 17, 0.50
1, 13, 14, 69, 7, 0.50
1, 14, 15, 69, 19, 0.50
1, 15, 16, 69, 8, 0.50
1, 2, 3, 70, 16, 0.50
1, 2, 6, 70, 13, 0.50
1, 3, 7, 70, 4, 0.50
1, 4, 8, 70, 8, 0.50
1, 5, 6, 70, 9, 0.50
1, 5, 9, 70, 15, 0.50
1, 6, 7, 70, 7, 0.50
1, 6, 10, 70, 10, 0.50
1, 8, 12, 70, 13, 0.50
1, 9, 10, 70, 10, 0.50
1, 10, 11, 70, 18, 0.50
1, 11, 15, 70, 5, 0.50
1, 12, 16, 70, 18, 0.50
1, 13, 14, 70, 15, 0.50
1, 14, 15, 70, 10, 0.50
1, 15, 16, 70, 7, 0.50
1, 1, 2, 71, 13, 0.50
1, 1, 5, 71, 15, 0.50
1, 2, 6, 71, 12, 0.50
1, 3, 4, 71, 10, 0.50
1, 3, 7, 71, 16, 0.50
1, 5, 6, 71, 15, 0.50
1, 5, 9, 71, 15, 0.50
1, 6, 7, 71, 7, 0.50
1, 6, 10, 71, 10, 0.50
1, 7, 11, 71, 9, 0.50
1, 9, 13, 71, 9, 0.50
1, 10, 11, 71, 7, 0.50
1, 10, 14, 71, 10, 0.50
1, 13, 14, 71, 4, 0.50
1, 14, 15, 71, 4, 0.50
1, 1, 2, 72, 10, 0.50
1, 1, 5, 72, 3, 0.50
1, 2, 3, 72, 11, 0.50
1, 2, 6, 72, 15, 0.50
1, 3, 4, 72, 10, 0.50
1, 3, 7, 72, 2, 0.50
1, 4, 8, 72, 14, 0.50
1, 5, 6, 72, 17, 0.50
1, 7, 8, 72, 2, 0.50
1, 8, 12, 72, 5, 0.50
1, 10, 11, 72, 12, 0.50
1, 10, 14, 72, 9, 0.50
1, 11, 15, 72, 3, 0.50
1, 12, 16, 72, 10, 0.50
1, 14, 15, 72, 6, 0.50
1, 15, 16, 72, 3, 0.50
1, 1, 2, 73, 12, 0.50
1, 1, 5, 73, 3, 0.50
1, 2, 3, 73, 10, 0.50
1, 3, 4, 73, 14, 0.50
1, 5, 9, 73, 5, 0.50
1, 7, 8, 73, 15, 0.50
1, 8, 12, 73, 13, 0.50
1, 10, 11, 73, 7, 0.50
1, 11, 12, 73, 7, 0.50
1, 11, 15, 73, 16, 0.50
1, 12, 16, 73, 7, 0.50
1, 13, 14, 73, 10, 0.50
1, 15, 16, 73, 4, 0.50
1, 2, 3, 74, 2, 0.50
1, 3, 4, 74, 7, 0.50
1, 4, 8, 74, 9, 0.50
1, 5, 6, 74, 7, 0.50
1, 5, 9, 74, 10, 0.50
1, 6, 7, 74, 6, 0.50
1, 6, 10, 74, 14, 0.50
1, 9, 10, 74, 6, 0.50
1, 9, 13, 74, 9, 0.50
1, 11, 12, 74, 8, 0.50
1, 12, 16, 74, 13, 0.50
1, 1, 5, 75, 1, 0.50
1, 2, 6, 75, 7, 0.50
1, 4, 8, 75, 12, 0.50
1, 5, 6, 75, 5, 0.50
1, 6, 10, 75, 1, 0.50
1, 7, 11, 75, 4, 0.50
1, 8, 12, 75, 5, 0.50
1, 9, 10, 75, 14, 0.50
1, 9, 13, 75, 13, 0.50
1, 10, 11, 75, 11, 0.50
1, 11, 12, 75, 12, 0.50
1, 12, 16, 75, 7, 0.50
1, 14, 15, 75, 9, 0.50
1, 15, 16, 75, 13, 0.50
1, 3, 4, 76, 13, 0.50
1, 3, 7, 76, 11, 0.50
1, 5, 6, 76, 3, 0.50
1, 6, 7, 76, 3, 0.50
1, 6, 10, 76, 1, 0.50
1, 7, 8, 76, 5, 0.50
1, 8, 12, 76, 1, 0.50
1, 9, 13, 76, 8, 0.50
1, 10, 11, 76, 8, 0.50
1, 10, 14, 76, 7, 0.50
1, 15, 16, 76, 8, 0.50
1, 1, 5, 77, 10, 0.50
1, 3, 7, 77, 12, 0.50
1, 4, 8, 77, 12, 0.50
1, 5, 6, 77, 4, 0.50
1, 6, 7, 77, 6, 0.50
1, 6, 10, 77, 7, 0.50
1, 7, 8, 77, 8, 0.50
1, 7, 11, 77, 7, 0.50
1, 10, 11, 77, 11, 0.50
1, 2, 3, 78, 10, 0.50
1, 3, 4, 78, 2, 0.50
1, 4, 8, 78, 9, 0.50
1, 5, 6, 78, 7, 0.50
1, 6, 7, 78, 6, 0.50
1, 6, 10, 78, 2, 0.50
1, 7, 8, 78, 9, 0.50
1, 10, 11, 78, 10, 0.50
1, 12, 16, 78, 6, 0.50
1, 14, 15, 78, 6, 0.50
1, 15, 16, 78, 2, 0.50
1, 2, 6, 79, 10, 0.50
1, 5, 9, 79, 10, 0.50
1, 6, 7, 79, 7, 0.50
1, 7, 11, 79, 10, 0.50
1, 9, 10, 79, 7, 0.50
1, 10, 11, 79, 3, 0.50
1, 10, 14, 79, 3, 0.50
1, 12, 16, 79, 6, 0.50
1, 13, 14, 79, 9, 0.50
1, 15, 16, 79, 4, 0.50
1, 2, 6, 80, 3, 0.50
1, 3, 7, 80, 8, 0.50
1, 6, 7, 80, 9, 0.50
1, 8, 12, 80, 4, 0.50
1, 9, 13, 80, 6, 0.50
1, 10, 11, 80, 9, 0.50
1, 14, 15, 80, 5, 0.50
1, 15, 16, 80, 2, 0.50
1, 2, 6, 81, 1, 0.50
1, 3, 4, 81, 2, 0.50
1, 6, 10, 81, 4, 0.50
1, 11, 12, 81, 1, 0.50
1, 11, 15, 81, 2, 0.50
1, 15, 16, 81, 7, 0.50
1, 2, 3, 82, 3, 0.50
1, 2, 6, 82, 7, 0.50
1, 5, 6, 82, 3, 0.50
1, 5, 9, 82, 6, 0.50
1, 6, 7, 82, 2, 0.50
1, 8, 12, 82, 7, 0.50
1, 9, 13, 82, 7, 0.50
1, 10, 11, 82, 2, 0.50
1, 12, 16, 82, 7, 0.50
1, 13, 14, 82, 2, 0.50
1, 3, 4, 83, 2, 0.50
1, 12, 16, 83, 3, 0.50
1, 14, 15, 83, 3, 0.50
1, 13, 14, 84, 1, 0.50
1, 15, 16, 84, 4, 0.50
1, 1, 5, 85, 4, 0.50
1, 5, 9, 85, 4, 0.50
1, 14, 15, 85, 1, 0.50
1, 9, 13, 86, 1, 0.50
1, 12, 16, 86, 2, 0.50
2, 1, 2, 0, 18, 0.50
2, 1, 5, 0, 9, 0.50
2, 2, 3, 0, 1, 0.50
2, 2, 6, 0, 16, 0.50
2, 3, 4, 0, 25, 0.50
2, 3, 7, 0, 28, 0.50
2, 4, 8, 0, 10, 0.50
2, 5, 6, 0, 16, 0.50
2, 5, 9, 0, 25, 0.50
2, 6, 7, 0, 19, 0.50
2, 6, 10, 0, 8, 0.50
2, 7, 8, 0, 10, 0.50
2, 7, 11, 0, 5, 0.50
2, 8, 12, 0, 20, 0.50
2, 9, 10, 0, 25, 0.50
2, 9, 13, 0, 19, 0.50
2, 10, 11, 0, 8, 0.50
2, 10, 14, 0, 12, 0.50
2, 11, 12, 0, 26, 0.50
2, 11, 15, 0, 18, 0.50
2, 12, 16, 0, 9, 0.50
2, 13, 14, 0, 1, 0.50
2, 14, 15, 0, 28, 0.50
2, 15, 16, 0, 23, 0.50
2, 1, 2, 1, 8, 0.50
2, 1, 5, 1, 11, 0.50
2, 2, 3, 1, 26, 0.50
2, 2, 6, 1, 18, 0.50
2, 3, 4, 1, 1, 0.50
2, 3, 7, 1, 23, 0.50
2, 4, 8, 1, 7, 0.50
2, 5, 6, 1, 3, 0.50
2, 5, 9, 1, 20, 0.50
2, 6, 7, 1, 18, 0.50
2, 6, 10, 1, 20, 0.50
2, 7, 8, 1, 11, 0.50
2, 7, 11, 1, 8, 0.50
2, 8, 12, 1, 21, 0.50
2, 9, 10, 1, 21, 0.50
2, 9, 13, 1, 3, 0.50
2, 10, 11, 1, 3, 0.50
2, 10, 14, 1, 27, 0.50
2, 11, 12, 1, 2, 0.50
2, 11, 15, 1, 13, 0.50
2, 12, 16, 1, 23, 0.50
2, 13, 14, 1, 18, 0.50
2, 14, 15, 1, 26, 0.50
2, 15, 16, 1, 3, 0.50
2, 1, 2, 2, 19, 0.50
2, 1, 5, 2, 11, 0.50
2, 2, 3, 2, 3, 0.50
2, 2, 6, 2, 11, 0.50
2, 3, 4, 2, 6, 0.50
2, 3, 7, 2, 3, 0.50
2, 4, 8, 2, 10, 0.50
2, 5, 6, 2, 22, 0.50
2, 5, 9, 2, 23, 0.50
2, 6, 7, 2, 5, 0.50
2, 6, 10, 2, 4, 0.50
2, 7, 8, 2, 26, 0.50
2, 7, 11, 2, 10, 0.50
2, 8, 12, 2, 22, 0.50
2, 9, 10, 2, 15, 0.50
2, 9, 13, 2, 23, 0.50
2, 10, 11, 2, 6, 0.50
2, 10, 14, 2, 29, 0.50
2, 11, 12, 2, 2, 0.50
2, 11, 15, 2, 28, 0.50
2, 12, 16, 2, 13, 0.50
2, 13, 14, 2, 29, 0.50
2, 14, 15, 2, 3, 0.50
2, 15, 16, 2, 24, 0.50
2, 1, 2, 3, 14, 0.50
2, 1, 5, 3, 16, 0.50
2, 2, 3, 3, 15, 0.50
2, 2, 6, 3, 10, 0.50
2, 3, 4, 3, 20, 0.50
2, 3, 7, 3, 7, 0.50
2, 4, 8, 3, 19, 0.50
2, 5, 6, 3, 19, 0.50
2, 5, 9, 3, 7, 0.50
2, 6, 7, 3, 21, 0.50
2, 6, 10, 3, 16, 0.50
2, 7, 8, 3, 25, 0.50
2, 7, 11, 3, 6, 0.50
2, 8, 12, 3, 24, 0.50
2, 9, 10, 3, 25, 0.50
2, 9, 13, 3, 28, 0.50
2, 10, 11, 3, 12, 0.50
2, 10, 14, 3, 13, 0.50
2, 11, 12, 3, 27, 0.50
2, 11, 15, 3, 12, 0.50
2, 12, 16, 3, 25, 0.50
2, 13, 14, 3, 8, 0.50
2, 14, 15, 3, 16, 0.50
2, 15, 16, 3, 15, 0.50
2, 1, 2, 4, 11, 0.50
2, 1, 5, 4, 9, 0.50
2, 2, 3, 4, 11, 0.50
2, 2, 6, 4, 19, 0.50
2, 3, 4, 4, 27, 0.50
2, 3, 7, 4, 9, 0.50
2, 4, 8, 4, 17, 0.50
2, 5, 6, 4, 14, 0.50
2, 5, 9, 4, 23, 0.50
2, 6, 7, 4, 21, 0.50
2, 6, 10, 4, 6, 0.50
2, 7, 8, 4, 24, 0.50
2, 7, 11, 4, 12, 0.50
2, 8, 12, 4, 9, 0.50
2, 9, 10, 4, 26, 0.50
2, 9, 13, 4, 23, 0.50
2, 10, 11, 4, 5, 0.50
2, 10, 14, 4, 19, 0.50
2, 11, 12, 4, 13, 0.50
2, 11, 15, 4, 20, 0.50
2, 12, 16, 4, 14, 0.50
2, 13, 14, 4, 3, 0.50
2, 14, 15, 4, 14, 0.50
2, 15, 16, 4, 11, 0.50
2, 1, 2, 5, 2, 0.50
2, 1, 5, 5, 28, 0.50
2, 2, 3, 5, 3, 0.50
2, 2, 6, 5, 26, 0.50
2, 3, 4, 5, 20, 0.50
2, 3, 7, 5, 28, 0.50
2, 4, 8, 5, 18, 0.50
2, 5, 6, 5, 2, 0.50
2, 5, 9, 5, 18, 0.50
2, 6, 7, 5, 20, 0.50
2, 6, 10, 5, 19, 0.50
2, 7, 8, 5, 25, 0.50
2, 7, 11, 5, 5, 0.50
2, 8, 12, 5, 12, 0.50
2, 9, 10, 5, 7, 0.50
2, 9, 13, 5, 9, 0.50
2, 10, 11, 5, 26, 0.50
2, 10, 14, 5, 24, 0.50
2, 11, 12, 5, 28, 0.50
2, 11, 15, 5, 7, 0.50
2, 12, 16, 5, 14, 0.50
2, 13, 14, 5, 9, 0.50
2, 14, 15, 5, 9, 0.50
2, 15, 16, 5, 8, 0.50
2, 1, 2, 6, 22, 0.50
2, 1, 5, 6, 21, 0.50
2, 2, 3, 6, 20, 0.50
2, 2, 6, 6, 28, 0.50
2, 3, 4, 6, 10, 0.50
2, 3, 7, 6, 20, 0.50
2, 4, 8, 6, 14, 0.50
2, 5, 6, 6, 21, 0.50
2, 5, 9, 6, 20, 0.50
2, 6, 7, 6, 13, 0.50
2, 6, 10, 6, 3, 0.50
2, 7, 8, 6, 8, 0.50
2, 7, 11, 6, 8, 0.50
2, 8, 12, 6, 27, 0.50
2, 9, 10, 6, 20, 0.50
2, 9, 13, 6, 28, 0.50
2, 10, 11, 6, 13, 0.50
2, 10, 14, 6, 13, 0.50
2, 11, 12, 6, 20, 0.50
2, 11, 15, 6, 14, 0.50
2, 12, 16, 6, 15, 0.50
2, 13, 14, 6, 3, 0.50
2, 14, 15, 6, 24, 0.50
2, 15, 16, 6, 29, 0.50
2, 1, 2, 7, 12, 0.50
2, 1, 5, 7, 26, 0.50
2, 2, 3, 7, 3, 0.50
2, 2, 6, 7, 24, 0.50
2, 3, 4, 7, 21, 0.50
2, 3, 7, 7, 28, 0.50
2, 4, 8, 7, 18, 0.50
2, 5, 6, 7, 5, 0.50
2, 5, 9, 7, 24, 0.50
2, 6, 7, 7, 28, 0.50
2, 6, 10, 7, 3, 0.50
2, 7, 8, 7, 23, 0.50
2, 7, 11, 7, 11, 0.50
2, 8, 12, 7, 3, 0.50
2, 9, 10, 7, 4, 0.50
2, 9, 13, 7, 8, 0.50
2, 10, 11, 7, 15, 0.50
2, 10, 14, 7, 2, 0.50
2, 11, 12, 7, 20, 0.50
2, 11, 15, 7, 8, 0.50
2, 12, 16, 7, 10, 0.50
2, 13, 14, 7, 1, 0.50
2, 14, 15, 7, 11, 0.50
2, 15, 16, 7, 26, 0.50
2, 1, 2, 8, 12, 0.50
2, 1, 5, 8, 27, 0.50
2, 2, 3, 8, 10, 0.50
2, 2, 6, 8, 9, 0.50
2, 3, 4, 8, 25, 0.50
2, 3, 7, 8, 4, 0.50
2, 4, 8, 8, 6, 0.50
2, 5, 6, 8, 23, 0.50
2, 5, 9, 8, 2, 0.50
2, 6, 7, 8, 11, 0.50
2, 6, 10, 8, 24, 0.50
2, 7, 8, 8, 10, 0.50
2, 7, 11, 8, 3, 0.50
2, 8, 12, 8, 26, 0.50
2, 9, 10, 8, 28, 0.50
2, 9, 13, 8, 21, 0.50
2, 10, 11, 8, 17, 0.50
2, 10, 14, 8, 8, 0.50
2, 11, 12, 8, 16, 0.50
2, 11, 15, 8, 6, 0.50
2, 12, 16, 8, 23, 0.50
2, 13, 14, 8, 19, 0.50
2, 14, 15, 8, 27, 0.50
2, 15, 16, 8, 11, 0.50
2, 1, 2, 9, 3, 0.50
2, 1, 5, 9, 27, 0.50
2, 2, 3, 9, 26, 0.50
2, 2, 6, 9, 16, 0.50
2, 3, 4, 9, 18, 0.50
2, 3, 7, 9, 22, 0.50
2, 4, 8, 9, 24, 0.50
2, 5, 6, 9, 8, 0.50
2, 5, 9, 9, 26, 0.50
2, 6, 7, 9, 19, 0.50
2, 6, 10, 9, 15, 0.50
2, 7, 8, 9, 21, 0.50
2, 7, 11, 9, 12, 0.50
2, 8, 12, 9, 5, 0.50
2, 9, 10, 9, 13, 0.50
2, 9, 13, 9, 9, 0.50
2, 10, 11, 9, 1, 0.50
2, 10, 14, 9, 23, 0.50
2, 11, 12, 9, 17, 0.50
2, 11, 15, 9, 7, 0.50
2, 12, 16, 9, 9, 0.50
2, 13, 14, 9, 26, 0.50
2, 14, 15, 9, 21, 0.50
2, 15, 16, 9, 20, 0.50
2, 1, 2, 10, 29, 0.50
2, 1, 5, 10, 3, 0.50
2, 2, 3, 10, 1, 0.50
2, 2, 6, 10, 26, 0.50
2, 3, 4, 10, 2, 0.50
2, 3, 7, 10, 20, 0.50
2, 4, 8, 10, 14, 0.50
2, 5, 6, 10, 22, 0.50
2, 5, 9, 10, 12, 0.50
2, 6, 7, 10, 8, 0.50
2, 6, 10, 10, 9, 0.50
2, 7, 8, 10, 23, 0.50
2, 7, 11, 10, 8, 0.50
2, 8, 12, 10, 7, 0.50
2, 9, 10, 10, 29, 0.50
2, 9, 13, 10, 20, 0.50
2, 10, 11, 10, 15, 0.50
2, 10, 14, 10, 5, 0.50
2, 11, 12, 10, 27, 0.50
2, 11, 15, 10, 2, 0.50
2, 12, 16, 10, 26, 0.50
2, 13, 14, 10, 29, 0.50
2, 14, 15, 10, 12, 0.50
2, 15, 16, 10, 20, 0.50
2, 1, 2, 11, 17, 0.50
2, 1, 5, 11, 22, 0.50
2, 2, 3, 11, 4, 0.50
2, 2, 6, 11, 17, 0.50
2, 3, 4, 11, 27, 0.50
2, 3, 7, 11, 28, 0.50
2, 4, 8, 11, 20, 0.50
2, 5, 6, 11, 7, 0.50
2, 5, 9, 11, 17, 0.50
2, 6, 7, 11, 24, 0.50
2, 6, 10, 11, 19, 0.50
2, 7, 8, 11, 3, 0.50
2, 7, 11, 11, 6, 0.50
2, 8, 12, 11, 11, 0.50
2, 9, 10, 11, 24, 0.50
2, 9, 13, 11, 6, 0.50
2, 10, 11, 11, 28, 0.50
2, 10, 14, 11, 4, 0.50
2, 11, 12, 11, 12, 0.50
2, 11, 15, 11, 27, 0.50
2, 12, 16, 11, 20, 0.50
2, 13, 14, 11, 20, 0.50
2, 14, 15, 11, 3, 0.50
2, 15, 16, 11, 18, 0.50
2, 1, 2, 12, 6, 0.50
2, 1, 5, 12, 12, 0.50
2, 2, 3, 12, 7, 0.50
2, 2, 6, 12, 1, 0.50
2, 3, 4, 12, 2, 0.50
2, 3, 7, 12, 6, 0.50
2, 4, 8, 12, 23, 0.50
2, 5, 6, 12, 11, 0.50
2, 5, 9, 12, 22, 0.50
2, 6, 7, 12, 23, 0.50
2, 6, 10, 12, 1, 0.50
2, 7, 8, 12, 6, 0.50
2, 7, 11, 12, 12, 0.50
2, 8, 12, 12, 2, 0.50
2, 9, 10, 12, 27, 0.50
2, 9, 13, 12, 21, 0.50
2, 10, 11, 12, 23, 0.50
2, 10, 14, 12, 25, 0.50
2, 11, 12, 12, 16, 0.50
2, 11, 15, 12, 26, 0.50
2, 12, 16, 12, 29, 0.50
2, 13, 14, 12, 22, 0.50
2, 14, 15, 12, 27, 0.50
2, 15, 16, 12, 22, 0.50
2, 1, 2, 13, 18, 0.50
2, 1, 5, 13, 6, 0.50
2, 2, 3, 13, 23, 0.50
2, 2, 6, 13, 14, 0.50
2, 3, 4, 13, 24, 0.50
2, 3, 7, 13, 2, 0.50
2, 4, 8, 13, 4, 0.50
2, 5, 6, 13, 23, 0.50
2, 5, 9, 13, 12, 0.50
2, 6, 7, 13, 27, 0.50
2, 6, 10, 13, 13, 0.50
2, 7, 8, 13, 16, 0.50
2, 7, 11, 13, 3, 0.50
2, 8, 12, 13, 1, 0.50
2, 9, 10, 13, 22, 0.50
2, 9, 13, 13, 14, 0.50
2, 10, 11, 13, 27, 0.50
2, 10, 14, 13, 6, 0.50
2, 11, 12, 13, 26, 0.50
2, 11, 15, 13, 20, 0.50
2, 12, 16, 13, 2, 0.50
2, 13, 14, 13, 2, 0.50
2, 14, 15, 13, 5, 0.50
2, 15, 16, 13, 11, 0.50
2, 1, 2, 14, 6, 0.50
2, 1, 5, 14, 21, 0.50
2, 2, 3, 14, 9, 0.50
2, 2, 6, 14, 23, 0.50
2, 3, 4, 14, 25, 0.50
2, 3, 7, 14, 22, 0.50
2, 4, 8, 14, 26, 0.50
2, 5, 6, 14, 27, 0.50
2, 5, 9, 14, 16, 0.50
2, 6, 7, 14, 3, 0.50
2, 6, 10, 14, 15, 0.50
2, 7, 8, 14, 18, 0.50
2, 7, 11, 14, 23, 0.50
2, 8, 12, 14, 8, 0.50
2, 9, 10, 14, 26, 0.50
2, 9, 13, 14, 27, 0.50
2, 10, 11, 14, 28, 0.50
2, 10, 14, 14, 11, 0.50
2, 11, 12, 14, 1, 0.50
2, 11, 15, 14, 17, 0.50
2, 12, 16, 14, 5, 0.50
2, 13, 14, 14, 19, 0.50
2, 14, 15, 14, 7, 0.50
2, 15, 16, 14, 16, 0.50
2, 1, 2, 15, 10, 0.50
2, 1, 5, 15, 26, 0.50
2, 2, 3, 15, 15, 0.50
2, 2, 6, 15, 3, 0.50
2, 3, 4, 15, 5, 0.50
2, 3, 7, 15, 13, 0.50
2, 4, 8, 15, 5, 0.50
2, 5, 6, 15, 7, 0.50
2, 5, 9, 15, 3, 0.50
2, 6, 7, 15, 13, 0.50
2, 6, 10, 15, 16, 0.50
2, 7, 8, 15, 5, 0.50
2, 7, 11, 15, 12, 0.50
2, 8, 12, 15, 20, 0.50
2, 9, 10, 15, 15, 0.50
2, 9, 13, 15, 10, 0.50
2, 10, 11, 15, 29, 0.50
2, 10, 14, 15, 1, 0.50
2, 11, 12, 15, 28, 0.50
2, 11, 15, 15, 5, 0.50
2, 12, 16, 15, 20, 0.50
2, 13, 14, 15, 25, 0.50
2, 14, 15, 15, 14, 0.50
2, 15, 16, 15, 13, 0.50
2, 1, 2, 16, 5, 0.50
2, 1, 5, 16, 2, 0.50
2, 2, 3, 16, 11, 0.50
2, 2, 6, 16, 2, 0.50
2, 3, 4, 16, 11, 0.50
2, 3, 7, 16, 7, 0.50
2, 4, 8, 16, 10, 0.50
2, 5, 6, 16, 6, 0.50
2, 5, 9, 16, 18, 0.50
2, 6, 7, 16, 6, 0.50
2, 6, 10, 16, 4, 0.50
2, 7, 8, 16, 23, 0.50
2, 7, 11, 16, 15, 0.50
2, 8, 12, 16, 10, 0.50
2, 9, 10, 16, 10, 0.50
2, 9, 13, 16, 16, 0.50
2, 10, 11, 16, 22, 0.50
2, 10, 14, 16, 18, 0.50
2, 11, 12, 16, 1, 0.50
2, 11, 15, 16, 22, 0.50
2, 12, 16, 16, 15, 0.50
2, 13, 14, 16, 3, 0.50
2, 14, 15, 16, 3, 0.50
2, 15, 16, 16, 18, 0.50
2, 1, 2, 17, 7, 0.50
2, 1, 5, 17, 26, 0.50
2, 2, 3, 17, 27, 0.50
2, 2, 6, 17, 28, 0.50
2, 3, 4, 17, 12, 0.50
2, 3, 7, 17, 19, 0.50
2, 4, 8, 17, 26, 0.50
2, 5, 6, 17, 14, 0.50
2, 5, 9, 17, 23, 0.50
2, 6, 7, 17, 17, 0.50
2, 6, 10, 17, 25, 0.50
2, 7, 8, 17, 12, 0.50
2, 7, 11, 17, 12, 0.50
2, 8, 12, 17, 22, 0.50
2, 9, 10, 17, 7, 0.50
2, 9, 13, 17, 15, 0.50
2, 10, 11, 17, 29, 0.50
2, 10, 14, 17, 15, 0.50
2, 11, 12, 17, 18, 0.50
2, 11, 15, 17, 3, 0.50
2, 12, 16, 17, 14, 0.50
2, 13, 14, 17, 5, 0.50
2, 14, 15, 17, 6, 0.50
2, 15, 16, 17, 12, 0.50
2, 1, 2, 18, 9, 0.50
2, 1, 5, 18, 8, 0.50
2, 2, 3, 18, 24, 0.50
2, 2, 6, 18, 23, 0.50
2, 3, 4, 18, 17, 0.50
2, 3, 7, 18, 14, 0.50
2, 4, 8, 18, 13, 0.50
2, 5, 6, 18, 25, 0.50
2, 5, 9, 18, 22, 0.50
2, 6, 7, 18, 18, 0.50
2, 6, 10, 18, 7, 0.50
2, 7, 8, 18, 12, 0.50
2, 7, 11, 18, 2, 0.50
2, 8, 12, 18, 9, 0.50
2, 9, 10, 18, 12, 0.50
2, 9, 13, 18, 28, 0.50
2, 10, 11, 18, 25, 0.50
2, 10, 14, 18, 22, 0.50
2, 11, 12, 18, 15, 0.50
2, 11, 15, 18, 4, 0.50
2, 12, 16, 18, 12, 0.50
2, 13, 14, 18, 2, 0.50
2, 14, 15, 18, 11, 0.50
2, 15, 16, 18, 9, 0.50
2, 1, 2, 19, 9, 0.50
2, 1, 5, 19, 19, 0.50
2, 2, 3, 19, 14, 0.50
2, 2, 6, 19, 26, 0.50
2, 3, 4, 19, 13, 0.50
2, 3, 7, 19, 18, 0.50
2, 4, 8, 19, 17, 0.50
2, 5, 6, 19, 27, 0.50
2, 5, 9, 19, 6, 0.50
2, 6, 7, 19, 28, 0.50
2, 6, 10, 19, 24, 0.50
2, 7, 8, 19, 23, 0.50
2, 7, 11, 19, 6, 0.50
2, 8, 12, 19, 13, 0.50
2, 9, 10, 19, 26, 0.50
2, 9, 13, 19, 23, 0.50
2, 10, 11, 19, 3, 0.50
2, 10, 14, 19, 7, 0.50
2, 11, 12, 19, 17, 0.50
2, 11, 15, 19, 27, 0.50
2, 12, 16, 19, 14, 0.50
2, 13, 14, 19, 23, 0.50
2, 14, 15, 19, 19, 0.50
2, 15, 16, 19, 23, 0.50
2, 1, 2, 20, 3, 0.50
2, 1, 5, 20, 25, 0.50
2, 2, 3, 20, 29, 0.50
2, 2, 6, 20, 25, 0.50
2, 3, 4, 20, 23, 0.50
2, 3, 7, 20, 19, 0.50
2, 4, 8, 20, 29, 0.50
2, 5, 6, 20, 9, 0.50
2, 5, 9, 20, 27, 0.50
2, 6, 7, 20, 19, 0.50
2, 6, 10, 20, 26, 0.50
2, 7, 8, 20, 16, 0.50
2, 7, 11, 20, 18, 0.50
2, 8, 12, 20, 12, 0.50
2, 9, 10, 20, 24, 0.50
2, 9, 13, 20, 23, 0.50
2, 10, 11, 20, 12, 0.50
2, 10, 14, 20, 16, 0.50
2, 11, 12, 20, 16, 0.50
2, 11, 15, 20, 27, 0.50
2, 12, 16, 20, 26, 0.50
2, 13, 14, 20, 28, 0.50
2, 14, 15, 20, 10, 0.50
2, 15, 16, 20, 11, 0.50
2, 1, 2, 21, 24, 0.50
2, 1, 5, 21, 9, 0.50
2, 2, 3, 21, 11, 0.50
2, 2, 6, 21, 5, 0.50
2, 3, 4, 21, 28, 0.50
2, 3, 7, 21, 21, 0.50
2, 4, 8, 21, 4, 0.50
2, 5, 6, 21, 28, 0.50
2, 5, 9, 21, 16, 0.50
2, 6, 7, 21, 8, 0.50
2, 6, 10, 21, 1, 0.50
2, 7, 8, 21, 19, 0.50
2, 7, 11, 21, 26, 0.50
2, 8, 12, 21, 9, 0.50
2, 9, 10, 21, 7, 0.50
2, 9, 13, 21, 24, 0.50
2, 10, 11, 21, 11, 0.50
2, 10, 14, 21, 3, 0.50
2, 11, 12, 21, 23, 0.50
2, 11, 15, 21, 15, 0.50
2, 12, 16, 21, 6, 0.50
2, 13, 14, 21, 1, 0.50
2, 14, 15, 21, 6, 0.50
2, 15, 16, 21, 11, 0.50
2, 1, 2, 22, 13, 0.50
2, 1, 5, 22, 12, 0.50
2, 2, 3, 22, 3, 0.50
2, 2, 6, 22, 27, 0.50
2, 3, 4, 22, 4, 0.50
2, 3, 7, 22, 13, 0.50
2, 4, 8, 22, 28, 0.50
2, 5, 6, 22, 12, 0.50
2, 5, 9, 22, 24, 0.50
2, 6, 7, 22, 13, 0.50
2, 6, 10, 22, 18, 0.50
2, 7, 8, 22, 5, 0.50
2, 7, 11, 22, 18, 0.50
2, 8, 12, 22, 11, 0.50
2, 9, 10, 22, 23, 0.50
2, 9, 13, 22, 16, 0.50
2, 10, 11, 22, 24, 0.50
2, 10, 14, 22, 21, 0.50
2, 11, 12, 22, 14, 0.50
2, 11, 15, 22, 4, 0.50
2, 12, 16, 22, 9, 0.50
2, 13, 14, 22, 16, 0.50
2, 14, 15, 22, 10, 0.50
2, 15, 16, 22, 15, 0.50
2, 1, 2, 23, 4, 0.50
2, 1, 5, 23, 29, 0.50
2, 2, 3, 23, 16, 0.50
2, 2, 6, 23, 1, 0.50
2, 3, 4, 23, 27, 0.50
2, 3, 7, 23, 18, 0.50
2, 4, 8, 23, 5, 0.50
2, 5, 6, 23, 28, 0.50
2, 5, 9, 23, 16, 0.50
2, 6, 7, 23, 5, 0.50
2, 6, 10, 23, 13, 0.50
2, 7, 8, 23, 19, 0.50
2, 7, 11, 23, 7, 0.50
2, 8, 12, 23, 7, 0.50
2, 9, 10, 23, 26, 0.50
2, 9, 13, 23, 26, 0.50
2, 10, 11, 23, 4, 0.50
2, 10, 14, 23, 22, 0.50
2, 11, 12, 23, 27, 0.50
2, 11, 15, 23, 2, 0.50
2, 12, 16, 23, 1, 0.50
2, 13, 14, 23, 11, 0.50
2, 14, 15, 23, 26, 0.50
2, 15, 16, 23, 2, 0.50
2, 1, 2, 24, 4, 0.50
2, 1, 5, 24, 18, 0.50
2, 2, 3, 24, 1, 0.50
2, 2, 6, 24, 18, 0.50
2, 3, 4, 24, 21, 0.50
2, 3, 7, 24, 27, 0.50
2, 4, 8, 24, 2, 0.50
2, 5, 6, 24, 10, 0.50
2, 5, 9, 24, 11, 0.50
2, 6, 7, 24, 26, 0.50
2, 6, 10, 24, 2, 0.50
2, 7, 8, 24, 24, 0.50
2, 7, 11, 24, 7, 0.50
2, 8, 12, 24, 15, 0.50
2, 9, 10, 24, 23, 0.50
2, 9, 13, 24, 3, 0.50
2, 10, 11, 24, 25, 0.50
2, 10, 14, 24, 22, 0.50
2, 11, 12, 24, 23, 0.50
2, 11, 15, 24, 13, 0.50
2, 12, 16, 24, 13, 0.50
2, 13, 14, 24, 6, 0.50
2, 14, 15, 24, 17, 0.50
2, 15, 16, 24, 9, 0.50
2, 1, 2, 25, 5, 0.50
2, 1, 5, 25, 21, 0.50
2, 2, 3, 25, 7, 0.50
2, 2, 6, 25, 7, 0.50
2, 3, 4, 25, 24, 0.50
2, 3, 7, 25, 28, 0.50
2, 4, 8, 25, 18, 0.50
2, 5, 6, 25, 20, 0.50
2, 5, 9, 25, 21, 0.50
2, 6, 7, 25, 2, 0.50
2, 6, 10, 25, 10, 0.50
2, 7, 8, 25, 26, 0.50
2, 7, 11, 25, 17, 0.50
2, 8, 12, 25, 23, 0.50
2, 9, 10, 25, 3, 0.50
2, 9, 13, 25, 18, 0.50
2, 10, 11, 25, 28, 0.50
2, 10, 14, 25, 9, 0.50
2, 11, 12, 25, 19, 0.50
2, 11, 15, 25, 13, 0.50
2, 12, 16, 25, 25, 0.50
2, 13, 14, 25, 13, 0.50
2, 14, 15, 25, 5, 0.50
2, 15, 16, 25, 8, 0.50
2, 1, 2, 26, 9, 0.50
2, 1, 5, 26, 21, 0.50
2, 2, 3, 26, 23, 0.50
2, 2, 6, 26, 17, 0.50
2, 3, 4, 26, 6, 0.50
2, 3, 7, 26, 2, 0.50
2, 4, 8, 26, 23, 0.50
2, 5, 6, 26, 3, 0.50
2, 5, 9, 26, 6, 0.50
2, 6, 7, 26, 22, 0.50
2, 6, 10, 26, 17, 0.50
2, 7, 8, 26, 20, 0.50
2, 7, 11, 26, 21, 0.50
2, 8, 12, 26, 17, 0.50
2, 9, 10, 26, 17, 0.50
2, 9, 13, 26, 21, 0.50
2, 10, 11, 26, 10, 0.50
2, 10, 14, 26, 19, 0.50
2, 11, 12, 26, 5, 0.50
2, 11, 15, 26, 14, 0.50
2, 12, 16, 26, 23, 0.50
2, 13, 14, 26, 11, 0.50
2, 14, 15, 26, 28, 0.50
2, 15, 16, 26, 20, 0.50
2, 1, 2, 27, 23, 0.50
2, 1, 5, 27, 1, 0.50
2, 2, 3, 27, 27, 0.50
2, 2, 6, 27, 16, 0.50
2, 3, 4, 27, 22, 0.50
2, 3, 7, 27, 9, 0.50
2, 4, 8, 27, 19, 0.50
2, 5, 6, 27, 10, 0.50
2, 5, 9, 27, 17, 0.50
2, 6, 7, 27, 26, 0.50
2, 6, 10, 27, 3, 0.50
2, 7, 8, 27, 24, 0.50
2, 7, 11, 27, 16, 0.50
2, 8, 12, 27, 23, 0.50
2, 9, 10, 27, 14, 0.50
2, 9, 13, 27, 13, 0.50
2, 10, 11, 27, 14, 0.50
2, 10, 14, 27, 22, 0.50
2, 11, 12, 27, 23, 0.50
2, 11, 15, 27, 21, 0.50
2, 12, 16, 27, 9, 0.50
2, 13, 14, 27, 6, 0.50
2, 14, 15, 27, 3, 0.50
2, 15, 16, 27, 16, 0.50
2, 1, 2, 28, 28, 0.50
2, 1, 5, 28, 9, 0.50
2, 2, 3, 28, 21, 0.50
2, 2, 6, 28, 23, 0.50
2, 3, 4, 28, 23, 0.50
2, 3, 7, 28, 16, 0.50
2, 4, 8, 28, 9, 0.50
2, 5, 6, 28, 28, 0.50
2, 5, 9, 28, 28, 0.50
2, 6, 7, 28, 9, 0.50
2, 6, 10, 28, 12, 0.50
2, 7, 8, 28, 22, 0.50
2, 7, 11, 28, 7, 0.50
2, 8, 12, 28, 6, 0.50
2, 9, 10, 28, 21, 0.50
2, 9, 13, 28, 2, 0.50
2, 10, 11, 28, 9, 0.50
2, 10, 14, 28, 22, 0.50
2, 11, 12, 28, 18, 0.50
2, 11, 15, 28, 8, 0.50
2, 12, 16, 28, 17, 0.50
2, 13, 14, 28, 21, 0.50
2, 14, 15, 28, 6, 0.50
2, 15, 16, 28, 14, 0.50
2, 1, 2, 29, 3, 0.50
2, 1, 5, 29, 22, 0.50
2, 2, 3, 29, 10, 0.50
2, 2, 6, 29, 5, 0.50
2, 3, 4, 29, 13, 0.50
2, 3, 7, 29, 3, 0.50
2, 4, 8, 29, 4, 0.50
2, 5, 6, 29, 6, 0.50
2, 5, 9, 29, 11, 0.50
2, 6, 7, 29, 4, 0.50
2, 6, 10, 29, 27, 0.50
2, 7, 8, 29, 25, 0.50
2, 7, 11, 29, 23, 0.50
2, 8, 12, 29, 21, 0.50
2, 9, 10, 29, 18, 0.50
2, 9, 13, 29, 21, 0.50
2, 10, 11, 29, 18, 0.50
2, 10, 14, 29, 18, 0.50
2, 11, 12, 29, 18, 0.50
2, 11, 15, 29, 10, 0.50
2, 12, 16, 29, 23, 0.50
2, 13, 14, 29, 21, 0.50
2, 14, 15, 29, 8, 0.50
2, 15, 16, 29, 27, 0.50
2, 1, 2, 30, 3, 0.50
2, 1, 5, 30, 2, 0.50
2, 2, 3, 30, 22, 0.50
2, 2, 6, 30, 13, 0.50
2, 3, 4, 30, 25, 0.50
2, 3, 7, 30, 9, 0.50
2, 4, 8, 30, 18, 0.50
2, 5, 6, 30, 26, 0.50
2, 5, 9, 30, 25, 0.50
2, 6, 7, 30, 4, 0.50
2, 6, 10, 30, 19, 0.50
2, 7, 8, 30, 20, 0.50
2, 7, 11, 30, 27, 0.50
2, 8, 12, 30, 3, 0.50
2, 9, 10, 30, 18, 0.50
2, 9, 13, 30, 20, 0.50
2, 10, 11, 30, 16, 0.50
2, 10, 14, 30, 9, 0.50
2, 11, 12, 30, 11, 0.50
2, 11, 15, 30, 20, 0.50
2, 12, 16, 30, 5, 0.50
2, 13, 14, 30, 23, 0.50
2, 14, 15, 30, 23, 0.50
2, 15, 16, 30, 26, 0.50
2, 1, 2, 31, 20, 0.50
2, 1, 5, 31, 28, 0.50
2, 2, 3, 31, 17, 0.50
2, 2, 6, 31, 20, 0.50
2, 3, 4, 31, 21, 0.50
2, 3, 7, 31, 13, 0.50
2, 4, 8, 31, 11, 0.50
2, 5, 6, 31, 15, 0.50
2, 5, 9, 31, 17, 0.50
2, 6, 7, 31, 28, 0.50
2, 6, 10, 31, 9, 0.50
2, 7, 8, 31, 23, 0.50
2, 7, 11, 31, 16, 0.50
2, 8, 12, 31, 6, 0.50
2, 9, 10, 31, 7, 0.50
2, 9, 13, 31, 24, 0.50
2, 10, 11, 31, 4, 0.50
2, 10, 14, 31, 15, 0.50
2, 11, 12, 31, 16, 0.50
2, 11, 15, 31, 17, 0.50
2, 12, 16, 31, 28, 0.50
2, 13, 14, 31, 3, 0.50
2, 14, 15, 31, 11, 0.50
2, 15, 16, 31, 15, 0.50
2, 1, 2, 32, 9, 0.50
2, 1, 5, 32, 26, 0.50
2, 2, 3, 32, 16, 0.50
2, 2, 6, 32, 2, 0.50
2, 3, 4, 32, 4, 0.50
2, 3, 7, 32, 19, 0.50
2, 4, 8, 32, 19, 0.50
2, 5, 6, 32, 10, 0.50
2, 5, 9, 32, 14, 0.50
2, 6, 7, 32, 22, 0.50
2, 6, 10, 32, 28, 0.50
2, 7, 8, 32, 9, 0.50
2, 7, 11, 32, 8, 0.50
2, 8, 12, 32, 2, 0.50
2, 9, 10, 32, 27, 0.50
2, 9, 13, 32, 3, 0.50
2, 10, 11, 32, 14, 0.50
2, 10, 14, 32, 16, 0.50
2, 11, 12, 32, 10, 0.50
2, 11, 15, 32, 14, 0.50
2, 12, 16, 32, 18, 0.50
2, 13, 14, 32, 25, 0.50
2, 14, 15, 32, 8, 0.50
2, 15, 16, 32, 26, 0.50
2, 1, 2, 33, 2, 0.50
2, 1, 5, 33, 5, 0.50
2, 2, 3, 33, 28, 0.50
2, 2, 6, 33, 29, 0.50
2, 3, 4, 33, 20, 0.50
2, 3, 7, 33, 15, 0.50
2, 4, 8, 33, 24, 0.50
2, 5, 6, 33, 19, 0.50
2, 5, 9, 33, 2, 0.50
2, 6, 7, 33, 6, 0.50
2, 6, 10, 33, 21, 0.50
2, 7, 8, 33, 19, 0.50
2, 7, 11, 33, 17, 0.50
2, 8, 12, 33, 2, 0.50
2, 9, 10, 33, 15, 0.50
2, 9, 13, 33, 21, 0.50
2, 10, 11, 33, 23, 0.50
2, 10, 14, 33, 8, 0.50
2, 11, 12, 33, 9, 0.50
2, 11, 15, 33, 10, 0.50
2, 12, 16, 33, 8, 0.50
2, 13, 14, 33, 27, 0.50
2, 14, 15, 33, 6, 0.50
2, 15, 16, 33, 28, 0.50
2, 1, 2, 34, 2, 0.50
2, 1, 5, 34, 12, 0.50
2, 2, 3, 34, 22, 0.50
2, 2, 6, 34, 20, 0.50
2, 3, 4, 34, 2, 0.50
2, 3, 7, 34, 12, 0.50
2, 4, 8, 34, 21, 0.50
2, 5, 6, 34, 1, 0.50
2, 5, 9, 34, 14, 0.50
2, 6, 7, 34, 3, 0.50
2, 6, 10, 34, 11, 0.50
2, 7, 8, 34, 19, 0.50
2, 7, 11, 34, 17, 0.50
2, 8, 12, 34, 3, 0.50
2, 9, 10, 34, 22, 0.50
2, 9, 13, 34, 5, 0.50
2, 10, 11, 34, 8, 0.50
2, 10, 14, 34, 10, 0.50
2, 11, 12, 34, 8, 0.50
2, 11, 15, 34, 1, 0.50
2, 12, 16, 34, 19, 0.50
2, 13, 14, 34, 28, 0.50
2, 14, 15, 34, 23, 0.50
2, 15, 16, 34, 28, 0.50
2, 1, 2, 35, 27, 0.50
2, 1, 5, 35, 25, 0.50
2, 2, 3, 35, 15, 0.50
2, 2, 6, 35, 6, 0.50
2, 3, 4, 35, 6, 0.50
2, 3, 7, 35, 20, 0.50
2, 4, 8, 35, 24, 0.50
2, 5, 6, 35, 10, 0.50
2, 5, 9, 35, 2, 0.50
2, 6, 7, 35, 4, 0.50
2, 6, 10, 35, 16, 0.50
2, 7, 8, 35, 10, 0.50
2, 7, 11, 35, 3, 0.50
2, 8, 12, 35, 12, 0.50
2, 9, 10, 35, 26, 0.50
2, 9, 13, 35, 15, 0.50
2, 10, 11, 35, 8, 0.50
2, 10, 14, 35, 14, 0.50
2, 11, 12, 35, 10, 0.50
2, 11, 15, 35, 9, 0.50
2, 12, 16, 35, 10, 0.50
2, 13, 14, 35, 14, 0.50
2, 14, 15, 35, 25, 0.50
2, 15, 16, 35, 29, 0.50
2, 1, 2, 36, 16, 0.50
2, 1, 5, 36, 2, 0.50
2, 2, 3, 36, 25, 0.50
2, 2, 6, 36, 15, 0.50
2, 3, 4, 36, 21, 0.50
2, 3, 7, 36, 8, 0.50
2, 4, 8, 36, 6, 0.50
2, 5, 6, 36, 16, 0.50
2, 5, 9, 36, 5, 0.50
2, 6, 7, 36, 2, 0.50
2, 6, 10, 36, 24, 0.50
2, 7, 8, 36, 1, 0.50
2, 7, 11, 36, 20, 0.50
2, 8, 12, 36, 16, 0.50
2, 9, 10, 36, 1, 0.50
2, 9, 13, 36, 2, 0.50
2, 10, 11, 36, 2, 0.50
2, 10, 14, 36, 24, 0.50
2, 11, 12, 36, 17, 0.50
2, 11, 15, 36, 17, 0.50
2, 12, 16, 36, 15, 0.50
2, 13, 14, 36, 26, 0.50
2, 14, 15, 36, 25, 0.50
2, 15, 16, 36, 18, 0.50
2, 1, 2, 37, 5, 0.50
2, 1, 5, 37, 11, 0.50
2, 2, 3, 37, 27, 0.50
2, 2, 6, 37, 7, 0.50
2, 3, 4, 37, 20, 0.50
2, 3, 7, 37, 7, 0.50
2, 4, 8, 37, 15, 0.50
2, 5, 6, 37, 28, 0.50
2, 5, 9, 37, 11, 0.50
2, 6, 7, 37, 25, 0.50
2, 6, 10, 37, 21, 0.50
2, 7, 8, 37, 2, 0.50
2, 7, 11, 37, 13, 0.50
2, 8, 12, 37, 28, 0.50
2, 9, 10, 37, 27, 0.50
2, 9, 13, 37, 27, 0.50
2, 10, 11, 37, 17, 0.50
2, 10, 14, 37, 26, 0.50
2, 11, 12, 37, 17, 0.50
2, 11, 15, 37, 16, 0.50
2, 12, 16, 37, 22, 0.50
2, 13, 14, 37, 26, 0.50
2, 14, 15, 37, 23, 0.50
2, 15, 16, 37, 23, 0.50
2, 1, 2, 38, 21, 0.50
2, 1, 5, 38, 7, 0.50
2, 2, 3, 38, 14, 0.50
2, 2, 6, 38, 12, 0.50
2, 3, 4, 38, 3, 0.50
2, 3, 7, 38, 20, 0.50
2, 4, 8, 38, 20, 0.50
2, 5, 6, 38, 9, 0.50
2, 5, 9, 38, 29, 0.50
2, 6, 7, 38, 15, 0.50
2, 6, 10, 38, 24, 0.50
2, 7, 8, 38, 10, 0.50
2, 7, 11, 38, 12, 0.50
2, 8, 12, 38, 7, 0.50
2, 9, 10, 38, 10, 0.50
2, 9, 13, 38, 16, 0.50
2, 10, 11, 38, 27, 0.50
2, 10, 14, 38, 3, 0.50
2, 11, 12, 38, 28, 0.50
2, 11, 15, 38, 3, 0.50
2, 12, 16, 38, 19, 0.50
2, 13, 14, 38, 17, 0.50
2, 14, 15, 38, 8, 0.50
2, 15, 16, 38, 1, 0.50
2, 1, 2, 39, 9, 0.50
2, 1, 5, 39, 3, 0.50
2, 2, 3, 39, 14, 0.50
2, 2, 6, 39, 26, 0.50
2, 3, 4, 39, 16, 0.50
2, 3, 7, 39, 22, 0.50
2, 4, 8, 39, 3, 0.50
2, 5, 6, 39, 21, 0.50
2, 5, 9, 39, 24, 0.50
2, 6, 7, 39, 9, 0.50
2, 6, 10, 39, 12, 0.50
2, 7, 8, 39, 5, 0.50
2, 7, 11, 39, 16, 0.50
2, 8, 12, 39, 10, 0.50
2, 9, 10, 39, 26, 0.50
2, 9, 13, 39, 22, 0.50
2, 10, 11, 39, 25, 0.50
2, 10, 14, 39, 8, 0.50
2, 11, 12, 39, 3, 0.50
2, 11, 15, 39, 14, 0.50
2, 12, 16, 39, 12, 0.50
2, 13, 14, 39, 26, 0.50
2, 14, 15, 39, 21, 0.50
2, 15, 16, 39, 19, 0.50
2, 1, 2, 40, 4, 0.50
2, 1, 5, 40, 24, 0.50
2, 2, 3, 40, 13, 0.50
2, 2, 6, 40, 24, 0.50
2, 3, 4, 40, 15, 0.50
2, 3, 7, 40, 19, 0.50
2, 4, 8, 40, 2, 0.50
2, 5, 6, 40, 21, 0.50
2, 5, 9, 40, 14, 0.50
2, 6, 7, 40, 21, 0.50
2, 6, 10, 40, 10, 0.50
2, 7, 8, 40, 19, 0.50
2, 7, 11, 40, 29, 0.50
2, 8, 12, 40, 8, 0.50
2, 9, 10, 40, 9, 0.50
2, 9, 13, 40, 16, 0.50
2, 10, 11, 40, 12, 0.50
2, 10, 14, 40, 22, 0.50
2, 11, 12, 40, 9, 0.50
2, 11, 15, 40, 21, 0.50
2, 12, 16, 40, 7, 0.50
2, 13, 14, 40, 8, 0.50
2, 14, 15, 40, 4, 0.50
2, 15, 16, 40, 15, 0.50
2, 1, 2, 41, 14, 0.50
2, 1, 5, 41, 26, 0.50
2, 2, 3, 41, 11, 0.50
2, 2, 6, 41, 4, 0.50
2, 3, 4, 41, 16, 0.50
2, 3, 7, 41, 21, 0.50
2, 4, 8, 41, 11, 0.50
2, 5, 6, 41, 3, 0.50
2, 5, 9, 41, 2, 0.50
2, 6, 7, 41, 23, 0.50
2, 6, 10, 41, 25, 0.50
2, 7, 8, 41, 2, 0.50
2, 7, 11, 41, 17, 0.50
2, 8, 12, 41, 27, 0.50
2, 9, 10, 41, 13, 0.50
2, 9, 13, 41, 20, 0.50
2, 10, 11, 41, 15, 0.50
2, 10, 14, 41, 2, 0.50
2, 11, 12, 41, 11, 0.50
2, 11, 15, 41, 18, 0.50
2, 12, 16, 41, 4, 0.50
2, 13, 14, 41, 27, 0.50
2, 14, 15, 41, 15, 0.50
2, 15, 16, 41, 6, 0.50
2, 1, 2, 42, 24, 0.50
2, 1, 5, 42, 1, 0.50
2, 2, 3, 42, 12, 0.50
2, 2, 6, 42, 26, 0.50
2, 3, 4, 42, 22, 0.50
2, 3, 7, 42, 28, 0.50
2, 4, 8, 42, 24, 0.50
2, 5, 6, 42, 21, 0.50
2, 5, 9, 42, 5, 0.50
2, 6, 7, 42, 1, 0.50
2, 6, 10, 42, 10, 0.50
2, 7, 8, 42, 23, 0.50
2, 7, 11, 42, 26, 0.50
2, 8, 12, 42, 12, 0.50
2, 9, 10, 42, 17, 0.50
2, 9, 13, 42, 25, 0.50
2, 10, 11, 42, 24, 0.50
2, 10, 14, 42, 15, 0.50
2, 11, 12, 42, 28, 0.50
2, 11, 15, 42, 17, 0.50
2, 12, 16, 42, 18, 0.50
2, 13, 14, 42, 12, 0.50
2, 14, 15, 42, 12, 0.50
2, 15, 16, 42, 23, 0.50
2, 1, 2, 43, 10, 0.50
2, 1, 5, 43, 14, 0.50
2, 2, 3, 43, 21, 0.50
2, 2, 6, 43, 9, 0.50
2, 3, 4, 43, 18, 0.50
2, 3, 7, 43, 7, 0.50
2, 4, 8, 43, 15, 0.50
2, 5, 6, 43, 7, 0.50
2, 5, 9, 43, 23, 0.50
2, 6, 7, 43, 8, 0.50
2, 6, 10, 43, 10, 0.50
2, 7, 8, 43, 21, 0.50
2, 7, 11, 43, 6, 0.50
2, 8, 12, 43, 10, 0.50
2, 9, 10, 43, 1, 0.50
2, 9, 13, 43, 17, 0.50
2, 10, 11, 43, 15, 0.50
2, 10, 14, 43, 11, 0.50
2, 11, 12, 43, 2, 0.50
2, 11, 15, 43, 5, 0.50
2, 12, 16, 43, 23, 0.50
2, 13, 14, 43, 10, 0.50
2, 14, 15, 43, 20, 0.50
2, 15, 16, 43, 5, 0.50
2, 1, 2, 44, 24, 0.50
2, 1, 5, 44, 14, 0.50
2, 2, 3, 44, 16, 0.50
2, 2, 6, 44, 2, 0.50
2, 3, 4, 44, 18, 0.50
2, 3, 7, 44, 14, 0.50
2, 4, 8, 44, 22, 0.50
2, 5, 6, 44, 8, 0.50
2, 5, 9, 44, 25, 0.50
2, 6, 7, 44, 14, 0.50
2, 6, 10, 44, 5, 0.50
2, 7, 8, 44, 25, 0.50
2, 7, 11, 44, 14, 0.50
2, 8, 12, 44, 17, 0.50
2, 9, 10, 44, 7, 0.50
2, 9, 13, 44, 8, 0.50
2, 10, 11, 44, 16, 0.50
2, 10, 14, 44, 14, 0.50
2, 11, 12, 44, 8, 0.50
2, 11, 15, 44, 7, 0.50
2, 12, 16, 44, 5, 0.50
2, 13, 14, 44, 29, 0.50
2, 14, 15, 44, 2, 0.50
2, 15, 16, 44, 13, 0.50
2, 1, 2, 45, 2, 0.50
2, 1, 5, 45, 24, 0.50
2, 2, 3, 45, 23, 0.50
2, 2, 6, 45, 24, 0.50
2, 3, 4, 45, 25, 0.50
2, 3, 7, 45, 9, 0.50
2, 4, 8, 45, 3, 0.50
2, 5, 6, 45, 14, 0.50
2, 5, 9, 45, 11, 0.50
2, 6, 7, 45, 15, 0.50
2, 6, 10, 45, 8, 0.50
2, 7, 8, 45, 18, 0.50
2, 7, 11, 45, 23, 0.50
2, 8, 12, 45, 16, 0.50
2, 9, 10, 45, 7, 0.50
2, 9, 13, 45, 24, 0.50
2, 10, 11, 45, 22, 0.50
2, 10, 14, 45, 26, 0.50
2, 11, 12, 45, 18, 0.50
2, 11, 15, 45, 19, 0.50
2, 12, 16, 45, 22, 0.50
2, 13, 14, 45, 7, 0.50
2, 14, 15, 45, 3, 0.50
2, 15, 16, 45, 4, 0.50
2, 1, 2, 46, 14, 0.50
2, 1, 5, 46, 23, 0.50
2, 2, 3, 46, 10, 0.50
2, 2, 6, 46, 24, 0.50
2, 3, 4, 46, 12, 0.50
2, 3, 7, 46, 12, 0.50
2, 4, 8, 46, 15, 0.50
2, 5, 6, 46, 5, 0.50
2, 5, 9, 46, 11, 0.50
2, 6, 7, 46, 28, 0.50
2, 6, 10, 46, 21, 0.50
2, 7, 8, 46, 21, 0.50
2, 7, 11, 46, 10, 0.50
2, 8, 12, 46, 25, 0.50
2, 9, 10, 46, 7, 0.50
2, 9, 13, 46, 5, 0.50
2, 10, 11, 46, 25, 0.50
2, 10, 14, 46, 29, 0.50
2, 11, 12, 46, 25, 0.50
2, 11, 15, 46, 9, 0.50
2, 12, 16, 46, 16, 0.50
2, 13, 14, 46, 9, 0.50
2, 14, 15, 46, 4, 0.50
2, 15, 16, 46, 11, 0.50
2, 1, 2, 47, 5, 0.50
2, 1, 5, 47, 6, 0.50
2, 2, 3, 47, 16, 0.50
2, 2, 6, 47, 25, 0.50
2, 3, 4, 47, 17, 0.50
2, 3, 7, 47, 13, 0.50
2, 4, 8, 47, 26, 0.50
2, 5, 6, 47, 13, 0.50
2, 5, 9, 47, 29, 0.50
2, 6, 7, 47, 26, 0.50
2, 6, 10, 47, 7, 0.50
2, 7, 8, 47, 26, 0.50
2, 7, 11, 47, 25, 0.50
2, 8, 12, 47, 3, 0.50
2, 9, 10, 47, 3, 0.50
2, 9, 13, 47, 14, 0.50
2, 10, 11, 47, 3, 0.50
2, 10, 14, 47, 2, 0.50
2, 11, 12, 47, 20, 0.50
2, 11, 15, 47, 18, 0.50
2, 12, 16, 47, 5, 0.50
2, 13, 14, 47, 25, 0.50
2, 14, 15, 47, 25, 0.50
2, 15, 16, 47, 8, 0.50
2, 1, 2, 48, 5, 0.50
2, 1, 5, 48, 20, 0.50
2, 2, 3, 48, 7, 0.50
2, 2, 6, 48, 4, 0.50
2, 3, 4, 48, 6, 0.50
2, 3, 7, 48, 17, 0.50
2, 4, 8, 48, 21, 0.50
2, 5, 6, 48, 10, 0.50
2, 5, 9, 48, 15, 0.50
2, 6, 7, 48, 14, 0.50
2, 6, 10, 48, 25, 0.50
2, 7, 8, 48, 8, 0.50
2, 7, 11, 48, 10, 0.50
2, 8, 12, 48, 11, 0.50
2, 9, 10, 48, 3, 0.50
2, 9, 13, 48, 7, 0.50
2, 10, 11, 48, 4, 0.50
2, 10, 14, 48, 19, 0.50
2, 11, 12, 48, 24, 0.50
2, 11, 15, 48, 13, 0.50
2, 12, 16, 48, 25, 0.50
2, 13, 14, 48, 22, 0.50
2, 14, 15, 48, 12, 0.50
2, 15, 16, 48, 4, 0.50
2, 1, 2, 49, 11, 0.50
2, 1, 5, 49, 10, 0.50
2, 2, 3, 49, 17, 0.50
2, 2, 6, 49, 24, 0.50
2, 3, 4, 49, 28, 0.50
2, 3, 7, 49, 21, 0.50
2, 4, 8, 49, 1, 0.50
2, 5, 6, 49, 21, 0.50
2, 5, 9, 49, 19, 0.50
2, 6, 7, 49, 13, 0.50
2, 6, 10, 49, 11, 0.50
2, 7, 8, 49, 7, 0.50
2, 7, 11, 49, 6, 0.50
2, 8, 12, 49, 12, 0.50
2, 9, 10, 49, 28, 0.50
2, 9, 13, 49, 4, 0.50
2, 10, 11, 49, 18, 0.50
2, 10, 14, 49, 18, 0.50
2, 11, 12, 49, 2, 0.50
2, 11, 15, 49, 17, 0.50
2, 12, 16, 49, 28, 0.50
2, 13, 14, 49, 15, 0.50
2, 14, 15, 49, 2, 0.50
2, 15, 16, 49, 6, 0.50
2, 1, 2, 50, 26, 0.50
2, 1, 5, 50, 26, 0.50
2, 2, 3, 50, 23, 0.50
2, 2, 6, 50, 11, 0.50
2, 3, 4, 50, 9, 0.50
2, 3, 7, 50, 3, 0.50
2, 4, 8, 50, 25, 0.50
2, 5, 6, 50, 2, 0.50
2, 5, 9, 50, 16, 0.50
2, 6, 7, 50, 18, 0.50
2, 6, 10, 50, 2, 0.50
2, 7, 8, 50, 15, 0.50
2, 7, 11, 50, 17, 0.50
2, 8, 12, 50, 10, 0.50
2, 9, 10, 50, 8, 0.50
2, 9, 13, 50, 1, 0.50
2, 10, 11, 50, 21, 0.50
2, 10, 14, 50, 20, 0.50
2, 11, 12, 50, 11, 0.50
2, 11, 15, 50, 27, 0.50
2, 12, 16, 50, 1, 0.50
2, 13, 14, 50, 15, 0.50
2, 14, 15, 50, 2, 0.50
2, 15, 16, 50, 28, 0.50
2, 1, 2, 51, 3, 0.50
2, 1, 5, 51, 9, 0.50
2, 2, 3, 51, 8, 0.50
2, 2, 6, 51, 8, 0.50
2, 3, 4, 51, 27, 0.50
2, 3, 7, 51, 20, 0.50
2, 4, 8, 51, 2, 0.50
2, 5, 6, 51, 2, 0.50
2, 5, 9, 51, 24, 0.50
2, 6, 7, 51, 10, 0.50
2, 6, 10, 51, 10, 0.50
2, 7, 8, 51, 3, 0.50
2, 7, 11, 51, 21, 0.50
2, 8, 12, 51, 18, 0.50
2, 9, 10, 51, 29, 0.50
2, 9, 13, 51, 21, 0.50
2, 10, 11, 51, 29, 0.50
2, 10, 14, 51, 12, 0.50
2, 11, 12, 51, 5, 0.50
2, 11, 15, 51, 21, 0.50
2, 12, 16, 51, 1, 0.50
2, 13, 14, 51, 13, 0.50
2, 14, 15, 51, 16, 0.50
2, 15, 16, 51, 26, 0.50
2, 1, 2, 52, 4, 0.50
2, 1, 5, 52, 8, 0.50
2, 2, 3, 52, 1, 0.50
2, 2, 6, 52, 7, 0.50
2, 3, 4, 52, 11, 0.50
2, 3, 7, 52, 12, 0.50
2, 4, 8, 52, 15, 0.50
2, 5, 6, 52, 2, 0.50
2, 5, 9, 52, 13, 0.50
2, 6, 7, 52, 27, 0.50
2, 6, 10, 52, 6, 0.50
2, 7, 8, 52, 8, 0.50
2, 7, 11, 52, 5, 0.50
2, 8, 12, 52, 25, 0.50
2, 9, 10, 52, 21, 0.50
2, 9, 13, 52, 14, 0.50
2, 10, 11, 52, 11, 0.50
2, 10, 14, 52, 2, 0.50
2, 11, 12, 52, 27, 0.50
2, 11, 15, 52, 14, 0.50
2, 12, 16, 52, 22, 0.50
2, 13, 14, 52, 15, 0.50
2, 14, 15, 52, 16, 0.50
2, 15, 16, 52, 11, 0.50
2, 1, 2, 53, 22, 0.50
2, 1, 5, 53, 2, 0.50
2, 2, 3, 53, 26, 0.50
2, 2, 6, 53, 12, 0.50
2, 3, 4, 53, 27, 0.50
2, 3, 7, 53, 20, 0.50
2, 4, 8, 53, 16, 0.50
2, 5, 6, 53, 6, 0.50
2, 5, 9, 53, 29, 0.50
2, 6, 7, 53, 14, 0.50
2, 6, 10, 53, 3, 0.50
2, 7, 8, 53, 4, 0.50
2, 7, 11, 53, 18, 0.50
2, 8, 12, 53, 18, 0.50
2, 9, 10, 53, 26, 0.50
2, 9, 13, 53, 20, 0.50
2, 10, 11, 53, 28, 0.50
2, 10, 14, 53, 22, 0.50
2, 11, 12, 53, 18, 0.50
2, 11, 15, 53, 14, 0.50
2, 12, 16, 53, 17, 0.50
2, 13, 14, 53, 17, 0.50
2, 14, 15, 53, 24, 0.50
2, 15, 16, 53, 22, 0.50
2, 1, 2, 54, 9, 0.50
2, 1, 5, 54, 17, 0.50
2, 2, 3, 54, 24, 0.50
2, 2, 6, 54, 27, 0.50
2, 3, 4, 54, 2, 0.50
2, 3, 7, 54, 21, 0.50
2, 4, 8, 54, 14, 0.50
2, 5, 6, 54, 11, 0.50
2, 5, 9, 54, 26, 0.50
2, 6, 7, 54, 18, 0.50
2, 6, 10, 54, 28, 0.50
2, 7, 8, 54, 9, 0.50
2, 7, 11, 54, 16, 0.50
2, 8, 12, 54, 26, 0.50
2, 9, 10, 54, 10, 0.50
2, 9, 13, 54, 8, 0.50
2, 10, 11, 54, 8, 0.50
2, 10, 14, 54, 8, 0.50
2, 11, 12, 54, 17, 0.50
2, 11, 15, 54, 6, 0.50
2, 12, 16, 54, 21, 0.50
2, 13, 14, 54, 25, 0.50
2, 14, 15, 54, 28, 0.50
2, 15, 16, 54, 19, 0.50
2, 1, 2, 55, 29, 0.50
2, 1, 5, 55, 29, 0.50
2, 2, 3, 55, 6, 0.50
2, 2, 6, 55, 8, 0.50
2, 3, 4, 55, 29, 0.50
2, 3, 7, 55, 11, 0.50
2, 4, 8, 55, 27, 0.50
2, 5, 6, 55, 3, 0.50
2, 5, 9, 55, 4, 0.50
2, 6, 7, 55, 26, 0.50
2, 6, 10, 55, 10, 0.50
2, 7, 8, 55, 24, 0.50
2, 7, 11, 55, 6, 0.50
2, 8, 12, 55, 9, 0.50
2, 9, 10, 55, 17, 0.50
2, 9, 13, 55, 18, 0.50
2, 10, 11, 55, 17, 0.50
2, 10, 14, 55, 8, 0.50
2, 11, 12, 55, 10, 0.50
2, 11, 15, 55, 5, 0.50
2, 12, 16, 55, 8, 0.50
2, 13, 14, 55, 15, 0.50
2, 14, 15, 55, 21, 0.50
2, 15, 16, 55, 26, 0.50
2, 1, 2, 56, 20, 0.50
2, 1, 5, 56, 13, 0.50
2, 2, 3, 56, 17, 0.50
2, 2, 6, 56, 12, 0.50
2, 3, 4, 56, 28, 0.50
2, 3, 7, 56, 11, 0.50
2, 4, 8, 56, 29, 0.50
2, 5, 6, 56, 1, 0.50
2, 5, 9, 56, 25, 0.50
2, 6, 7, 56, 16, 0.50
2, 6, 10, 56, 7, 0.50
2, 7, 8, 56, 18, 0.50
2, 7, 11, 56, 25, 0.50
2, 8, 12, 56, 21, 0.50
2, 9, 10, 56, 18, 0.50
2, 9, 13, 56, 5, 0.50
2, 10, 11, 56, 17, 0.50
2, 10, 14, 56, 14, 0.50
2, 11, 12, 56, 11, 0.50
2, 11, 15, 56, 19, 0.50
2, 12, 16, 56, 3, 0.50
2, 13, 14, 56, 17, 0.50
2, 14, 15, 56, 27, 0.50
2, 15, 16, 56, 26, 0.50
2, 1, 2, 57, 25, 0.50
2, 1, 5, 57, 21, 0.50
2, 2, 3, 57, 13, 0.50
2, 2, 6, 57, 20, 0.50
2, 3, 4, 57, 25, 0.50
2, 3, 7, 57, 6, 0.50
2, 4, 8, 57, 7, 0.50
2, 5, 6, 57, 12, 0.50
2, 5, 9, 57, 10, 0.50
2, 6, 7, 57, 2, 0.50
2, 6, 10, 57, 1, 0.50
2, 7, 8, 57, 12, 0.50
2, 7, 11, 57, 9, 0.50
2, 8, 12, 57, 13, 0.50
2, 9, 10, 57, 8, 0.50
2, 9, 13, 57, 24, 0.50
2, 10, 11, 57, 10, 0.50
2, 10, 14, 57, 12, 0.50
2, 11, 12, 57, 22, 0.50
2, 11, 15, 57, 6, 0.50
2, 12, 16, 57, 7, 0.50
2, 13, 14, 57, 23, 0.50
2, 14, 15, 57, 8, 0.50
2, 15, 16, 57, 3, 0.50
2, 1, 2, 58, 28, 0.50
2, 1, 5, 58, 8, 0.50
2, 2, 3, 58, 4, 0.50
2, 2, 6, 58, 3, 0.50
2, 3, 4, 58, 19, 0.50
2, 3, 7, 58, 27, 0.50
2, 4, 8, 58, 17, 0.50
2, 5, 6, 58, 17, 0.50
2, 5, 9, 58, 25, 0.50
2, 6, 7, 58, 17, 0.50
2, 6, 10, 58, 24, 0.50
2, 7, 8, 58, 22, 0.50
2, 7, 11, 58, 19, 0.50
2, 8, 12, 58, 12, 0.50
2, 9, 10, 58, 27, 0.50
2, 9, 13, 58, 2, 0.50
2, 10, 11, 58, 6, 0.50
2, 10, 14, 58, 25, 0.50
2, 11, 12, 58, 9, 0.50
2, 11, 15, 58, 11, 0.50
2, 12, 16, 58, 13, 0.50
2, 13, 14, 58, 7, 0.50
2, 14, 15, 58, 11, 0.50
2, 15, 16, 58, 13, 0.50
2, 1, 2, 59, 6, 0.50
2, 1, 5, 59, 15, 0.50
2, 2, 3, 59, 1, 0.50
2, 2, 6, 59, 10, 0.50
2, 3, 4, 59, 29, 0.50
2, 3, 7, 59, 23, 0.50
2, 4, 8, 59, 23, 0.50
2, 5, 6, 59, 5, 0.50
2, 5, 9, 59, 2, 0.50
2, 6, 7, 59, 22, 0.50
2, 6, 10, 59, 27, 0.50
2, 7, 8, 59, 1, 0.50
2, 7, 11, 59, 17, 0.50
2, 8, 12, 59, 5, 0.50
2, 9, 10, 59, 11, 0.50
2, 9, 13, 59, 26, 0.50
2, 10, 11, 59, 2, 0.50
2, 10, 14, 59, 4, 0.50
2, 11, 12, 59, 28, 0.50
2, 11, 15, 59, 17, 0.50
2, 12, 16, 59, 2, 0.50
2, 13, 14, 59, 28, 0.50
2, 14, 15, 59, 27, 0.50
2, 15, 16, 59, 22, 0.50
2, 1, 2, 60, 18, 0.50
2, 1, 5, 60, 4, 0.50
2, 2, 3, 60, 15, 0.50
2, 2, 6, 60, 18, 0.50
2, 3, 4, 60, 22, 0.50
2, 3, 7, 60, 21, 0.50
2, 4, 8, 60, 4, 0.50
2, 5, 6, 60, 3, 0.50
2, 5, 9, 60, 10, 0.50
2, 6, 7, 60, 18, 0.50
2, 6, 10, 60, 23, 0.50
2, 7, 8, 60, 4, 0.50
2, 7, 11, 60, 13, 0.50
2, 8, 12, 60, 22, 0.50
2, 9, 10, 60, 23, 0.50
2, 9, 13, 60, 16, 0.50
2, 10, 11, 60, 7, 0.50
2, 10, 14, 60, 22, 0.50
2, 11, 12, 60, 14, 0.50
2, 11, 15, 60, 22, 0.50
2, 12, 16, 60, 13, 0.50
2, 13, 14, 60, 3, 0.50
2, 14, 15, 60, 15, 0.50
2, 15, 16, 60, 13, 0.50
2, 1, 2, 61, 18, 0.50
2, 1, 5, 61, 4, 0.50
2, 2, 3, 61, 22, 0.50
2, 2, 6, 61, 2, 0.50
2, 3, 4, 61, 28, 0.50
2, 3, 7, 61, 26, 0.50
2, 5, 6, 61, 9, 0.50
2, 5, 9, 61, 8, 0.50
2, 6, 7, 61, 13, 0.50
2, 6, 10, 61, 24, 0.50
2, 7, 8, 61, 25, 0.50
2, 7, 11, 61, 24, 0.50
2, 8, 12, 61, 12, 0.50
2, 9, 10, 61, 23, 0.50
2, 9, 13, 61, 14, 0.50
2, 10, 11, 61, 26, 0.50
2, 10, 14, 61, 5, 0.50
2, 11, 12, 61, 2, 0.50
2, 11, 15, 61, 24, 0.50
2, 12, 16, 61, 5, 0.50
2, 13, 14, 61, 13, 0.50
2, 14, 15, 61, 11, 0.50
2, 15, 16, 61, 7, 0.50
2, 1, 2, 62, 14, 0.50
2, 1, 5, 62, 17, 0.50
2, 2, 6, 62, 21, 0.50
2, 3, 4, 62, 7, 0.50
2, 3, 7, 62, 27, 0.50
2, 4, 8, 62, 20, 0.50
2, 5, 6, 62, 24, 0.50
2, 5, 9, 62, 7, 0.50
2, 6, 7, 62, 16, 0.50
2, 6, 10, 62, 2, 0.50
2, 7, 8, 62, 27, 0.50
2, 7, 11, 62, 5, 0.50
2, 8, 12, 62, 12, 0.50
2, 9, 10, 62, 15, 0.50
2, 9, 13, 62, 14, 0.50
2, 10, 11, 62, 5, 0.50
2, 10, 14, 62, 15, 0.50
2, 11, 12, 62, 19, 0.50
2, 11, 15, 62, 13, 0.50
2, 12, 16, 62, 17, 0.50
2, 13, 14, 62, 21, 0.50
2, 14, 15, 62, 25, 0.50
2, 1, 2, 63, 17, 0.50
2, 1, 5, 63, 12, 0.50
2, 2, 3, 63, 20, 0.50
2, 2, 6, 63, 15, 0.50
2, 3, 4, 63, 11, 0.50
2, 3, 7, 63, 7, 0.50
2, 4, 8, 63, 15, 0.50
2, 5, 6, 63, 13, 0.50
2, 5, 9, 63, 5, 0.50
2, 6, 7, 63, 9, 0.50
2, 6, 10, 63, 8, 0.50
2, 7, 8, 63, 3, 0.50
2, 7, 11, 63, 18, 0.50
2, 9, 13, 63, 7, 0.50
2, 10, 11, 63, 8, 0.50
2, 10, 14, 63, 22, 0.50
2, 11, 15, 63, 12, 0.50
2, 12, 16, 63, 11, 0.50
2, 13, 14, 63, 20, 0.50
2, 14, 15, 63, 1, 0.50
2, 15, 16, 63, 6, 0.50
2, 1, 2, 64, 14, 0.50
2, 1, 5, 64, 2, 0.50
2, 2, 3, 64, 3, 0.50
2, 2, 6, 64, 17, 0.50
2, 3, 4, 64, 3, 0.50
2, 4, 8, 64, 7, 0.50
2, 5, 6, 64, 2, 0.50
2, 5, 9, 64, 22, 0.50
2, 6, 7, 64, 17, 0.50
2, 6, 10, 64, 4, 0.50
2, 7, 8, 64, 3, 0.50
2, 7, 11, 64, 5, 0.50
2, 9, 10, 64, 5, 0.50
2, 9, 13, 64, 15, 0.50
2, 10, 11, 64, 6, 0.50
2, 10, 14, 64, 6, 0.50
2, 11, 12, 64, 6, 0.50
2, 12, 16, 64, 19, 0.50
2, 13, 14, 64, 18, 0.50
2, 15, 16, 64, 18, 0.50
2, 1, 2, 65, 13, 0.50
2, 1, 5, 65, 5, 0.50
2, 2, 3, 65, 9, 0.50
2, 2, 6, 65, 20, 0.50
2, 3, 7, 65, 24, 0.50
2, 4, 8, 65, 13, 0.50
2, 5, 6, 65, 23, 0.50
2, 5, 9, 65, 19, 0.50
2, 6, 7, 65, 15, 0.50
2, 6, 10, 65, 17, 0.50
2, 7, 11, 65, 10, 0.50
2, 8, 12, 65, 4, 0.50
2, 9, 10, 65, 18, 0.50
2, 9, 13, 65, 11, 0.50
2, 10, 11, 65, 20, 0.50
2, 11, 15, 65, 1, 0.50
2, 12, 16, 65, 19, 0.50
2, 14, 15, 65, 14, 0.50
2, 15, 16, 65, 22, 0.50
2, 1, 2, 66, 23, 0.50
2, 1, 5, 66, 20, 0.50
2, 2, 3, 66, 15, 0.50
2, 2, 6, 66, 9, 0.50
2, 3, 7, 66, 21, 0.50
2, 4, 8, 66, 12, 0.50
2, 5, 6, 66, 11, 0.50
2, 5, 9, 66, 21, 0.50
2, 6, 7, 66, 18, 0.50
2, 6, 10, 66, 8, 0.50
2, 7, 11, 66, 19, 0.50
2, 8, 12, 66, 1, 0.50
2, 9, 10, 66, 22, 0.50
2, 9, 13, 66, 14, 0.50
2, 10, 11, 66, 20, 0.50
2, 10, 14, 66, 2, 0.50
2, 11, 12, 66, 2, 0.50
2, 11, 15, 66, 18, 0.50
2, 12, 16, 66, 3, 0.50
2, 13, 14, 66, 11, 0.50
2, 14, 15, 66, 5, 0.50
2, 15, 16, 66, 19, 0.50
2, 1, 2, 67, 14, 0.50
2, 1, 5, 67, 2, 0.50
2, 2, 3, 67, 11, 0.50
2, 2, 6, 67, 2, 0.50
2, 3, 4, 67, 22, 0.50
2, 3, 7, 67, 8, 0.50
2, 5, 6, 67, 6, 0.50
2, 5, 9, 67, 5, 0.50
2, 6, 7, 67, 13, 0.50
2, 6, 10, 67, 1, 0.50
2, 8, 12, 67, 15, 0.50
2, 9, 10, 67, 22, 0.50
2, 9, 13, 67, 10, 0.50
2, 10, 14, 67, 18, 0.50
2, 11, 12, 67, 7, 0.50
2, 12, 16, 67, 7, 0.50
2, 14, 15, 67, 9, 0.50
2, 15, 16, 67, 4, 0.50
2, 2, 3, 68, 12, 0.50
2, 3, 4, 68, 4, 0.50
2, 3, 7, 68, 19, 0.50
2, 5, 6, 68, 14, 0.50
2, 5, 9, 68, 7, 0.50
2, 6, 7, 68, 12, 0.50
2, 6, 10, 68, 13, 0.50
2, 7, 8, 68, 18, 0.50
2, 7, 11, 68, 6, 0.50
2, 8, 12, 68, 8, 0.50
2, 9, 10, 68, 16, 0.50
2, 10, 11, 68, 2, 0.50
2, 10, 14, 68, 16, 0.50
2, 11, 12, 68, 21, 0.50
2, 11, 15, 68, 15, 0.50
2, 12, 16, 68, 18, 0.50
2, 13, 14, 68, 5, 0.50
2, 14, 15, 68, 6, 0.50
2, 15, 16, 68, 17, 0.50
2, 1, 2, 69, 18, 0.50
2, 2, 3, 69, 7, 0.50
2, 3, 4, 69, 13, 0.50
2, 4, 8, 69, 7, 0.50
2, 5, 9, 69, 18, 0.50
2, 6, 10, 69, 13, 0.50
2, 7, 8, 69, 20, 0.50
2, 7, 11, 69, 9, 0.50
2, 8, 12, 69, 2, 0.50
2, 9, 10, 69, 1, 0.50
2, 9, 13, 69, 18, 0.50
2, 10, 11, 69, 3, 0.50
2, 10, 14, 69, 19, 0.50
2, 11, 12, 69, 11, 0.50
2, 11, 15, 69, 16, 0.50
2, 12, 16, 69, 9, 0.50
2, 15, 16, 69, 9, 0.50
2, 2, 3, 70, 1, 0.50
2, 2, 6, 70, 6, 0.50
2, 4, 8, 70, 12, 0.50
2, 5, 6, 70, 2, 0.50
2, 5, 9, 70, 16, 0.50
2, 6, 7, 70, 5, 0.50
2, 6, 10, 70, 12, 0.50
2, 7, 11, 70, 6, 0.50
2, 9, 10, 70, 19, 0.50
2, 11, 12, 70, 3, 0.50
2, 11, 15, 70, 18, 0.50
2, 12, 16, 70, 15, 0.50
2, 13, 14, 70, 8, 0.50
2, 15, 16, 70, 6, 0.50
2, 1, 5, 71, 6, 0.50
2, 2, 3, 71, 14, 0.50
2, 3, 4, 71, 16, 0.50
2, 4, 8, 71, 5, 0.50
2, 5, 9, 71, 15, 0.50
2, 6, 10, 71, 9, 0.50
2, 7, 11, 71, 13, 0.50
2, 8, 12, 71, 12, 0.50
2, 9, 10, 71, 9, 0.50
2, 9, 13, 71, 5, 0.50
2, 11, 15, 71, 13, 0.50
2, 12, 16, 71, 15, 0.50
2, 15, 16, 71, 17, 0.50
2, 1, 2, 72, 11, 0.50
2, 1, 5, 72, 13, 0.50
2, 3, 7, 72, 12, 0.50
2, 6, 7, 72, 15, 0.50
2, 8, 12, 72, 5, 0.50
2, 11, 12, 72, 2, 0.50
2, 13, 14, 72, 14, 0.50
2, 14, 15, 72, 15, 0.50
2, 15, 16, 72, 14, 0.50
2, 1, 5, 73, 16, 0.50
2, 2, 3, 73, 12, 0.50
2, 3, 4, 73, 9, 0.50
2, 5, 9, 73, 12, 0.50
2, 7, 8, 73, 3, 0.50
2, 7, 11, 73, 13, 0.50
2, 8, 12, 73, 2, 0.50
2, 9, 10, 73, 14, 0.50
2, 10, 14, 73, 3, 0.50
2, 11, 12, 73, 4, 0.50
2, 1, 2, 74, 10, 0.50
2, 1, 5, 74, 5, 0.50
2, 2, 6, 74, 3, 0.50
2, 3, 7, 74, 9, 0.50
2, 5, 6, 74, 1, 0.50
2, 5, 9, 74, 15, 0.50
2, 6, 7, 74, 12, 0.50
2, 6, 10, 74, 5, 0.50
2, 10, 11, 74, 12, 0.50
2, 11, 12, 74, 7, 0.50
2, 11, 15, 74, 15, 0.50
2, 12, 16, 74, 2, 0.50
2, 1, 2, 75, 8, 0.50
2, 1, 5, 75, 3, 0.50
2, 2, 6, 75, 4, 0.50
2, 3, 4, 75, 9, 0.50
2, 8, 12, 75, 4, 0.50
2, 9, 10, 75, 11, 0.50
2, 11, 12, 75, 2, 0.50
2, 11, 15, 75, 4, 0.50
2, 14, 15, 75, 8, 0.50
2, 15, 16, 75, 6, 0.50
2, 1, 2, 76, 11, 0.50
2, 2, 3, 76, 6, 0.50
2, 2, 6, 76, 1, 0.50
2, 3, 4, 76, 1, 0.50
2, 4, 8, 76, 6, 0.50
2, 5, 6, 76, 7, 0.50
2, 5, 9, 76, 10, 0.50
2, 6, 10, 76, 5, 0.50
2, 7, 8, 76, 13, 0.50
2, 8, 12, 76, 12, 0.50
2, 9, 13, 76, 1, 0.50
2, 10, 11, 76, 12, 0.50
2, 11, 12, 76, 11, 0.50
2, 11, 15, 76, 10, 0.50
2, 14, 15, 76, 7, 0.50
2, 2, 6, 77, 3, 0.50
2, 3, 4, 77, 12, 0.50
2, 5, 9, 77, 3, 0.50
2, 7, 8, 77, 10, 0.50
2, 8, 12, 77, 7, 0.50
2, 9, 13, 77, 6, 0.50
2, 10, 11, 77, 4, 0.50
2, 10, 14, 77, 6, 0.50
2, 12, 16, 77, 8, 0.50
2, 15, 16, 77, 9, 0.50
2, 1, 2, 78, 9, 0.50
2, 2, 6, 78, 3, 0.50
2, 3, 4, 78, 11, 0.50
2, 5, 6, 78, 7, 0.50
2, 6, 10, 78, 3, 0.50
2, 7, 8, 78, 3, 0.50
2, 8, 12, 78, 9, 0.50
2, 9, 10, 78, 11, 0.50
2, 9, 13, 78, 4, 0.50
2, 10, 11, 78, 6, 0.50
2, 13, 14, 78, 2, 0.50
2, 1, 2, 79, 9, 0.50
2, 2, 3, 79, 10, 0.50
2, 3, 4, 79, 9, 0.50
2, 3, 7, 79, 8, 0.50
2, 4, 8, 79, 2, 0.50
2, 5, 9, 79, 5, 0.50
2, 10, 11, 79, 7, 0.50
2, 15, 16, 79, 8, 0.50
2, 1, 5, 80, 2, 0.50
2, 4, 8, 80, 4, 0.50
2, 5, 9, 80, 2, 0.50
2, 10, 11, 80, 8, 0.50
2, 10, 14, 80, 5, 0.50
2, 11, 12, 80, 8, 0.50
2, 11, 15, 80, 8, 0.50
2, 7, 8, 81, 6, 0.50
2, 7, 11, 81, 1, 0.50
2, 10, 11, 81, 5, 0.50
2, 14, 15, 81, 8, 0.50
2, 15, 16, 81, 2, 0.50
2, 2, 3, 82, 4, 0.50
2, 3, 4, 82, 6, 0.50
2, 10, 11, 82, 6, 0.50
2, 15, 16, 82, 2, 0.50
2, 2, 3, 84, 1, 0.50
2, 5, 6, 84, 3, 0.50
2, 9, 13, 84, 2, 0.50
2, 14, 15, 84, 5, 0.50
2, 15, 16, 84, 1, 0.50
2, 1, 5, 85, 4, 0.50
2, 4, 8, 85, 3, 0.50
2, 9, 10, 85, 4, 0.50
2, 12, 16, 85, 2, 0.50
2, 5, 6, 86, 2, 0.50
2, 6, 7, 86, 1, 0.50
2, 9, 13, 86, 3, 0.50
2, 5, 6, 87, 2, 0.50
2, 7, 8, 87, 2, 0.50
