k, i, j, t, w, pr
1, 1, 2, 0, 6, 0.50
1, 1, 6, 0, 12, 0.50
1, 2, 3, 0, 3, 0.50
1, 2, 7, 0, 8, 0.50
1, 3, 4, 0, 3, 0.50
1, 3, 8, 0, 6, 0.50
1, 4, 5, 0, 13, 0.50
1, 4, 9, 0, 12, 0.50
1, 5, 10, 0, 11, 0.50
1, 6, 7, 0, 7, 0.50
1, 6, 11, 0, 2, 0.50
1, 7, 8, 0, 10, 0.50
1, 7, 12, 0, 13, 0.50
1, 8, 9, 0, 8, 0.50
1, 8, 13, 0, 6, 0.50
1, 9, 10, 0, 8, 0.50
1, 9, 14, 0, 8, 0.50
1, 10, 15, 0, 9, 0.50
1, 11, 12, 0, 4, 0.50
1, 11, 16, 0, 4, 0.50
1, 12, 13, 0, 5, 0.50
1, 12, 17, 0, 3, 0.50
1, 13, 14, 0, 4, 0.50
1, 13, 18, 0, 13, 0.50
1, 14, 15, 0, 6, 0.50
1, 14, 19, 0, 10, 0.50
1, 15, 20, 0, 10, 0.50
1, 16, 17, 0, 12, 0.50
1, 16, 21, 0, 10, 0.50
1, 17, 18, 0, 14, 0.50
1, 17, 22, 0, 5, 0.50
1, 18, 19, 0, 8, 0.50
1, 18, 23, 0, 10, 0.50
1, 19, 20, 0, 4, 0.50
1, 19, 24, 0, 4, 0.50
1, 20, 25, 0, 6, 0.50
1, 21, 22, 0, 5, 0.50
1, 22, 23, 0, 12, 0.50
1, 23, 24, 0, 11, 0.50
1, 24, 25, 0, 4, 0.50
1, 1, 2, 1, 13, 0.50
1, 1, 6, 1, 1, 0.50
1, 2, 3, 1, 10, 0.50
1, 2, 7, 1, 14, 0.50
1, 3, 4, 1, 3, 0.50
1, 3, 8, 1, 2, 0.50
1, 4, 5, 1, 9, 0.50
1, 4, 9, 1, 13, 0.50
1, 5, 10, 1, 6, 0.50
1, 6, 7, 1, 7, 0.50
1, 6, 11, 1, 12, 0.50
1, 7, 8, 1, 2, 0.50
1, 7, 12, 1, 8, 0.50
1, 8, 9, 1, 13, 0.50
1, 8, 13, 1, 4, 0.50
1, 9, 10, 1, 5, 0.50
1, 9, 14, 1, 13, 0.50
1, 10, 15, 1, 1, 0.50
1, 11, 12, 1, 4, 0.50
1, 11, 16, 1, 4, 0.50
1, 12, 13, 1, 7, 0.50
1, 12, 17, 1, 5, 0.50
1, 13, 14, 1, 3, 0.50
1, 13, 18, 1, 6, 0.50
1, 14, 15, 1, 5, 0.50
1, 14, 19, 1, 2, 0.50
1, 15, 20, 1, 10, 0.50
1, 16, 17, 1, 3, 0.50
1, 16, 21, 1, 8, 0.50
1, 17, 18, 1, 2, 0.50
1, 17, 22, 1, 3, 0.50
1, 18, 19, 1, 8, 0.50
1, 18, 23, 1, 1, 0.50
1, 19, 20, 1, 5, 0.50
1, 19, 24, 1, 13, 0.50
1, 20, 25, 1, 6, 0.50
1, 21, 22, 1, 10, 0.50
1, 22, 23, 1, 10, 0.50
1, 23, 24, 1, 8, 0.50
1, 24, 25, 1, 9, 0.50
1, 1, 2, 2, 12, 0.50
1, 1, 6, 2, 8, 0.50
1, 2, 3, 2, 12, 0.50
1, 2, 7, 2, 3, 0.50
1, 3, 4, 2, 2, 0.50
1, 3, 8, 2, 12, 0.50
1, 4, 5, 2, 11, 0.50
1, 4, 9, 2, 10, 0.50
1, 5, 10, 2, 3, 0.50
1, 6, 7, 2, 9, 0.50
1, 6, 11, 2, 9, 0.50
1, 7, 8, 2, 9, 0.50
1, 7, 12, 2, 3, 0.50
1, 8, 9, 2, 13, 0.50
1, 8, 13, 2, 4, 0.50
1, 9, 10, 2, 4, 0.50
1, 9, 14, 2, 7, 0.50
1, 10, 15, 2, 3, 0.50
1, 11, 12, 2, 12, 0.50
1, 11, 16, 2, 14, 0.50
1, 12, 13, 2, 3, 0.50
1, 12, 17, 2, 13, 0.50
1, 13, 14, 2, 4, 0.50
1, 13, 18, 2, 8, 0.50
1, 14, 15, 2, 11, 0.50
1, 14, 19, 2, 3, 0.50
1, 15, 20, 2, 11, 0.50
1, 16, 17, 2, 5, 0.50
1, 16, 21, 2, 11, 0.50
1, 17, 18, 2, 10, 0.50
1, 17, 22, 2, 3, 0.50
1, 18, 19, 2, 10, 0.50
1, 18, 23, 2, 3, 0.50
1, 19, 20, 2, 10, 0.50
1, 19, 24, 2, 13, 0.50
1, 20, 25, 2, 13, 0.50
1, 21, 22, 2, 6, 0.50
1, 22, 23, 2, 12, 0.50
1, 23, 24, 2, 11, 0.50
1, 24, 25, 2, 5, 0.50
1, 1, 2, 3, 11, 0.50
1, 1, 6, 3, 4, 0.50
1, 2, 3, 3, 11, 0.50
1, 2, 7, 3, 14, 0.50
1, 3, 4, 3, 10, 0.50
1, 3, 8, 3, 8, 0.50
1, 4, 5, 3, 1, 0.50
1, 4, 9, 3, 14, 0.50
1, 5, 10, 3, 5, 0.50
1, 6, 7, 3, 9, 0.50
1, 6, 11, 3, 11, 0.50
1, 7, 8, 3, 6, 0.50
1, 7, 12, 3, 8, 0.50
1, 8, 9, 3, 2, 0.50
1, 8, 13, 3, 11, 0.50
1, 9, 10, 3, 3, 0.50
1, 9, 14, 3, 6, 0.50
1, 10, 15, 3, 8, 0.50
1, 11, 12, 3, 13, 0.50
1, 11, 16, 3, 13, 0.50
1, 12, 13, 3, 12, 0.50
1, 12, 17, 3, 7, 0.50
1, 13, 14, 3, 14, 0.50
1, 13, 18, 3, 4, 0.50
1, 14, 15, 3, 3, 0.50
1, 14, 19, 3, 11, 0.50
1, 15, 20, 3, 6, 0.50
1, 16, 17, 3, 10, 0.50
1, 16, 21, 3, 5, 0.50
1, 17, 18, 3, 11, 0.50
1, 17, 22, 3, 5, 0.50
1, 18, 19, 3, 14, 0.50
1, 18, 23, 3, 5, 0.50
1, 19, 20, 3, 10, 0.50
1, 19, 24, 3, 14, 0.50
1, 20, 25, 3, 4, 0.50
1, 21, 22, 3, 14, 0.50
1, 22, 23, 3, 1, 0.50
1, 23, 24, 3, 3, 0.50
1, 24, 25, 3, 11, 0.50
1, 1, 2, 4, 3, 0.50
1, 1, 6, 4, 12, 0.50
1, 2, 3, 4, 11, 0.50
1, 2, 7, 4, 12, 0.50
1, 3, 4, 4, 10, 0.50
1, 3, 8, 4, 4, 0.50
1, 4, 5, 4, 14, 0.50
1, 4, 9, 4, 11, 0.50
1, 5, 10, 4, 13, 0.50
1, 6, 7, 4, 4, 0.50
1, 6, 11, 4, 5, 0.50
1, 7, 8, 4, 10, 0.50
1, 7, 12, 4, 13, 0.50
1, 8, 9, 4, 11, 0.50
1, 8, 13, 4, 3, 0.50
1, 9, 10, 4, 9, 0.50
1, 9, 14, 4, 1, 0.50
1, 10, 15, 4, 3, 0.50
1, 11, 12, 4, 10, 0.50
1, 11, 16, 4, 6, 0.50
1, 12, 13, 4, 8, 0.50
1, 12, 17, 4, 4, 0.50
1, 13, 14, 4, 8, 0.50
1, 13, 18, 4, 4, 0.50
1, 14, 15, 4, 4, 0.50
1, 14, 19, 4, 10, 0.50
1, 15, 20, 4, 9, 0.50
1, 16, 17, 4, 10, 0.50
1, 16, 21, 4, 8, 0.50
1, 17, 18, 4, 9, 0.50
1, 17, 22, 4, 5, 0.50
1, 18, 19, 4, 10, 0.50
1, 18, 23, 4, 9, 0.50
1, 19, 20, 4, 2, 0.50
1, 19, 24, 4, 8, 0.50
1, 20, 25, 4, 3, 0.50
1, 21, 22, 4, 2, 0.50
1, 22, 23, 4, 7, 0.50
1, 23, 24, 4, 13, 0.50
1, 24, 25, 4, 8, 0.50
1, 1, 2, 5, 6, 0.50
1, 1, 6, 5, 12, 0.50
1, 2, 3, 5, 1, 0.50
1, 2, 7, 5, 5, 0.50
1, 3, 4, 5, 9, 0.50
1, 3, 8, 5, 11, 0.50
1, 4, 5, 5, 5, 0.50
1, 4, 9, 5, 10, 0.50
1, 5, 10, 5, 11, 0.50
1, 6, 7, 5, 9, 0.50
1, 6, 11, 5, 7, 0.50
1, 7, 8, 5, 8, 0.50
1, 7, 12, 5, 7, 0.50
1, 8, 9, 5, 8, 0.50
1, 8, 13, 5, 10, 0.50
1, 9, 10, 5, 13, 0.50
1, 9, 14, 5, 7, 0.50
1, 10, 15, 5, 6, 0.50
1, 11, 12, 5, 3, 0.50
1, 11, 16, 5, 3, 0.50
1, 12, 13, 5, 11, 0.50
1, 12, 17, 5, 7, 0.50
1, 13, 14, 5, 13, 0.50
1, 13, 18, 5, 11, 0.50
1, 14, 15, 5, 8, 0.50
1, 14, 19, 5, 5, 0.50
1, 15, 20, 5, 4, 0.50
1, 16, 17, 5, 14, 0.50
1, 16, 21, 5, 13, 0.50
1, 17, 18, 5, 8, 0.50
1, 17, 22, 5, 8, 0.50
1, 18, 19, 5, 14, 0.50
1, 18, 23, 5, 7, 0.50
1, 19, 20, 5, 1, 0.50
1, 19, 24, 5, 8, 0.50
1, 20, 25, 5, 6, 0.50
1, 21, 22, 5, 4, 0.50
1, 22, 23, 5, 10, 0.50
1, 23, 24, 5, 13, 0.50
1, 24, 25, 5, 11, 0.50
1, 1, 2, 6, 6, 0.50
1, 1, 6, 6, 8, 0.50
1, 2, 3, 6, 3, 0.50
1, 2, 7, 6, 12, 0.50
1, 3, 4, 6, 3, 0.50
1, 3, 8, 6, 9, 0.50
1, 4, 5, 6, 11, 0.50
1, 4, 9, 6, 3, 0.50
1, 5, 10, 6, 2, 0.50
1, 6, 7, 6, 1, 0.50
1, 6, 11, 6, 14, 0.50
1, 7, 8, 6, 9, 0.50
1, 7, 12, 6, 9, 0.50
1, 8, 9, 6, 11, 0.50
1, 8, 13, 6, 5, 0.50
1, 9, 10, 6, 14, 0.50
1, 9, 14, 6, 9, 0.50
1, 10, 15, 6, 4, 0.50
1, 11, 12, 6, 11, 0.50
1, 11, 16, 6, 1, 0.50
1, 12, 13, 6, 11, 0.50
1, 12, 17, 6, 10, 0.50
1, 13, 14, 6, 1, 0.50
1, 13, 18, 6, 9, 0.50
1, 14, 15, 6, 5, 0.50
1, 14, 19, 6, 9, 0.50
1, 15, 20, 6, 7, 0.50
1, 16, 17, 6, 3, 0.50
1, 16, 21, 6, 6, 0.50
1, 17, 18, 6, 4, 0.50
1, 17, 22, 6, 11, 0.50
1, 18, 19, 6, 9, 0.50
1, 18, 23, 6, 13, 0.50
1, 19, 20, 6, 12, 0.50
1, 19, 24, 6, 8, 0.50
1, 20, 25, 6, 14, 0.50
1, 21, 22, 6, 13, 0.50
1, 22, 23, 6, 2, 0.50
1, 23, 24, 6, 6, 0.50
1, 24, 25, 6, 10, 0.50
1, 1, 2, 7, 8, 0.50
1, 1, 6, 7, 9, 0.50
1, 2, 3, 7, 10, 0.50
1, 2, 7, 7, 2, 0.50
1, 3, 4, 7, 5, 0.50
1, 3, 8, 7, 6, 0.50
1, 4, 5, 7, 9, 0.50
1, 4, 9, 7, 8, 0.50
1, 5, 10, 7, 3, 0.50
1, 6, 7, 7, 1, 0.50
1, 6, 11, 7, 5, 0.50
1, 7, 8, 7, 9, 0.50
1, 7, 12, 7, 8, 0.50
1, 8, 9, 7, 3, 0.50
1, 8, 13, 7, 9, 0.50
1, 9, 10, 7, 11, 0.50
1, 9, 14, 7, 3, 0.50
1, 10, 15, 7, 8, 0.50
1, 11, 12, 7, 4, 0.50
1, 11, 16, 7, 6, 0.50
1, 12, 13, 7, 9, 0.50
1, 12, 17, 7, 5, 0.50
1, 13, 14, 7, 13, 0.50
1, 13, 18, 7, 14, 0.50
1, 14, 15, 7, 13, 0.50
1, 14, 19, 7, 8, 0.50
1, 15, 20, 7, 11, 0.50
1, 16, 17, 7, 13, 0.50
1, 16, 21, 7, 7, 0.50
1, 17, 18, 7, 5, 0.50
1, 17, 22, 7, 6, 0.50
1, 18, 19, 7, 3, 0.50
1, 18, 23, 7, 8, 0.50
1, 19, 20, 7, 13, 0.50
1, 19, 24, 7, 10, 0.50
1, 20, 25, 7, 7, 0.50
1, 21, 22, 7, 12, 0.50
1, 22, 23, 7, 14, 0.50
1, 23, 24, 7, 7, 0.50
1, 24, 25, 7, 9, 0.50
1, 1, 2, 8, 6, 0.50
1, 1, 6, 8, 5, 0.50
1, 2, 3, 8, 3, 0.50
1, 2, 7, 8, 5, 0.50
1, 3, 4, 8, 4, 0.50
1, 3, 8, 8, 2, 0.50
1, 4, 5, 8, 3, 0.50
1, 4, 9, 8, 11, 0.50
1, 5, 10, 8, 7, 0.50
1, 6, 7, 8, 13, 0.50
1, 6, 11, 8, 2, 0.50
1, 7, 8, 8, 4, 0.50
1, 7, 12, 8, 5, 0.50
1, 8, 9, 8, 11, 0.50
1, 8, 13, 8, 2, 0.50
1, 9, 10, 8, 8, 0.50
1, 9, 14, 8, 5, 0.50
1, 10, 15, 8, 14, 0.50
1, 11, 12, 8, 8, 0.50
1, 11, 16, 8, 8, 0.50
1, 12, 13, 8, 12, 0.50
1, 12, 17, 8, 8, 0.50
1, 13, 14, 8, 2, 0.50
1, 13, 18, 8, 8, 0.50
1, 14, 15, 8, 11, 0.50
1, 14, 19, 8, 1, 0.50
1, 15, 20, 8, 5, 0.50
1, 16, 17, 8, 11, 0.50
1, 16, 21, 8, 4, 0.50
1, 17, 18, 8, 9, 0.50
1, 17, 22, 8, 9, 0.50
1, 18, 19, 8, 11, 0.50
1, 18, 23, 8, 4, 0.50
1, 19, 20, 8, 6, 0.50
1, 19, 24, 8, 13, 0.50
1, 20, 25, 8, 4, 0.50
1, 21, 22, 8, 8, 0.50
1, 22, 23, 8, 10, 0.50
1, 23, 24, 8, 13, 0.50
1, 24, 25, 8, 9, 0.50
1, 1, 2, 9, 6, 0.50
1, 1, 6, 9, 6, 0.50
1, 2, 3, 9, 10, 0.50
1, 2, 7, 9, 12, 0.50
1, 3, 4, 9, 10, 0.50
1, 3, 8, 9, 4, 0.50
1, 4, 5, 9, 1, 0.50
1, 4, 9, 9, 6, 0.50
1, 5, 10, 9, 13, 0.50
1, 6, 7, 9, 2, 0.50
1, 6, 11, 9, 7, 0.50
1, 7, 8, 9, 4, 0.50
1, 7, 12, 9, 6, 0.50
1, 8, 9, 9, 9, 0.50
1, 8, 13, 9, 4, 0.50
1, 9, 10, 9, 9, 0.50
1, 9, 14, 9, 8, 0.50
1, 10, 15, 9, 12, 0.50
1, 11, 12, 9, 10, 0.50
1, 11, 16, 9, 8, 0.50
1, 12, 13, 9, 11, 0.50
1, 12, 17, 9, 2, 0.50
1, 13, 14, 9, 12, 0.50
1, 13, 18, 9, 4, 0.50
1, 14, 15, 9, 5, 0.50
1, 14, 19, 9, 5, 0.50
1, 15, 20, 9, 9, 0.50
1, 16, 17, 9, 3, 0.50
1, 16, 21, 9, 4, 0.50
1, 17, 18, 9, 7, 0.50
1, 17, 22, 9, 1, 0.50
1, 18, 19, 9, 13, 0.50
1, 18, 23, 9, 13, 0.50
1, 19, 20, 9, 9, 0.50
1, 19, 24, 9, 11, 0.50
1, 20, 25, 9, 4, 0.50
1, 21, 22, 9, 11, 0.50
1, 22, 23, 9, 13, 0.50
1, 23, 24, 9, 10, 0.50
1, 24, 25, 9, 3, 0.50
1, 1, 2, 10, 5, 0.50
1, 1, 6, 10, 14, 0.50
1, 2, 3, 10, 5, 0.50
1, 2, 7, 10, 1, 0.50
1, 3, 4, 10, 13, 0.50
1, 3, 8, 10, 3, 0.50
1, 4, 5, 10, 11, 0.50
1, 4, 9, 10, 7, 0.50
1, 5, 10, 10, 13, 0.50
1, 6, 7, 10, 13, 0.50
1, 6, 11, 10, 13, 0.50
1, 7, 8, 10, 13, 0.50
1, 7, 12, 10, 7, 0.50
1, 8, 9, 10, 5, 0.50
1, 8, 13, 10, 11, 0.50
1, 9, 10, 10, 11, 0.50
1, 9, 14, 10, 11, 0.50
1, 10, 15, 10, 7, 0.50
1, 11, 12, 10, 9, 0.50
1, 11, 16, 10, 9, 0.50
1, 12, 13, 10, 2, 0.50
1, 12, 17, 10, 8, 0.50
1, 13, 14, 10, 7, 0.50
1, 13, 18, 10, 12, 0.50
1, 14, 15, 10, 1, 0.50
1, 14, 19, 10, 11, 0.50
1, 15, 20, 10, 3, 0.50
1, 16, 17, 10, 10, 0.50
1, 16, 21, 10, 6, 0.50
1, 17, 18, 10, 3, 0.50
1, 17, 22, 10, 7, 0.50
1, 18, 19, 10, 8, 0.50
1, 18, 23, 10, 13, 0.50
1, 19, 20, 10, 9, 0.50
1, 19, 24, 10, 3, 0.50
1, 20, 25, 10, 12, 0.50
1, 21, 22, 10, 5, 0.50
1, 22, 23, 10, 2, 0.50
1, 23, 24, 10, 11, 0.50
1, 24, 25, 10, 4, 0.50
1, 1, 2, 11, 6, 0.50
1, 1, 6, 11, 8, 0.50
1, 2, 3, 11, 11, 0.50
1, 2, 7, 11, 8, 0.50
1, 3, 4, 11, 2, 0.50
1, 3, 8, 11, 13, 0.50
1, 4, 5, 11, 13, 0.50
1, 4, 9, 11, 8, 0.50
1, 5, 10, 11, 2, 0.50
1, 6, 7, 11, 4, 0.50
1, 6, 11, 11, 1, 0.50
1, 7, 8, 11, 8, 0.50
1, 7, 12, 11, 6, 0.50
1, 8, 9, 11, 6, 0.50
1, 8, 13, 11, 14, 0.50
1, 9, 10, 11, 12, 0.50
1, 9, 14, 11, 12, 0.50
1, 10, 15, 11, 14, 0.50
1, 11, 12, 11, 6, 0.50
1, 11, 16, 11, 1, 0.50
1, 12, 13, 11, 13, 0.50
1, 12, 17, 11, 8, 0.50
1, 13, 14, 11, 5, 0.50
1, 13, 18, 11, 10, 0.50
1, 14, 15, 11, 13, 0.50
1, 14, 19, 11, 7, 0.50
1, 15, 20, 11, 6, 0.50
1, 16, 17, 11, 9, 0.50
1, 16, 21, 11, 6, 0.50
1, 17, 18, 11, 9, 0.50
1, 17, 22, 11, 10, 0.50
1, 18, 19, 11, 3, 0.50
1, 18, 23, 11, 10, 0.50
1, 19, 20, 11, 11, 0.50
1, 19, 24, 11, 3, 0.50
1, 20, 25, 11, 6, 0.50
1, 21, 22, 11, 2, 0.50
1, 22, 23, 11, 2, 0.50
1, 23, 24, 11, 12, 0.50
1, 24, 25, 11, 2, 0.50
1, 1, 2, 12, 8, 0.50
1, 1, 6, 12, 6, 0.50
1, 2, 3, 12, 7, 0.50
1, 2, 7, 12, 2, 0.50
1, 3, 4, 12, 14, 0.50
1, 3, 8, 12, 5, 0.50
1, 4, 5, 12, 7, 0.50
1, 4, 9, 12, 5, 0.50
1, 5, 10, 12, 11, 0.50
1, 6, 7, 12, 5, 0.50
1, 6, 11, 12, 6, 0.50
1, 7, 8, 12, 13, 0.50
1, 7, 12, 12, 5, 0.50
1, 8, 9, 12, 9, 0.50
1, 8, 13, 12, 8, 0.50
1, 9, 10, 12, 3, 0.50
1, 9, 14, 12, 11, 0.50
1, 10, 15, 12, 11, 0.50
1, 11, 12, 12, 11, 0.50
1, 11, 16, 12, 9, 0.50
1, 12, 13, 12, 7, 0.50
1, 12, 17, 12, 9, 0.50
1, 13, 14, 12, 3, 0.50
1, 13, 18, 12, 3, 0.50
1, 14, 15, 12, 10, 0.50
1, 14, 19, 12, 7, 0.50
1, 15, 20, 12, 11, 0.50
1, 16, 17, 12, 6, 0.50
1, 16, 21, 12, 1, 0.50
1, 17, 18, 12, 9, 0.50
1, 17, 22, 12, 9, 0.50
1, 18, 19, 12, 4, 0.50
1, 18, 23, 12, 7, 0.50
1, 19, 20, 12, 1, 0.50
1, 19, 24, 12, 2, 0.50
1, 20, 25, 12, 11, 0.50
1, 21, 22, 12, 11, 0.50
1, 22, 23, 12, 7, 0.50
1, 23, 24, 12, 7, 0.50
1, 24, 25, 12, 6, 0.50
1, 1, 2, 13, 12, 0.50
1, 1, 6, 13, 11, 0.50
1, 2, 3, 13, 11, 0.50
1, 2, 7, 13, 2, 0.50
1, 3, 4, 13, 3, 0.50
1, 3, 8, 13, 4, 0.50
1, 4, 5, 13, 8, 0.50
1, 4, 9, 13, 6, 0.50
1, 5, 10, 13, 11, 0.50
1, 6, 7, 13, 3, 0.50
1, 6, 11, 13, 7, 0.50
1, 7, 8, 13, 11, 0.50
1, 7, 12, 13, 12, 0.50
1, 8, 9, 13, 8, 0.50
1, 8, 13, 13, 13, 0.50
1, 9, 10, 13, 13, 0.50
1, 9, 14, 13, 10, 0.50
1, 10, 15, 13, 6, 0.50
1, 11, 12, 13, 9, 0.50
1, 11, 16, 13, 10, 0.50
1, 12, 13, 13, 14, 0.50
1, 12, 17, 13, 11, 0.50
1, 13, 14, 13, 5, 0.50
1, 13, 18, 13, 4, 0.50
1, 14, 15, 13, 5, 0.50
1, 14, 19, 13, 13, 0.50
1, 15, 20, 13, 6, 0.50
1, 16, 17, 13, 7, 0.50
1, 16, 21, 13, 6, 0.50
1, 17, 18, 13, 7, 0.50
1, 17, 22, 13, 12, 0.50
1, 18, 19, 13, 5, 0.50
1, 18, 23, 13, 12, 0.50
1, 19, 20, 13, 10, 0.50
1, 19, 24, 13, 13, 0.50
1, 20, 25, 13, 10, 0.50
1, 21, 22, 13, 10, 0.50
1, 22, 23, 13, 11, 0.50
1, 23, 24, 13, 13, 0.50
1, 24, 25, 13, 9, 0.50
1, 1, 2, 14, 11, 0.50
1, 1, 6, 14, 9, 0.50
1, 2, 3, 14, 12, 0.50
1, 2, 7, 14, 13, 0.50
1, 3, 4, 14, 3, 0.50
1, 3, 8, 14, 14, 0.50
1, 4, 5, 14, 8, 0.50
1, 4, 9, 14, 13, 0.50
1, 5, 10, 14, 7, 0.50
1, 6, 7, 14, 4, 0.50
1, 6, 11, 14, 13, 0.50
1, 7, 8, 14, 2, 0.50
1, 7, 12, 14, 6, 0.50
1, 8, 9, 14, 6, 0.50
1, 8, 13, 14, 2, 0.50
1, 9, 10, 14, 2, 0.50
1, 9, 14, 14, 1, 0.50
1, 10, 15, 14, 10, 0.50
1, 11, 12, 14, 8, 0.50
1, 11, 16, 14, 5, 0.50
1, 12, 13, 14, 5, 0.50
1, 12, 17, 14, 14, 0.50
1, 13, 14, 14, 8, 0.50
1, 13, 18, 14, 1, 0.50
1, 14, 15, 14, 8, 0.50
1, 14, 19, 14, 4, 0.50
1, 15, 20, 14, 2, 0.50
1, 16, 17, 14, 6, 0.50
1, 16, 21, 14, 1, 0.50
1, 17, 18, 14, 4, 0.50
1, 17, 22, 14, 13, 0.50
1, 18, 19, 14, 2, 0.50
1, 18, 23, 14, 3, 0.50
1, 19, 20, 14, 13, 0.50
1, 19, 24, 14, 13, 0.50
1, 20, 25, 14, 14, 0.50
1, 21, 22, 14, 13, 0.50
1, 22, 23, 14, 9, 0.50
1, 23, 24, 14, 4, 0.50
1, 24, 25, 14, 2, 0.50
1, 1, 2, 15, 9, 0.50
1, 1, 6, 15, 8, 0.50
1, 2, 3, 15, 8, 0.50
1, 2, 7, 15, 11, 0.50
1, 3, 4, 15, 3, 0.50
1, 3, 8, 15, 7, 0.50
1, 4, 5, 15, 10, 0.50
1, 4, 9, 15, 3, 0.50
1, 5, 10, 15, 7, 0.50
1, 6, 7, 15, 2, 0.50
1, 6, 11, 15, 2, 0.50
1, 7, 8, 15, 14, 0.50
1, 7, 12, 15, 10, 0.50
1, 8, 9, 15, 3, 0.50
1, 8, 13, 15, 10, 0.50
1, 9, 10, 15, 3, 0.50
1, 9, 14, 15, 6, 0.50
1, 10, 15, 15, 12, 0.50
1, 11, 12, 15, 13, 0.50
1, 11, 16, 15, 10, 0.50
1, 12, 13, 15, 5, 0.50
1, 12, 17, 15, 8, 0.50
1, 13, 14, 15, 9, 0.50
1, 13, 18, 15, 14, 0.50
1, 14, 15, 15, 6, 0.50
1, 14, 19, 15, 13, 0.50
1, 15, 20, 15, 14, 0.50
1, 16, 17, 15, 7, 0.50
1, 16, 21, 15, 8, 0.50
1, 17, 18, 15, 10, 0.50
1, 17, 22, 15, 10, 0.50
1, 18, 19, 15, 3, 0.50
1, 18, 23, 15, 8, 0.50
1, 19, 20, 15, 8, 0.50
1, 19, 24, 15, 9, 0.50
1, 20, 25, 15, 1, 0.50
1, 21, 22, 15, 12, 0.50
1, 22, 23, 15, 6, 0.50
1, 23, 24, 15, 5, 0.50
1, 24, 25, 15, 12, 0.50
1, 1, 2, 16, 9, 0.50
1, 1, 6, 16, 2, 0.50
1, 2, 3, 16, 11, 0.50
1, 2, 7, 16, 7, 0.50
1, 3, 4, 16, 5, 0.50
1, 3, 8, 16, 11, 0.50
1, 4, 5, 16, 8, 0.50
1, 4, 9, 16, 5, 0.50
1, 5, 10, 16, 10, 0.50
1, 6, 7, 16, 10, 0.50
1, 6, 11, 16, 8, 0.50
1, 7, 8, 16, 12, 0.50
1, 7, 12, 16, 13, 0.50
1, 8, 9, 16, 7, 0.50
1, 8, 13, 16, 8, 0.50
1, 9, 10, 16, 7, 0.50
1, 9, 14, 16, 6, 0.50
1, 10, 15, 16, 5, 0.50
1, 11, 12, 16, 10, 0.50
1, 11, 16, 16, 8, 0.50
1, 12, 13, 16, 13, 0.50
1, 12, 17, 16, 11, 0.50
1, 13, 14, 16, 1, 0.50
1, 13, 18, 16, 9, 0.50
1, 14, 15, 16, 8, 0.50
1, 14, 19, 16, 13, 0.50
1, 15, 20, 16, 3, 0.50
1, 16, 17, 16, 11, 0.50
1, 16, 21, 16, 6, 0.50
1, 17, 18, 16, 9, 0.50
1, 17, 22, 16, 4, 0.50
1, 18, 19, 16, 11, 0.50
1, 18, 23, 16, 13, 0.50
1, 19, 20, 16, 9, 0.50
1, 19, 24, 16, 5, 0.50
1, 20, 25, 16, 11, 0.50
1, 21, 22, 16, 13, 0.50
1, 22, 23, 16, 14, 0.50
1, 23, 24, 16, 14, 0.50
1, 24, 25, 16, 5, 0.50
1, 1, 2, 17, 8, 0.50
1, 1, 6, 17, 14, 0.50
1, 2, 3, 17, 4, 0.50
1, 2, 7, 17, 12, 0.50
1, 3, 4, 17, 10, 0.50
1, 3, 8, 17, 4, 0.50
1, 4, 5, 17, 5, 0.50
1, 4, 9, 17, 7, 0.50
1, 5, 10, 17, 5, 0.50
1, 6, 7, 17, 4, 0.50
1, 6, 11, 17, 3, 0.50
1, 7, 8, 17, 4, 0.50
1, 7, 12, 17, 1, 0.50
1, 8, 9, 17, 2, 0.50
1, 8, 13, 17, 8, 0.50
1, 9, 10, 17, 11, 0.50
1, 9, 14, 17, 9, 0.50
1, 10, 15, 17, 2, 0.50
1, 11, 12, 17, 12, 0.50
1, 11, 16, 17, 6, 0.50
1, 12, 13, 17, 7, 0.50
1, 12, 17, 17, 4, 0.50
1, 13, 14, 17, 10, 0.50
1, 13, 18, 17, 4, 0.50
1, 14, 15, 17, 10, 0.50
1, 14, 19, 17, 7, 0.50
1, 15, 20, 17, 4, 0.50
1, 16, 17, 17, 4, 0.50
1, 16, 21, 17, 11, 0.50
1, 17, 18, 17, 5, 0.50
1, 17, 22, 17, 13, 0.50
1, 18, 19, 17, 5, 0.50
1, 18, 23, 17, 4, 0.50
1, 19, 20, 17, 14, 0.50
1, 19, 24, 17, 4, 0.50
1, 20, 25, 17, 13, 0.50
1, 21, 22, 17, 5, 0.50
1, 22, 23, 17, 3, 0.50
1, 23, 24, 17, 7, 0.50
1, 24, 25, 17, 3, 0.50
1, 1, 2, 18, 12, 0.50
1, 1, 6, 18, 2, 0.50
1, 2, 3, 18, 10, 0.50
1, 2, 7, 18, 8, 0.50
1, 3, 4, 18, 13, 0.50
1, 3, 8, 18, 12, 0.50
1, 4, 5, 18, 5, 0.50
1, 4, 9, 18, 3, 0.50
1, 5, 10, 18, 10, 0.50
1, 6, 7, 18, 8, 0.50
1, 6, 11, 18, 11, 0.50
1, 7, 8, 18, 4, 0.50
1, 7, 12, 18, 4, 0.50
1, 8, 9, 18, 12, 0.50
1, 8, 13, 18, 5, 0.50
1, 9, 10, 18, 8, 0.50
1, 9, 14, 18, 8, 0.50
1, 10, 15, 18, 5, 0.50
1, 11, 12, 18, 2, 0.50
1, 11, 16, 18, 2, 0.50
1, 12, 13, 18, 4, 0.50
1, 12, 17, 18, 8, 0.50
1, 13, 14, 18, 10, 0.50
1, 13, 18, 18, 9, 0.50
1, 14, 15, 18, 9, 0.50
1, 14, 19, 18, 3, 0.50
1, 15, 20, 18, 9, 0.50
1, 16, 17, 18, 13, 0.50
1, 16, 21, 18, 12, 0.50
1, 17, 18, 18, 12, 0.50
1, 17, 22, 18, 8, 0.50
1, 18, 19, 18, 8, 0.50
1, 18, 23, 18, 10, 0.50
1, 19, 20, 18, 4, 0.50
1, 19, 24, 18, 10, 0.50
1, 20, 25, 18, 12, 0.50
1, 21, 22, 18, 11, 0.50
1, 22, 23, 18, 9, 0.50
1, 23, 24, 18, 2, 0.50
1, 24, 25, 18, 9, 0.50
1, 1, 2, 19, 5, 0.50
1, 1, 6, 19, 5, 0.50
1, 2, 3, 19, 4, 0.50
1, 2, 7, 19, 12, 0.50
1, 3, 4, 19, 9, 0.50
1, 3, 8, 19, 11, 0.50
1, 4, 5, 19, 8, 0.50
1, 4, 9, 19, 11, 0.50
1, 5, 10, 19, 10, 0.50
1, 6, 7, 19, 7, 0.50
1, 6, 11, 19, 13, 0.50
1, 7, 8, 19, 11, 0.50
1, 7, 12, 19, 3, 0.50
1, 8, 9, 19, 14, 0.50
1, 8, 13, 19, 1, 0.50
1, 9, 10, 19, 4, 0.50
1, 9, 14, 19, 6, 0.50
1, 10, 15, 19, 10, 0.50
1, 11, 12, 19, 12, 0.50
1, 11, 16, 19, 5, 0.50
1, 12, 13, 19, 7, 0.50
1, 12, 17, 19, 10, 0.50
1, 13, 14, 19, 2, 0.50
1, 13, 18, 19, 3, 0.50
1, 14, 15, 19, 9, 0.50
1, 14, 19, 19, 12, 0.50
1, 15, 20, 19, 13, 0.50
1, 16, 17, 19, 5, 0.50
1, 16, 21, 19, 8, 0.50
1, 17, 18, 19, 5, 0.50
1, 17, 22, 19, 1, 0.50
1, 18, 19, 19, 14, 0.50
1, 18, 23, 19, 12, 0.50
1, 19, 20, 19, 13, 0.50
1, 19, 24, 19, 9, 0.50
1, 20, 25, 19, 11, 0.50
1, 21, 22, 19, 12, 0.50
1, 22, 23, 19, 9, 0.50
1, 23, 24, 19, 14, 0.50
1, 24, 25, 19, 14, 0.50
1, 1, 2, 20, 6, 0.50
1, 1, 6, 20, 1, 0.50
1, 2, 3, 20, 11, 0.50
1, 2, 7, 20, 12, 0.50
1, 3, 4, 20, 10, 0.50
1, 3, 8, 20, 13, 0.50
1, 4, 5, 20, 14, 0.50
1, 4, 9, 20, 6, 0.50
1, 5, 10, 20, 14, 0.50
1, 6, 7, 20, 9, 0.50
1, 6, 11, 20, 2, 0.50
1, 7, 8, 20, 13, 0.50
1, 7, 12, 20, 5, 0.50
1, 8, 9, 20, 3, 0.50
1, 8, 13, 20, 8, 0.50
1, 9, 10, 20, 7, 0.50
1, 9, 14, 20, 14, 0.50
1, 10, 15, 20, 3, 0.50
1, 11, 12, 20, 5, 0.50
1, 11, 16, 20, 4, 0.50
1, 12, 13, 20, 2, 0.50
1, 12, 17, 20, 6, 0.50
1, 13, 14, 20, 10, 0.50
1, 13, 18, 20, 13, 0.50
1, 14, 15, 20, 11, 0.50
1, 14, 19, 20, 3, 0.50
1, 15, 20, 20, 12, 0.50
1, 16, 17, 20, 11, 0.50
1, 16, 21, 20, 9, 0.50
1, 17, 18, 20, 8, 0.50
1, 17, 22, 20, 12, 0.50
1, 18, 19, 20, 4, 0.50
1, 18, 23, 20, 3, 0.50
1, 19, 20, 20, 5, 0.50
1, 19, 24, 20, 12, 0.50
1, 20, 25, 20, 10, 0.50
1, 21, 22, 20, 10, 0.50
1, 22, 23, 20, 9, 0.50
1, 23, 24, 20, 9, 0.50
1, 24, 25, 20, 8, 0.50
1, 1, 2, 21, 11, 0.50
1, 1, 6, 21, 4, 0.50
1, 2, 3, 21, 5, 0.50
1, 2, 7, 21, 13, 0.50
1, 3, 4, 21, 13, 0.50
1, 3, 8, 21, 10, 0.50
1, 4, 5, 21, 8, 0.50
1, 4, 9, 21, 3, 0.50
1, 5, 10, 21, 4, 0.50
1, 6, 7, 21, 8, 0.50
1, 6, 11, 21, 12, 0.50
1, 7, 8, 21, 3, 0.50
1, 7, 12, 21, 9, 0.50
1, 8, 9, 21, 8, 0.50
1, 8, 13, 21, 1, 0.50
1, 9, 10, 21, 13, 0.50
1, 9, 14, 21, 10, 0.50
1, 10, 15, 21, 9, 0.50
1, 11, 12, 21, 13, 0.50
1, 11, 16, 21, 9, 0.50
1, 12, 13, 21, 9, 0.50
1, 12, 17, 21, 2, 0.50
1, 13, 14, 21, 4, 0.50
1, 13, 18, 21, 9, 0.50
1, 14, 15, 21, 4, 0.50
1, 14, 19, 21, 7, 0.50
1, 15, 20, 21, 5, 0.50
1, 16, 17, 21, 13, 0.50
1, 16, 21, 21, 3, 0.50
1, 17, 18, 21, 3, 0.50
1, 17, 22, 21, 5, 0.50
1, 18, 19, 21, 9, 0.50
1, 18, 23, 21, 10, 0.50
1, 19, 20, 21, 11, 0.50
1, 19, 24, 21, 5, 0.50
1, 20, 25, 21, 3, 0.50
1, 21, 22, 21, 5, 0.50
1, 22, 23, 21, 4, 0.50
1, 23, 24, 21, 7, 0.50
1, 24, 25, 21, 5, 0.50
1, 1, 2, 22, 4, 0.50
1, 1, 6, 22, 6, 0.50
1, 2, 3, 22, 3, 0.50
1, 2, 7, 22, 2, 0.50
1, 3, 4, 22, 4, 0.50
1, 3, 8, 22, 6, 0.50
1, 4, 5, 22, 12, 0.50
1, 4, 9, 22, 5, 0.50
1, 5, 10, 22, 14, 0.50
1, 6, 7, 22, 2, 0.50
1, 6, 11, 22, 6, 0.50
1, 7, 8, 22, 10, 0.50
1, 7, 12, 22, 11, 0.50
1, 8, 9, 22, 8, 0.50
1, 8, 13, 22, 3, 0.50
1, 9, 10, 22, 1, 0.50
1, 9, 14, 22, 2, 0.50
1, 10, 15, 22, 11, 0.50
1, 11, 12, 22, 13, 0.50
1, 11, 16, 22, 5, 0.50
1, 12, 13, 22, 10, 0.50
1, 12, 17, 22, 1, 0.50
1, 13, 14, 22, 3, 0.50
1, 13, 18, 22, 6, 0.50
1, 14, 15, 22, 3, 0.50
1, 14, 19, 22, 7, 0.50
1, 15, 20, 22, 10, 0.50
1, 16, 17, 22, 7, 0.50
1, 16, 21, 22, 6, 0.50
1, 17, 18, 22, 9, 0.50
1, 17, 22, 22, 9, 0.50
1, 18, 19, 22, 13, 0.50
1, 18, 23, 22, 14, 0.50
1, 19, 20, 22, 13, 0.50
1, 19, 24, 22, 3, 0.50
1, 20, 25, 22, 12, 0.50
1, 21, 22, 22, 11, 0.50
1, 22, 23, 22, 5, 0.50
1, 23, 24, 22, 4, 0.50
1, 24, 25, 22, 13, 0.50
1, 1, 2, 23, 13, 0.50
1, 1, 6, 23, 12, 0.50
1, 2, 3, 23, 2, 0.50
1, 2, 7, 23, 3, 0.50
1, 3, 4, 23, 10, 0.50
1, 3, 8, 23, 9, 0.50
1, 4, 5, 23, 10, 0.50
1, 4, 9, 23, 10, 0.50
1, 5, 10, 23, 13, 0.50
1, 6, 7, 23, 2, 0.50
1, 6, 11, 23, 7, 0.50
1, 7, 8, 23, 10, 0.50
1, 7, 12, 23, 8, 0.50
1, 8, 9, 23, 9, 0.50
1, 8, 13, 23, 2, 0.50
1, 9, 10, 23, 8, 0.50
1, 9, 14, 23, 9, 0.50
1, 10, 15, 23, 3, 0.50
1, 11, 12, 23, 2, 0.50
1, 11, 16, 23, 12, 0.50
1, 12, 13, 23, 12, 0.50
1, 12, 17, 23, 3, 0.50
1, 13, 14, 23, 8, 0.50
1, 13, 18, 23, 3, 0.50
1, 14, 15, 23, 9, 0.50
1, 14, 19, 23, 2, 0.50
1, 15, 20, 23, 1, 0.50
1, 16, 17, 23, 1, 0.50
1, 16, 21, 23, 10, 0.50
1, 17, 18, 23, 11, 0.50
1, 17, 22, 23, 13, 0.50
1, 18, 19, 23, 3, 0.50
1, 18, 23, 23, 12, 0.50
1, 19, 20, 23, 12, 0.50
1, 19, 24, 23, 8, 0.50
1, 20, 25, 23, 14, 0.50
1, 21, 22, 23, 3, 0.50
1, 22, 23, 23, 13, 0.50
1, 23, 24, 23, 3, 0.50
1, 24, 25, 23, 6, 0.50
1, 1, 2, 24, 5, 0.50
1, 1, 6, 24, 14, 0.50
1, 2, 3, 24, 13, 0.50
1, 2, 7, 24, 12, 0.50
1, 3, 4, 24, 6, 0.50
1, 3, 8, 24, 5, 0.50
1, 4, 5, 24, 10, 0.50
1, 4, 9, 24, 11, 0.50
1, 5, 10, 24, 9, 0.50
1, 6, 7, 24, 4, 0.50
1, 6, 11, 24, 7, 0.50
1, 7, 8, 24, 6, 0.50
1, 7, 12, 24, 5, 0.50
1, 8, 9, 24, 9, 0.50
1, 8, 13, 24, 1, 0.50
1, 9, 10, 24, 13, 0.50
1, 9, 14, 24, 8, 0.50
1, 10, 15, 24, 11, 0.50
1, 11, 12, 24, 1, 0.50
1, 11, 16, 24, 2, 0.50
1, 12, 13, 24, 7, 0.50
1, 12, 17, 24, 4, 0.50
1, 13, 14, 24, 8, 0.50
1, 13, 18, 24, 8, 0.50
1, 14, 15, 24, 12, 0.50
1, 14, 19, 24, 6, 0.50
1, 15, 20, 24, 9, 0.50
1, 16, 17, 24, 5, 0.50
1, 16, 21, 24, 2, 0.50
1, 17, 18, 24, 2, 0.50
1, 17, 22, 24, 5, 0.50
1, 18, 19, 24, 6, 0.50
1, 18, 23, 24, 14, 0.50
1, 19, 20, 24, 13, 0.50
1, 19, 24, 24, 14, 0.50
1, 20, 25, 24, 7, 0.50
1, 21, 22, 24, 5, 0.50
1, 22, 23, 24, 9, 0.50
1, 23, 24, 24, 6, 0.50
1, 24, 25, 24, 9, 0.50
1, 1, 2, 25, 2, 0.50
1, 1, 6, 25, 4, 0.50
1, 2, 3, 25, 5, 0.50
1, 2, 7, 25, 6, 0.50
1, 3, 4, 25, 9, 0.50
1, 3, 8, 25, 5, 0.50
1, 4, 5, 25, 13, 0.50
1, 4, 9, 25, 12, 0.50
1, 5, 10, 25, 12, 0.50
1, 6, 7, 25, 7, 0.50
1, 6, 11, 25, 13, 0.50
1, 7, 8, 25, 12, 0.50
1, 7, 12, 25, 9, 0.50
1, 8, 9, 25, 9, 0.50
1, 8, 13, 25, 4, 0.50
1, 9, 10, 25, 2, 0.50
1, 9, 14, 25, 13, 0.50
1, 10, 15, 25, 10, 0.50
1, 11, 12, 25, 12, 0.50
1, 11, 16, 25, 6, 0.50
1, 12, 13, 25, 12, 0.50
1, 12, 17, 25, 12, 0.50
1, 13, 14, 25, 8, 0.50
1, 13, 18, 25, 12, 0.50
1, 14, 15, 25, 1, 0.50
1, 14, 19, 25, 11, 0.50
1, 15, 20, 25, 12, 0.50
1, 16, 17, 25, 6, 0.50
1, 16, 21, 25, 13, 0.50
1, 17, 18, 25, 14, 0.50
1, 17, 22, 25, 14, 0.50
1, 18, 19, 25, 4, 0.50
1, 18, 23, 25, 11, 0.50
1, 19, 20, 25, 3, 0.50
1, 19, 24, 25, 7, 0.50
1, 20, 25, 25, 4, 0.50
1, 21, 22, 25, 9, 0.50
1, 22, 23, 25, 11, 0.50
1, 23, 24, 25, 9, 0.50
1, 24, 25, 25, 8, 0.50
1, 1, 2, 26, 3, 0.50
1, 1, 6, 26, 10, 0.50
1, 2, 3, 26, 4, 0.50
1, 2, 7, 26, 12, 0.50
1, 3, 4, 26, 7, 0.50
1, 3, 8, 26, 4, 0.50
1, 4, 5, 26, 8, 0.50
1, 4, 9, 26, 13, 0.50
1, 5, 10, 26, 13, 0.50
1, 6, 7, 26, 4, 0.50
1, 6, 11, 26, 8, 0.50
1, 7, 8, 26, 11, 0.50
1, 7, 12, 26, 6, 0.50
1, 8, 9, 26, 12, 0.50
1, 8, 13, 26, 10, 0.50
1, 9, 10, 26, 9, 0.50
1, 9, 14, 26, 2, 0.50
1, 10, 15, 26, 3, 0.50
1, 11, 12, 26, 7, 0.50
1, 11, 16, 26, 9, 0.50
1, 12, 13, 26, 11, 0.50
1, 12, 17, 26, 14, 0.50
1, 13, 14, 26, 1, 0.50
1, 13, 18, 26, 8, 0.50
1, 14, 15, 26, 5, 0.50
1, 14, 19, 26, 14, 0.50
1, 15, 20, 26, 5, 0.50
1, 16, 17, 26, 5, 0.50
1, 16, 21, 26, 3, 0.50
1, 17, 18, 26, 11, 0.50
1, 17, 22, 26, 6, 0.50
1, 18, 19, 26, 9, 0.50
1, 18, 23, 26, 6, 0.50
1, 19, 20, 26, 8, 0.50
1, 19, 24, 26, 2, 0.50
1, 20, 25, 26, 6, 0.50
1, 21, 22, 26, 11, 0.50
1, 22, 23, 26, 8, 0.50
1, 23, 24, 26, 8, 0.50
1, 24, 25, 26, 14, 0.50
1, 1, 2, 27, 9, 0.50
1, 1, 6, 27, 9, 0.50
1, 2, 3, 27, 11, 0.50
1, 2, 7, 27, 9, 0.50
1, 3, 4, 27, 4, 0.50
1, 3, 8, 27, 5, 0.50
1, 4, 5, 27, 4, 0.50
1, 4, 9, 27, 11, 0.50
1, 5, 10, 27, 14, 0.50
1, 6, 7, 27, 3, 0.50
1, 6, 11, 27, 11, 0.50
1, 7, 8, 27, 3, 0.50
1, 7, 12, 27, 8, 0.50
1, 8, 9, 27, 11, 0.50
1, 8, 13, 27, 5, 0.50
1, 9, 10, 27, 11, 0.50
1, 9, 14, 27, 14, 0.50
1, 10, 15, 27, 3, 0.50
1, 11, 12, 27, 8, 0.50
1, 11, 16, 27, 12, 0.50
1, 12, 13, 27, 14, 0.50
1, 12, 17, 27, 9, 0.50
1, 13, 14, 27, 11, 0.50
1, 13, 18, 27, 13, 0.50
1, 14, 15, 27, 9, 0.50
1, 14, 19, 27, 13, 0.50
1, 15, 20, 27, 4, 0.50
1, 16, 17, 27, 12, 0.50
1, 16, 21, 27, 12, 0.50
1, 17, 18, 27, 3, 0.50
1, 17, 22, 27, 6, 0.50
1, 18, 19, 27, 10, 0.50
1, 18, 23, 27, 11, 0.50
1, 19, 20, 27, 14, 0.50
1, 19, 24, 27, 7, 0.50
1, 20, 25, 27, 12, 0.50
1, 21, 22, 27, 8, 0.50
1, 22, 23, 27, 13, 0.50
1, 23, 24, 27, 7, 0.50
1, 24, 25, 27, 7, 0.50
1, 1, 2, 28, 3, 0.50
1, 1, 6, 28, 8, 0.50
1, 2, 3, 28, 4, 0.50
1, 2, 7, 28, 4, 0.50
1, 3, 4, 28, 3, 0.50
1, 3, 8, 28, 4, 0.50
1, 4, 5, 28, 4, 0.50
1, 4, 9, 28, 2, 0.50
1, 5, 10, 28, 5, 0.50
1, 6, 7, 28, 4, 0.50
1, 6, 11, 28, 4, 0.50
1, 7, 8, 28, 9, 0.50
1, 7, 12, 28, 13, 0.50
1, 8, 9, 28, 1, 0.50
1, 8, 13, 28, 5, 0.50
1, 9, 10, 28, 9, 0.50
1, 9, 14, 28, 10, 0.50
1, 10, 15, 28, 14, 0.50
1, 11, 12, 28, 4, 0.50
1, 11, 16, 28, 8, 0.50
1, 12, 13, 28, 8, 0.50
1, 12, 17, 28, 12, 0.50
1, 13, 14, 28, 9, 0.50
1, 13, 18, 28, 8, 0.50
1, 14, 15, 28, 10, 0.50
1, 14, 19, 28, 5, 0.50
1, 15, 20, 28, 11, 0.50
1, 16, 17, 28, 5, 0.50
1, 16, 21, 28, 12, 0.50
1, 17, 18, 28, 11, 0.50
1, 17, 22, 28, 8, 0.50
1, 18, 19, 28, 2, 0.50
1, 18, 23, 28, 12, 0.50
1, 19, 20, 28, 8, 0.50
1, 19, 24, 28, 6, 0.50
1, 20, 25, 28, 3, 0.50
1, 21, 22, 28, 6, 0.50
1, 22, 23, 28, 5, 0.50
1, 23, 24, 28, 14, 0.50
1, 24, 25, 28, 9, 0.50
1, 1, 2, 29, 13, 0.50
1, 1, 6, 29, 4, 0.50
1, 2, 3, 29, 14, 0.50
1, 2, 7, 29, 9, 0.50
1, 3, 4, 29, 7, 0.50
1, 3, 8, 29, 13, 0.50
1, 4, 5, 29, 14, 0.50
1, 4, 9, 29, 12, 0.50
1, 5, 10, 29, 11, 0.50
1, 6, 7, 29, 7, 0.50
1, 6, 11, 29, 10, 0.50
1, 7, 8, 29, 11, 0.50
1, 7, 12, 29, 11, 0.50
1, 8, 9, 29, 13, 0.50
1, 8, 13, 29, 12, 0.50
1, 9, 10, 29, 10, 0.50
1, 9, 14, 29, 11, 0.50
1, 10, 15, 29, 6, 0.50
1, 11, 12, 29, 7, 0.50
1, 11, 16, 29, 11, 0.50
1, 12, 13, 29, 8, 0.50
1, 12, 17, 29, 11, 0.50
1, 13, 14, 29, 2, 0.50
1, 13, 18, 29, 7, 0.50
1, 14, 15, 29, 13, 0.50
1, 14, 19, 29, 1, 0.50
1, 15, 20, 29, 7, 0.50
1, 16, 17, 29, 6, 0.50
1, 16, 21, 29, 12, 0.50
1, 17, 18, 29, 3, 0.50
1, 17, 22, 29, 6, 0.50
1, 18, 19, 29, 2, 0.50
1, 18, 23, 29, 11, 0.50
1, 19, 20, 29, 3, 0.50
1, 19, 24, 29, 11, 0.50
1, 20, 25, 29, 3, 0.50
1, 21, 22, 29, 6, 0.50
1, 22, 23, 29, 8, 0.50
1, 23, 24, 29, 1, 0.50
1, 24, 25, 29, 3, 0.50
1, 1, 2, 30, 8, 0.50
1, 1, 6, 30, 4, 0.50
1, 2, 3, 30, 7, 0.50
1, 2, 7, 30, 7, 0.50
1, 3, 4, 30, 10, 0.50
1, 3, 8, 30, 13, 0.50
1, 4, 5, 30, 6, 0.50
1, 4, 9, 30, 11, 0.50
1, 5, 10, 30, 10, 0.50
1, 6, 7, 30, 4, 0.50
1, 6, 11, 30, 5, 0.50
1, 7, 8, 30, 8, 0.50
1, 7, 12, 30, 1, 0.50
1, 8, 9, 30, 3, 0.50
1, 8, 13, 30, 13, 0.50
1, 9, 10, 30, 11, 0.50
1, 9, 14, 30, 3, 0.50
1, 10, 15, 30, 1, 0.50
1, 11, 12, 30, 8, 0.50
1, 11, 16, 30, 3, 0.50
1, 12, 13, 30, 2, 0.50
1, 12, 17, 30, 9, 0.50
1, 13, 14, 30, 4, 0.50
1, 13, 18, 30, 2, 0.50
1, 14, 15, 30, 6, 0.50
1, 14, 19, 30, 11, 0.50
1, 15, 20, 30, 3, 0.50
1, 16, 17, 30, 11, 0.50
1, 16, 21, 30, 3, 0.50
1, 17, 18, 30, 2, 0.50
1, 17, 22, 30, 11, 0.50
1, 18, 19, 30, 11, 0.50
1, 18, 23, 30, 8, 0.50
1, 19, 20, 30, 9, 0.50
1, 19, 24, 30, 5, 0.50
1, 20, 25, 30, 2, 0.50
1, 21, 22, 30, 5, 0.50
1, 22, 23, 30, 7, 0.50
1, 23, 24, 30, 9, 0.50
1, 24, 25, 30, 7, 0.50
1, 1, 2, 31, 7, 0.50
1, 1, 6, 31, 1, 0.50
1, 2, 3, 31, 6, 0.50
1, 2, 7, 31, 11, 0.50
1, 3, 4, 31, 7, 0.50
1, 3, 8, 31, 5, 0.50
1, 4, 5, 31, 12, 0.50
1, 4, 9, 31, 2, 0.50
1, 5, 10, 31, 4, 0.50
1, 6, 7, 31, 4, 0.50
1, 6, 11, 31, 10, 0.50
1, 7, 8, 31, 9, 0.50
1, 7, 12, 31, 10, 0.50
1, 8, 9, 31, 10, 0.50
1, 8, 13, 31, 10, 0.50
1, 9, 10, 31, 8, 0.50
1, 9, 14, 31, 10, 0.50
1, 10, 15, 31, 5, 0.50
1, 11, 12, 31, 8, 0.50
1, 11, 16, 31, 8, 0.50
1, 12, 13, 31, 5, 0.50
1, 12, 17, 31, 10, 0.50
1, 13, 14, 31, 7, 0.50
1, 13, 18, 31, 13, 0.50
1, 14, 15, 31, 14, 0.50
1, 14, 19, 31, 6, 0.50
1, 15, 20, 31, 12, 0.50
1, 16, 17, 31, 5, 0.50
1, 16, 21, 31, 14, 0.50
1, 17, 18, 31, 10, 0.50
1, 17, 22, 31, 9, 0.50
1, 18, 19, 31, 1, 0.50
1, 18, 23, 31, 4, 0.50
1, 19, 20, 31, 8, 0.50
1, 19, 24, 31, 6, 0.50
1, 20, 25, 31, 2, 0.50
1, 21, 22, 31, 13, 0.50
1, 22, 23, 31, 4, 0.50
1, 23, 24, 31, 4, 0.50
1, 24, 25, 31, 8, 0.50
1, 1, 2, 32, 7, 0.50
1, 1, 6, 32, 10, 0.50
1, 2, 3, 32, 9, 0.50
1, 2, 7, 32, 4, 0.50
1, 3, 4, 32, 9, 0.50
1, 3, 8, 32, 3, 0.50
1, 4, 5, 32, 8, 0.50
1, 4, 9, 32, 11, 0.50
1, 5, 10, 32, 9, 0.50
1, 6, 7, 32, 5, 0.50
1, 6, 11, 32, 10, 0.50
1, 7, 8, 32, 11, 0.50
1, 7, 12, 32, 9, 0.50
1, 8, 9, 32, 2, 0.50
1, 8, 13, 32, 14, 0.50
1, 9, 10, 32, 11, 0.50
1, 9, 14, 32, 2, 0.50
1, 10, 15, 32, 13, 0.50
1, 11, 12, 32, 8, 0.50
1, 11, 16, 32, 7, 0.50
1, 12, 13, 32, 12, 0.50
1, 12, 17, 32, 5, 0.50
1, 13, 14, 32, 5, 0.50
1, 13, 18, 32, 2, 0.50
1, 14, 15, 32, 8, 0.50
1, 14, 19, 32, 2, 0.50
1, 15, 20, 32, 5, 0.50
1, 16, 17, 32, 4, 0.50
1, 16, 21, 32, 11, 0.50
1, 17, 18, 32, 5, 0.50
1, 17, 22, 32, 10, 0.50
1, 18, 19, 32, 12, 0.50
1, 18, 23, 32, 7, 0.50
1, 19, 20, 32, 8, 0.50
1, 19, 24, 32, 3, 0.50
1, 20, 25, 32, 5, 0.50
1, 21, 22, 32, 10, 0.50
1, 22, 23, 32, 12, 0.50
1, 23, 24, 32, 10, 0.50
1, 24, 25, 32, 12, 0.50
1, 1, 2, 33, 13, 0.50
1, 1, 6, 33, 10, 0.50
1, 2, 3, 33, 9, 0.50
1, 2, 7, 33, 3, 0.50
1, 3, 4, 33, 2, 0.50
1, 3, 8, 33, 8, 0.50
1, 4, 5, 33, 1, 0.50
1, 4, 9, 33, 3, 0.50
1, 5, 10, 33, 7, 0.50
1, 6, 7, 33, 12, 0.50
1, 6, 11, 33, 3, 0.50
1, 7, 8, 33, 2, 0.50
1, 7, 12, 33, 3, 0.50
1, 8, 9, 33, 6, 0.50
1, 8, 13, 33, 1, 0.50
1, 9, 10, 33, 8, 0.50
1, 9, 14, 33, 9, 0.50
1, 10, 15, 33, 10, 0.50
1, 11, 12, 33, 2, 0.50
1, 11, 16, 33, 7, 0.50
1, 12, 13, 33, 8, 0.50
1, 12, 17, 33, 8, 0.50
1, 13, 14, 33, 12, 0.50
1, 13, 18, 33, 3, 0.50
1, 14, 15, 33, 14, 0.50
1, 14, 19, 33, 12, 0.50
1, 15, 20, 33, 11, 0.50
1, 16, 17, 33, 12, 0.50
1, 16, 21, 33, 13, 0.50
1, 17, 18, 33, 12, 0.50
1, 17, 22, 33, 5, 0.50
1, 18, 19, 33, 5, 0.50
1, 18, 23, 33, 5, 0.50
1, 19, 20, 33, 14, 0.50
1, 19, 24, 33, 5, 0.50
1, 20, 25, 33, 8, 0.50
1, 21, 22, 33, 3, 0.50
1, 22, 23, 33, 11, 0.50
1, 23, 24, 33, 8, 0.50
1, 24, 25, 33, 4, 0.50
1, 1, 2, 34, 9, 0.50
1, 1, 6, 34, 3, 0.50
1, 2, 3, 34, 8, 0.50
1, 2, 7, 34, 6, 0.50
1, 3, 4, 34, 3, 0.50
1, 3, 8, 34, 14, 0.50
1, 4, 5, 34, 13, 0.50
1, 4, 9, 34, 4, 0.50
1, 5, 10, 34, 6, 0.50
1, 6, 7, 34, 7, 0.50
1, 6, 11, 34, 13, 0.50
1, 7, 8, 34, 4, 0.50
1, 7, 12, 34, 2, 0.50
1, 8, 9, 34, 12, 0.50
1, 8, 13, 34, 1, 0.50
1, 9, 10, 34, 4, 0.50
1, 9, 14, 34, 5, 0.50
1, 10, 15, 34, 4, 0.50
1, 11, 12, 34, 10, 0.50
1, 11, 16, 34, 10, 0.50
1, 12, 13, 34, 3, 0.50
1, 12, 17, 34, 9, 0.50
1, 13, 14, 34, 7, 0.50
1, 13, 18, 34, 11, 0.50
1, 14, 15, 34, 6, 0.50
1, 14, 19, 34, 5, 0.50
1, 15, 20, 34, 9, 0.50
1, 16, 17, 34, 4, 0.50
1, 16, 21, 34, 12, 0.50
1, 17, 18, 34, 7, 0.50
1, 17, 22, 34, 8, 0.50
1, 18, 19, 34, 11, 0.50
1, 18, 23, 34, 10, 0.50
1, 19, 20, 34, 9, 0.50
1, 19, 24, 34, 5, 0.50
1, 20, 25, 34, 10, 0.50
1, 21, 22, 34, 14, 0.50
1, 22, 23, 34, 13, 0.50
1, 23, 24, 34, 4, 0.50
1, 24, 25, 34, 7, 0.50
1, 1, 2, 35, 10, 0.50
1, 1, 6, 35, 9, 0.50
1, 2, 3, 35, 2, 0.50
1, 2, 7, 35, 13, 0.50
1, 3, 4, 35, 12, 0.50
1, 3, 8, 35, 11, 0.50
1, 4, 5, 35, 13, 0.50
1, 4, 9, 35, 11, 0.50
1, 5, 10, 35, 13, 0.50
1, 6, 7, 35, 13, 0.50
1, 6, 11, 35, 10, 0.50
1, 7, 8, 35, 9, 0.50
1, 7, 12, 35, 6, 0.50
1, 8, 9, 35, 10, 0.50
1, 8, 13, 35, 5, 0.50
1, 9, 10, 35, 4, 0.50
1, 9, 14, 35, 7, 0.50
1, 10, 15, 35, 1, 0.50
1, 11, 12, 35, 7, 0.50
1, 11, 16, 35, 7, 0.50
1, 12, 13, 35, 3, 0.50
1, 12, 17, 35, 9, 0.50
1, 13, 14, 35, 4, 0.50
1, 13, 18, 35, 10, 0.50
1, 14, 15, 35, 10, 0.50
1, 14, 19, 35, 4, 0.50
1, 15, 20, 35, 8, 0.50
1, 16, 17, 35, 2, 0.50
1, 16, 21, 35, 5, 0.50
1, 17, 18, 35, 1, 0.50
1, 17, 22, 35, 14, 0.50
1, 18, 19, 35, 3, 0.50
1, 18, 23, 35, 3, 0.50
1, 19, 20, 35, 11, 0.50
1, 19, 24, 35, 12, 0.50
1, 20, 25, 35, 5, 0.50
1, 21, 22, 35, 9, 0.50
1, 22, 23, 35, 10, 0.50
1, 23, 24, 35, 7, 0.50
1, 24, 25, 35, 7, 0.50
1, 1, 2, 36, 3, 0.50
1, 1, 6, 36, 13, 0.50
1, 2, 3, 36, 2, 0.50
1, 2, 7, 36, 8, 0.50
1, 3, 4, 36, 6, 0.50
1, 3, 8, 36, 12, 0.50
1, 4, 5, 36, 12, 0.50
1, 4, 9, 36, 11, 0.50
1, 5, 10, 36, 6, 0.50
1, 6, 7, 36, 7, 0.50
1, 6, 11, 36, 10, 0.50
1, 7, 8, 36, 9, 0.50
1, 7, 12, 36, 6, 0.50
1, 8, 9, 36, 13, 0.50
1, 8, 13, 36, 11, 0.50
1, 9, 10, 36, 4, 0.50
1, 9, 14, 36, 11, 0.50
1, 10, 15, 36, 11, 0.50
1, 11, 12, 36, 7, 0.50
1, 11, 16, 36, 11, 0.50
1, 12, 13, 36, 6, 0.50
1, 12, 17, 36, 11, 0.50
1, 13, 14, 36, 8, 0.50
1, 13, 18, 36, 10, 0.50
1, 14, 15, 36, 4, 0.50
1, 14, 19, 36, 10, 0.50
1, 15, 20, 36, 12, 0.50
1, 16, 17, 36, 8, 0.50
1, 16, 21, 36, 2, 0.50
1, 17, 18, 36, 12, 0.50
1, 17, 22, 36, 5, 0.50
1, 18, 19, 36, 11, 0.50
1, 18, 23, 36, 3, 0.50
1, 19, 20, 36, 9, 0.50
1, 19, 24, 36, 11, 0.50
1, 20, 25, 36, 2, 0.50
1, 21, 22, 36, 1, 0.50
1, 22, 23, 36, 1, 0.50
1, 23, 24, 36, 7, 0.50
1, 24, 25, 36, 6, 0.50
1, 1, 2, 37, 2, 0.50
1, 1, 6, 37, 5, 0.50
1, 2, 3, 37, 1, 0.50
1, 2, 7, 37, 6, 0.50
1, 3, 4, 37, 9, 0.50
1, 3, 8, 37, 13, 0.50
1, 4, 5, 37, 12, 0.50
1, 4, 9, 37, 9, 0.50
1, 5, 10, 37, 7, 0.50
1, 6, 7, 37, 9, 0.50
1, 6, 11, 37, 12, 0.50
1, 7, 8, 37, 14, 0.50
1, 7, 12, 37, 12, 0.50
1, 8, 9, 37, 6, 0.50
1, 8, 13, 37, 7, 0.50
1, 9, 10, 37, 11, 0.50
1, 9, 14, 37, 2, 0.50
1, 10, 15, 37, 4, 0.50
1, 11, 12, 37, 13, 0.50
1, 11, 16, 37, 10, 0.50
1, 12, 13, 37, 13, 0.50
1, 12, 17, 37, 3, 0.50
1, 13, 14, 37, 4, 0.50
1, 13, 18, 37, 12, 0.50
1, 14, 15, 37, 8, 0.50
1, 14, 19, 37, 1, 0.50
1, 15, 20, 37, 13, 0.50
1, 16, 17, 37, 11, 0.50
1, 16, 21, 37, 9, 0.50
1, 17, 18, 37, 13, 0.50
1, 17, 22, 37, 1, 0.50
1, 18, 19, 37, 14, 0.50
1, 18, 23, 37, 2, 0.50
1, 19, 20, 37, 6, 0.50
1, 19, 24, 37, 8, 0.50
1, 20, 25, 37, 5, 0.50
1, 21, 22, 37, 8, 0.50
1, 22, 23, 37, 8, 0.50
1, 23, 24, 37, 9, 0.50
1, 24, 25, 37, 4, 0.50
1, 1, 2, 38, 13, 0.50
1, 1, 6, 38, 12, 0.50
1, 2, 3, 38, 9, 0.50
1, 2, 7, 38, 5, 0.50
1, 3, 4, 38, 8, 0.50
1, 3, 8, 38, 1, 0.50
1, 4, 5, 38, 6, 0.50
1, 4, 9, 38, 3, 0.50
1, 5, 10, 38, 13, 0.50
1, 6, 7, 38, 5, 0.50
1, 6, 11, 38, 4, 0.50
1, 7, 8, 38, 12, 0.50
1, 7, 12, 38, 13, 0.50
1, 8, 9, 38, 6, 0.50
1, 8, 13, 38, 7, 0.50
1, 9, 10, 38, 1, 0.50
1, 9, 14, 38, 11, 0.50
1, 10, 15, 38, 3, 0.50
1, 11, 12, 38, 4, 0.50
1, 11, 16, 38, 12, 0.50
1, 12, 13, 38, 2, 0.50
1, 12, 17, 38, 9, 0.50
1, 13, 14, 38, 4, 0.50
1, 13, 18, 38, 3, 0.50
1, 14, 15, 38, 12, 0.50
1, 14, 19, 38, 9, 0.50
1, 15, 20, 38, 7, 0.50
1, 16, 17, 38, 13, 0.50
1, 16, 21, 38, 13, 0.50
1, 17, 18, 38, 6, 0.50
1, 17, 22, 38, 11, 0.50
1, 18, 19, 38, 7, 0.50
1, 18, 23, 38, 9, 0.50
1, 19, 20, 38, 5, 0.50
1, 19, 24, 38, 1, 0.50
1, 20, 25, 38, 11, 0.50
1, 21, 22, 38, 1, 0.50
1, 22, 23, 38, 3, 0.50
1, 23, 24, 38, 14, 0.50
1, 24, 25, 38, 5, 0.50
1, 1, 2, 39, 10, 0.50
1, 1, 6, 39, 10, 0.50
1, 2, 3, 39, 7, 0.50
1, 2, 7, 39, 7, 0.50
1, 3, 4, 39, 2, 0.50
1, 3, 8, 39, 12, 0.50
1, 4, 5, 39, 2, 0.50
1, 4, 9, 39, 10, 0.50
1, 5, 10, 39, 4, 0.50
1, 6, 7, 39, 9, 0.50
1, 6, 11, 39, 10, 0.50
1, 7, 8, 39, 11, 0.50
1, 7, 12, 39, 7, 0.50
1, 8, 9, 39, 13, 0.50
1, 8, 13, 39, 6, 0.50
1, 9, 10, 39, 5, 0.50
1, 9, 14, 39, 8, 0.50
1, 10, 15, 39, 12, 0.50
1, 11, 12, 39, 9, 0.50
1, 11, 16, 39, 11, 0.50
1, 12, 13, 39, 9, 0.50
1, 12, 17, 39, 12, 0.50
1, 13, 14, 39, 13, 0.50
1, 13, 18, 39, 6, 0.50
1, 14, 15, 39, 8, 0.50
1, 14, 19, 39, 11, 0.50
1, 15, 20, 39, 6, 0.50
1, 16, 17, 39, 11, 0.50
1, 16, 21, 39, 3, 0.50
1, 17, 18, 39, 8, 0.50
1, 17, 22, 39, 4, 0.50
1, 18, 19, 39, 2, 0.50
1, 18, 23, 39, 12, 0.50
1, 19, 20, 39, 8, 0.50
1, 19, 24, 39, 7, 0.50
1, 20, 25, 39, 6, 0.50
1, 21, 22, 39, 11, 0.50
1, 22, 23, 39, 5, 0.50
1, 23, 24, 39, 1, 0.50
1, 24, 25, 39, 4, 0.50
1, 1, 2, 40, 6, 0.50
1, 1, 6, 40, 2, 0.50
1, 2, 3, 40, 13, 0.50
1, 2, 7, 40, 6, 0.50
1, 3, 4, 40, 13, 0.50
1, 3, 8, 40, 7, 0.50
1, 4, 5, 40, 8, 0.50
1, 4, 9, 40, 4, 0.50
1, 5, 10, 40, 4, 0.50
1, 6, 7, 40, 11, 0.50
1, 6, 11, 40, 11, 0.50
1, 7, 8, 40, 1, 0.50
1, 7, 12, 40, 12, 0.50
1, 8, 9, 40, 2, 0.50
1, 8, 13, 40, 10, 0.50
1, 9, 10, 40, 7, 0.50
1, 9, 14, 40, 7, 0.50
1, 10, 15, 40, 7, 0.50
1, 11, 12, 40, 1, 0.50
1, 11, 16, 40, 3, 0.50
1, 12, 13, 40, 6, 0.50
1, 12, 17, 40, 7, 0.50
1, 13, 14, 40, 13, 0.50
1, 13, 18, 40, 11, 0.50
1, 14, 15, 40, 11, 0.50
1, 14, 19, 40, 9, 0.50
1, 15, 20, 40, 13, 0.50
1, 16, 17, 40, 12, 0.50
1, 16, 21, 40, 5, 0.50
1, 17, 18, 40, 3, 0.50
1, 17, 22, 40, 9, 0.50
1, 18, 19, 40, 9, 0.50
1, 18, 23, 40, 7, 0.50
1, 19, 20, 40, 1, 0.50
1, 19, 24, 40, 9, 0.50
1, 20, 25, 40, 2, 0.50
1, 21, 22, 40, 3, 0.50
1, 22, 23, 40, 3, 0.50
1, 23, 24, 40, 1, 0.50
1, 24, 25, 40, 5, 0.50
1, 1, 2, 41, 8, 0.50
1, 1, 6, 41, 2, 0.50
1, 2, 3, 41, 8, 0.50
1, 2, 7, 41, 12, 0.50
1, 3, 4, 41, 13, 0.50
1, 3, 8, 41, 1, 0.50
1, 4, 5, 41, 8, 0.50
1, 4, 9, 41, 7, 0.50
1, 5, 10, 41, 9, 0.50
1, 6, 7, 41, 13, 0.50
1, 6, 11, 41, 3, 0.50
1, 7, 8, 41, 8, 0.50
1, 7, 12, 41, 10, 0.50
1, 8, 9, 41, 13, 0.50
1, 8, 13, 41, 5, 0.50
1, 9, 10, 41, 4, 0.50
1, 9, 14, 41, 8, 0.50
1, 10, 15, 41, 7, 0.50
1, 11, 12, 41, 9, 0.50
1, 11, 16, 41, 5, 0.50
1, 12, 13, 41, 12, 0.50
1, 12, 17, 41, 9, 0.50
1, 13, 14, 41, 14, 0.50
1, 13, 18, 41, 11, 0.50
1, 14, 15, 41, 9, 0.50
1, 14, 19, 41, 12, 0.50
1, 15, 20, 41, 7, 0.50
1, 16, 17, 41, 13, 0.50
1, 16, 21, 41, 9, 0.50
1, 17, 18, 41, 2, 0.50
1, 17, 22, 41, 13, 0.50
1, 18, 19, 41, 2, 0.50
1, 18, 23, 41, 2, 0.50
1, 19, 20, 41, 10, 0.50
1, 19, 24, 41, 1, 0.50
1, 20, 25, 41, 1, 0.50
1, 21, 22, 41, 10, 0.50
1, 22, 23, 41, 4, 0.50
1, 23, 24, 41, 12, 0.50
1, 24, 25, 41, 13, 0.50
1, 1, 2, 42, 2, 0.50
1, 1, 6, 42, 9, 0.50
1, 2, 3, 42, 2, 0.50
1, 2, 7, 42, 10, 0.50
1, 3, 4, 42, 2, 0.50
1, 3, 8, 42, 3, 0.50
1, 4, 5, 42, 13, 0.50
1, 4, 9, 42, 5, 0.50
1, 5, 10, 42, 11, 0.50
1, 6, 7, 42, 5, 0.50
1, 6, 11, 42, 9, 0.50
1, 7, 8, 42, 8, 0.50
1, 7, 12, 42, 9, 0.50
1, 8, 9, 42, 8, 0.50
1, 8, 13, 42, 3, 0.50
1, 9, 10, 42, 8, 0.50
1, 9, 14, 42, 11, 0.50
1, 10, 15, 42, 5, 0.50
1, 11, 12, 42, 14, 0.50
1, 11, 16, 42, 10, 0.50
1, 12, 13, 42, 7, 0.50
1, 12, 17, 42, 10, 0.50
1, 13, 14, 42, 6, 0.50
1, 13, 18, 42, 6, 0.50
1, 14, 15, 42, 13, 0.50
1, 14, 19, 42, 4, 0.50
1, 15, 20, 42, 9, 0.50
1, 16, 17, 42, 14, 0.50
1, 16, 21, 42, 3, 0.50
1, 17, 18, 42, 13, 0.50
1, 17, 22, 42, 3, 0.50
1, 18, 19, 42, 2, 0.50
1, 18, 23, 42, 13, 0.50
1, 19, 20, 42, 9, 0.50
1, 19, 24, 42, 12, 0.50
1, 20, 25, 42, 12, 0.50
1, 21, 22, 42, 5, 0.50
1, 22, 23, 42, 14, 0.50
1, 23, 24, 42, 1, 0.50
1, 24, 25, 42, 2, 0.50
1, 1, 2, 43, 3, 0.50
1, 1, 6, 43, 8, 0.50
1, 2, 3, 43, 5, 0.50
1, 2, 7, 43, 8, 0.50
1, 3, 4, 43, 6, 0.50
1, 3, 8, 43, 7, 0.50
1, 4, 5, 43, 11, 0.50
1, 4, 9, 43, 5, 0.50
1, 5, 10, 43, 13, 0.50
1, 6, 7, 43, 6, 0.50
1, 6, 11, 43, 9, 0.50
1, 7, 8, 43, 13, 0.50
1, 7, 12, 43, 5, 0.50
1, 8, 9, 43, 1, 0.50
1, 8, 13, 43, 7, 0.50
1, 9, 10, 43, 6, 0.50
1, 9, 14, 43, 3, 0.50
1, 10, 15, 43, 7, 0.50
1, 11, 12, 43, 8, 0.50
1, 11, 16, 43, 12, 0.50
1, 12, 13, 43, 2, 0.50
1, 12, 17, 43, 4, 0.50
1, 13, 14, 43, 7, 0.50
1, 13, 18, 43, 2, 0.50
1, 14, 15, 43, 2, 0.50
1, 14, 19, 43, 2, 0.50
1, 15, 20, 43, 8, 0.50
1, 16, 17, 43, 10, 0.50
1, 16, 21, 43, 5, 0.50
1, 17, 18, 43, 3, 0.50
1, 17, 22, 43, 9, 0.50
1, 18, 19, 43, 7, 0.50
1, 18, 23, 43, 13, 0.50
1, 19, 20, 43, 10, 0.50
1, 19, 24, 43, 13, 0.50
1, 20, 25, 43, 1, 0.50
1, 21, 22, 43, 2, 0.50
1, 22, 23, 43, 8, 0.50
1, 23, 24, 43, 10, 0.50
1, 24, 25, 43, 7, 0.50
1, 1, 2, 44, 10, 0.50
1, 1, 6, 44, 2, 0.50
1, 2, 3, 44, 13, 0.50
1, 2, 7, 44, 7, 0.50
1, 3, 4, 44, 8, 0.50
1, 3, 8, 44, 13, 0.50
1, 4, 5, 44, 11, 0.50
1, 4, 9, 44, 8, 0.50
1, 5, 10, 44, 7, 0.50
1, 6, 7, 44, 8, 0.50
1, 6, 11, 44, 4, 0.50
1, 7, 8, 44, 10, 0.50
1, 7, 12, 44, 9, 0.50
1, 8, 9, 44, 9, 0.50
1, 8, 13, 44, 6, 0.50
1, 9, 10, 44, 8, 0.50
1, 9, 14, 44, 4, 0.50
1, 10, 15, 44, 2, 0.50
1, 11, 12, 44, 13, 0.50
1, 11, 16, 44, 12, 0.50
1, 12, 13, 44, 1, 0.50
1, 12, 17, 44, 8, 0.50
1, 13, 14, 44, 5, 0.50
1, 13, 18, 44, 4, 0.50
1, 14, 15, 44, 7, 0.50
1, 14, 19, 44, 13, 0.50
1, 15, 20, 44, 4, 0.50
1, 16, 17, 44, 4, 0.50
1, 16, 21, 44, 6, 0.50
1, 17, 18, 44, 13, 0.50
1, 17, 22, 44, 8, 0.50
1, 18, 19, 44, 13, 0.50
1, 18, 23, 44, 14, 0.50
1, 19, 20, 44, 2, 0.50
1, 19, 24, 44, 4, 0.50
1, 20, 25, 44, 3, 0.50
1, 21, 22, 44, 3, 0.50
1, 22, 23, 44, 4, 0.50
1, 23, 24, 44, 12, 0.50
1, 24, 25, 44, 10, 0.50
1, 1, 2, 45, 14, 0.50
1, 1, 6, 45, 5, 0.50
1, 2, 3, 45, 11, 0.50
1, 2, 7, 45, 8, 0.50
1, 3, 4, 45, 6, 0.50
1, 3, 8, 45, 11, 0.50
1, 4, 5, 45, 5, 0.50
1, 4, 9, 45, 14, 0.50
1, 5, 10, 45, 7, 0.50
1, 6, 7, 45, 14, 0.50
1, 6, 11, 45, 2, 0.50
1, 7, 8, 45, 4, 0.50
1, 7, 12, 45, 5, 0.50
1, 8, 9, 45, 1, 0.50
1, 8, 13, 45, 12, 0.50
1, 9, 10, 45, 1, 0.50
1, 9, 14, 45, 5, 0.50
1, 10, 15, 45, 6, 0.50
1, 11, 12, 45, 12, 0.50
1, 11, 16, 45, 11, 0.50
1, 12, 13, 45, 5, 0.50
1, 12, 17, 45, 3, 0.50
1, 13, 14, 45, 11, 0.50
1, 13, 18, 45, 7, 0.50
1, 14, 15, 45, 7, 0.50
1, 14, 19, 45, 5, 0.50
1, 15, 20, 45, 10, 0.50
1, 16, 17, 45, 7, 0.50
1, 16, 21, 45, 10, 0.50
1, 17, 18, 45, 10, 0.50
1, 17, 22, 45, 10, 0.50
1, 18, 19, 45, 4, 0.50
1, 18, 23, 45, 9, 0.50
1, 19, 20, 45, 9, 0.50
1, 19, 24, 45, 11, 0.50
1, 20, 25, 45, 8, 0.50
1, 21, 22, 45, 9, 0.50
1, 22, 23, 45, 4, 0.50
1, 23, 24, 45, 2, 0.50
1, 24, 25, 45, 6, 0.50
1, 1, 2, 46, 11, 0.50
1, 1, 6, 46, 6, 0.50
1, 2, 3, 46, 12, 0.50
1, 2, 7, 46, 3, 0.50
1, 3, 4, 46, 8, 0.50
1, 4, 5, 46, 8, 0.50
1, 4, 9, 46, 11, 0.50
1, 5, 10, 46, 6, 0.50
1, 6, 7, 46, 1, 0.50
1, 6, 11, 46, 10, 0.50
1, 7, 8, 46, 11, 0.50
1, 7, 12, 46, 4, 0.50
1, 8, 9, 46, 13, 0.50
1, 8, 13, 46, 11, 0.50
1, 9, 14, 46, 9, 0.50
1, 10, 15, 46, 10, 0.50
1, 11, 12, 46, 2, 0.50
1, 12, 13, 46, 4, 0.50
1, 12, 17, 46, 13, 0.50
1, 13, 14, 46, 6, 0.50
1, 13, 18, 46, 4, 0.50
1, 14, 15, 46, 12, 0.50
1, 14, 19, 46, 4, 0.50
1, 15, 20, 46, 1, 0.50
1, 16, 17, 46, 13, 0.50
1, 17, 18, 46, 6, 0.50
1, 17, 22, 46, 11, 0.50
1, 18, 19, 46, 13, 0.50
1, 18, 23, 46, 8, 0.50
1, 19, 20, 46, 2, 0.50
1, 19, 24, 46, 6, 0.50
1, 20, 25, 46, 11, 0.50
1, 21, 22, 46, 2, 0.50
1, 22, 23, 46, 12, 0.50
1, 23, 24, 46, 5, 0.50
1, 24, 25, 46, 11, 0.50
1, 1, 2, 47, 3, 0.50
1, 1, 6, 47, 11, 0.50
1, 2, 3, 47, 4, 0.50
1, 2, 7, 47, 9, 0.50
1, 3, 4, 47, 6, 0.50
1, 3, 8, 47, 6, 0.50
1, 4, 9, 47, 6, 0.50
1, 6, 7, 47, 7, 0.50
1, 6, 11, 47, 9, 0.50
1, 7, 8, 47, 9, 0.50
1, 7, 12, 47, 9, 0.50
1, 8, 9, 47, 4, 0.50
1, 9, 14, 47, 2, 0.50
1, 10, 15, 47, 6, 0.50
1, 11, 16, 47, 11, 0.50
1, 12, 17, 47, 12, 0.50
1, 13, 14, 47, 3, 0.50
1, 14, 15, 47, 11, 0.50
1, 15, 20, 47, 9, 0.50
1, 16, 17, 47, 5, 0.50
1, 16, 21, 47, 6, 0.50
1, 17, 18, 47, 4, 0.50
1, 17, 22, 47, 8, 0.50
1, 18, 19, 47, 2, 0.50
1, 18, 23, 47, 8, 0.50
1, 19, 20, 47, 6, 0.50
1, 20, 25, 47, 11, 0.50
1, 23, 24, 47, 10, 0.50
1, 24, 25, 47, 3, 0.50
1, 1, 2, 48, 2, 0.50
1, 1, 6, 48, 11, 0.50
1, 2, 3, 48, 11, 0.50
1, 2, 7, 48, 7, 0.50
1, 3, 4, 48, 9, 0.50
1, 3, 8, 48, 6, 0.50
1, 4, 5, 48, 8, 0.50
1, 5, 10, 48, 8, 0.50
1, 6, 7, 48, 11, 0.50
1, 7, 8, 48, 9, 0.50
1, 8, 13, 48, 4, 0.50
1, 9, 14, 48, 11, 0.50
1, 10, 15, 48, 10, 0.50
1, 12, 17, 48, 4, 0.50
1, 13, 14, 48, 11, 0.50
1, 13, 18, 48, 9, 0.50
1, 14, 15, 48, 5, 0.50
1, 14, 19, 48, 6, 0.50
1, 16, 17, 48, 7, 0.50
1, 16, 21, 48, 10, 0.50
1, 17, 18, 48, 9, 0.50
1, 18, 19, 48, 2, 0.50
1, 18, 23, 48, 10, 0.50
1, 19, 20, 48, 5, 0.50
1, 19, 24, 48, 2, 0.50
1, 20, 25, 48, 2, 0.50
1, 21, 22, 48, 7, 0.50
1, 24, 25, 48, 2, 0.50
1, 1, 2, 49, 3, 0.50
1, 2, 3, 49, 7, 0.50
1, 2, 7, 49, 7, 0.50
1, 3, 4, 49, 9, 0.50
1, 3, 8, 49, 8, 0.50
1, 4, 5, 49, 7, 0.50
1, 5, 10, 49, 9, 0.50
1, 6, 7, 49, 4, 0.50
1, 6, 11, 49, 5, 0.50
1, 8, 13, 49, 3, 0.50
1, 10, 15, 49, 8, 0.50
1, 11, 12, 49, 6, 0.50
1, 11, 16, 49, 3, 0.50
1, 12, 13, 49, 10, 0.50
1, 12, 17, 49, 9, 0.50
1, 13, 14, 49, 9, 0.50
1, 13, 18, 49, 5, 0.50
1, 14, 15, 49, 9, 0.50
1, 15, 20, 49, 8, 0.50
1, 16, 21, 49, 10, 0.50
1, 17, 18, 49, 5, 0.50
1, 18, 23, 49, 4, 0.50
1, 19, 20, 49, 3, 0.50
1, 20, 25, 49, 10, 0.50
1, 21, 22, 49, 2, 0.50
1, 22, 23, 49, 5, 0.50
1, 24, 25, 49, 9, 0.50
1, 1, 2, 50, 5, 0.50
1, 1, 6, 50, 1, 0.50
1, 2, 3, 50, 9, 0.50
1, 2, 7, 50, 2, 0.50
1, 4, 5, 50, 3, 0.50
1, 6, 11, 50, 5, 0.50
1, 9, 10, 50, 6, 0.50
1, 9, 14, 50, 2, 0.50
1, 11, 16, 50, 4, 0.50
1, 12, 13, 50, 3, 0.50
1, 13, 18, 50, 9, 0.50
1, 14, 19, 50, 1, 0.50
1, 15, 20, 50, 8, 0.50
1, 16, 17, 50, 1, 0.50
1, 17, 18, 50, 9, 0.50
1, 17, 22, 50, 3, 0.50
1, 18, 19, 50, 7, 0.50
1, 18, 23, 50, 1, 0.50
1, 19, 24, 50, 2, 0.50
1, 21, 22, 50, 8, 0.50
1, 22, 23, 50, 2, 0.50
1, 23, 24, 50, 7, 0.50
1, 24, 25, 50, 8, 0.50
1, 1, 2, 51, 1, 0.50
1, 2, 3, 51, 5, 0.50
1, 3, 4, 51, 4, 0.50
1, 4, 5, 51, 2, 0.50
1, 5, 10, 51, 4, 0.50
1, 6, 7, 51, 4, 0.50
1, 7, 8, 51, 7, 0.50
1, 7, 12, 51, 5, 0.50
1, 8, 9, 51, 4, 0.50
1, 8, 13, 51, 5, 0.50
1, 9, 14, 51, 6, 0.50
1, 10, 15, 51, 5, 0.50
1, 11, 16, 51, 6, 0.50
1, 12, 17, 51, 4, 0.50
1, 13, 14, 51, 2, 0.50
1, 13, 18, 51, 6, 0.50
1, 14, 15, 51, 3, 0.50
1, 16, 17, 51, 2, 0.50
1, 16, 21, 51, 5, 0.50
1, 17, 22, 51, 5, 0.50
1, 18, 19, 51, 3, 0.50
1, 18, 23, 51, 8, 0.50
1, 19, 20, 51, 6, 0.50
1, 19, 24, 51, 3, 0.50
1, 23, 24, 51, 8, 0.50
1, 24, 25, 51, 5, 0.50
1, 1, 2, 52, 3, 0.50
1, 2, 3, 52, 5, 0.50
1, 2, 7, 52, 6, 0.50
1, 3, 8, 52, 6, 0.50
1, 4, 5, 52, 4, 0.50
1, 5, 10, 52, 2, 0.50
1, 6, 7, 52, 7, 0.50
1, 10, 15, 52, 4, 0.50
1, 11, 16, 52, 1, 0.50
1, 12, 13, 52, 6, 0.50
1, 13, 18, 52, 3, 0.50
1, 15, 20, 52, 1, 0.50
1, 17, 18, 52, 3, 0.50
1, 18, 19, 52, 6, 0.50
1, 19, 20, 52, 6, 0.50
1, 21, 22, 52, 2, 0.50
1, 24, 25, 52, 5, 0.50
1, 1, 2, 53, 5, 0.50
1, 3, 8, 53, 6, 0.50
1, 6, 11, 53, 6, 0.50
1, 8, 9, 53, 6, 0.50
1, 8, 13, 53, 2, 0.50
1, 9, 10, 53, 3, 0.50
1, 9, 14, 53, 2, 0.50
1, 10, 15, 53, 2, 0.50
1, 12, 13, 53, 3, 0.50
1, 13, 14, 53, 6, 0.50
1, 14, 15, 53, 3, 0.50
1, 15, 20, 53, 4, 0.50
1, 16, 17, 53, 1, 0.50
1, 16, 21, 53, 2, 0.50
1, 17, 22, 53, 1, 0.50
1, 18, 23, 53, 2, 0.50
1, 20, 25, 53, 3, 0.50
1, 21, 22, 53, 3, 0.50
1, 22, 23, 53, 3, 0.50
1, 3, 4, 54, 4, 0.50
1, 3, 8, 54, 1, 0.50
1, 4, 5, 54, 1, 0.50
1, 6, 11, 54, 4, 0.50
1, 7, 8, 54, 2, 0.50
1, 7, 12, 54, 1, 0.50
1, 11, 16, 54, 5, 0.50
1, 12, 13, 54, 3, 0.50
1, 13, 18, 54, 5, 0.50
1, 16, 17, 54, 4, 0.50
1, 16, 21, 54, 5, 0.50
1, 18, 23, 54, 3, 0.50
1, 22, 23, 54, 3, 0.50
1, 23, 24, 54, 1, 0.50
1, 5, 10, 55, 4, 0.50
1, 9, 10, 55, 3, 0.50
1, 12, 13, 55, 1, 0.50
1, 13, 14, 55, 4, 0.50
1, 14, 19, 55, 2, 0.50
1, 16, 21, 55, 4, 0.50
1, 20, 25, 55, 4, 0.50
1, 22, 23, 55, 4, 0.50
1, 4, 5, 56, 1, 0.50
1, 9, 10, 56, 1, 0.50
1, 13, 14, 56, 2, 0.50
1, 14, 15, 56, 2, 0.50
1, 15, 20, 56, 3, 0.50
1, 19, 20, 56, 3, 0.50
1, 1, 6, 57, 2, 0.50
1, 3, 8, 57, 2, 0.50
1, 4, 9, 57, 2, 0.50
1, 11, 16, 57, 1, 0.50
1, 12, 13, 57, 2, 0.50
1, 16, 17, 57, 2, 0.50
1, 1, 2, 58, 1, 0.50
1, 11, 16, 58, 1, 0.50
2, 1, 2, 0, 4, 0.50
2, 1, 6, 0, 10, 0.50
2, 2, 3, 0, 12, 0.50
2, 2, 7, 0, 3, 0.50
2, 3, 4, 0, 3, 0.50
2, 3, 8, 0, 12, 0.50
2, 4, 5, 0, 10, 0.50
2, 4, 9, 0, 10, 0.50
2, 5, 10, 0, 11, 0.50
2, 6, 7, 0, 13, 0.50
2, 6, 11, 0, 4, 0.50
2, 7, 8, 0, 7, 0.50
2, 7, 12, 0, 4, 0.50
2, 8, 9, 0, 6, 0.50
2, 8, 13, 0, 6, 0.50
2, 9, 10, 0, 4, 0.50
2, 9, 14, 0, 3, 0.50
2, 10, 15, 0, 6, 0.50
2, 11, 12, 0, 14, 0.50
2, 11, 16, 0, 4, 0.50
2, 12, 13, 0, 5, 0.50
2, 12, 17, 0, 8, 0.50
2, 13, 14, 0, 2, 0.50
2, 13, 18, 0, 3, 0.50
2, 14, 15, 0, 4, 0.50
2, 14, 19, 0, 9, 0.50
2, 15, 20, 0, 5, 0.50
2, 16, 17, 0, 10, 0.50
2, 16, 21, 0, 7, 0.50
2, 17, 18, 0, 11, 0.50
2, 17, 22, 0, 9, 0.50
2, 18, 19, 0, 4, 0.50
2, 18, 23, 0, 10, 0.50
2, 19, 20, 0, 12, 0.50
2, 19, 24, 0, 2, 0.50
2, 20, 25, 0, 14, 0.50
2, 21, 22, 0, 5, 0.50
2, 22, 23, 0, 12, 0.50
2, 23, 24, 0, 2, 0.50
2, 24, 25, 0, 11, 0.50
2, 1, 2, 1, 7, 0.50
2, 1, 6, 1, 14, 0.50
2, 2, 3, 1, 3, 0.50
2, 2, 7, 1, 13, 0.50
2, 3, 4, 1, 11, 0.50
2, 3, 8, 1, 11, 0.50
2, 4, 5, 1, 4, 0.50
2, 4, 9, 1, 8, 0.50
2, 5, 10, 1, 7, 0.50
2, 6, 7, 1, 14, 0.50
2, 6, 11, 1, 1, 0.50
2, 7, 8, 1, 10, 0.50
2, 7, 12, 1, 6, 0.50
2, 8, 9, 1, 4, 0.50
2, 8, 13, 1, 2, 0.50
2, 9, 10, 1, 14, 0.50
2, 9, 14, 1, 13, 0.50
2, 10, 15, 1, 13, 0.50
2, 11, 12, 1, 6, 0.50
2, 11, 16, 1, 4, 0.50
2, 12, 13, 1, 1, 0.50
2, 12, 17, 1, 11, 0.50
2, 13, 14, 1, 3, 0.50
2, 13, 18, 1, 4, 0.50
2, 14, 15, 1, 6, 0.50
2, 14, 19, 1, 8, 0.50
2, 15, 20, 1, 8, 0.50
2, 16, 17, 1, 9, 0.50
2, 16, 21, 1, 4, 0.50
2, 17, 18, 1, 6, 0.50
2, 17, 22, 1, 3, 0.50
2, 18, 19, 1, 3, 0.50
2, 18, 23, 1, 12, 0.50
2, 19, 20, 1, 10, 0.50
2, 19, 24, 1, 13, 0.50
2, 20, 25, 1, 3, 0.50
2, 21, 22, 1, 7, 0.50
2, 22, 23, 1, 5, 0.50
2, 23, 24, 1, 2, 0.50
2, 24, 25, 1, 13, 0.50
2, 1, 2, 2, 13, 0.50
2, 1, 6, 2, 6, 0.50
2, 2, 3, 2, 3, 0.50
2, 2, 7, 2, 10, 0.50
2, 3, 4, 2, 14, 0.50
2, 3, 8, 2, 3, 0.50
2, 4, 5, 2, 11, 0.50
2, 4, 9, 2, 10, 0.50
2, 5, 10, 2, 11, 0.50
2, 6, 7, 2, 7, 0.50
2, 6, 11, 2, 3, 0.50
2, 7, 8, 2, 1, 0.50
2, 7, 12, 2, 9, 0.50
2, 8, 9, 2, 4, 0.50
2, 8, 13, 2, 4, 0.50
2, 9, 10, 2, 7, 0.50
2, 9, 14, 2, 6, 0.50
2, 10, 15, 2, 7, 0.50
2, 11, 12, 2, 11, 0.50
2, 11, 16, 2, 11, 0.50
2, 12, 13, 2, 8, 0.50
2, 12, 17, 2, 8, 0.50
2, 13, 14, 2, 6, 0.50
2, 13, 18, 2, 11, 0.50
2, 14, 15, 2, 4, 0.50
2, 14, 19, 2, 3, 0.50
2, 15, 20, 2, 12, 0.50
2, 16, 17, 2, 8, 0.50
2, 16, 21, 2, 12, 0.50
2, 17, 18, 2, 13, 0.50
2, 17, 22, 2, 8, 0.50
2, 18, 19, 2, 4, 0.50
2, 18, 23, 2, 7, 0.50
2, 19, 20, 2, 13, 0.50
2, 19, 24, 2, 3, 0.50
2, 20, 25, 2, 11, 0.50
2, 21, 22, 2, 10, 0.50
2, 22, 23, 2, 2, 0.50
2, 23, 24, 2, 4, 0.50
2, 24, 25, 2, 11, 0.50
2, 1, 2, 3, 3, 0.50
2, 1, 6, 3, 8, 0.50
2, 2, 3, 3, 12, 0.50
2, 2, 7, 3, 10, 0.50
2, 3, 4, 3, 1, 0.50
2, 3, 8, 3, 11, 0.50
2, 4, 5, 3, 5, 0.50
2, 4, 9, 3, 7, 0.50
2, 5, 10, 3, 10, 0.50
2, 6, 7, 3, 5, 0.50
2, 6, 11, 3, 4, 0.50
2, 7, 8, 3, 13, 0.50
2, 7, 12, 3, 11, 0.50
2, 8, 9, 3, 1, 0.50
2, 8, 13, 3, 12, 0.50
2, 9, 10, 3, 2, 0.50
2, 9, 14, 3, 11, 0.50
2, 10, 15, 3, 8, 0.50
2, 11, 12, 3, 8, 0.50
2, 11, 16, 3, 2, 0.50
2, 12, 13, 3, 12, 0.50
2, 12, 17, 3, 10, 0.50
2, 13, 14, 3, 13, 0.50
2, 13, 18, 3, 1, 0.50
2, 14, 15, 3, 11, 0.50
2, 14, 19, 3, 12, 0.50
2, 15, 20, 3, 8, 0.50
2, 16, 17, 3, 5, 0.50
2, 16, 21, 3, 4, 0.50
2, 17, 18, 3, 11, 0.50
2, 17, 22, 3, 1, 0.50
2, 18, 19, 3, 2, 0.50
2, 18, 23, 3, 5, 0.50
2, 19, 20, 3, 8, 0.50
2, 19, 24, 3, 10, 0.50
2, 20, 25, 3, 8, 0.50
2, 21, 22, 3, 2, 0.50
2, 22, 23, 3, 6, 0.50
2, 23, 24, 3, 4, 0.50
2, 24, 25, 3, 6, 0.50
2, 1, 2, 4, 10, 0.50
2, 1, 6, 4, 3, 0.50
2, 2, 3, 4, 11, 0.50
2, 2, 7, 4, 8, 0.50
2, 3, 4, 4, 13, 0.50
2, 3, 8, 4, 5, 0.50
2, 4, 5, 4, 11, 0.50
2, 4, 9, 4, 8, 0.50
2, 5, 10, 4, 7, 0.50
2, 6, 7, 4, 12, 0.50
2, 6, 11, 4, 3, 0.50
2, 7, 8, 4, 13, 0.50
2, 7, 12, 4, 9, 0.50
2, 8, 9, 4, 10, 0.50
2, 8, 13, 4, 7, 0.50
2, 9, 10, 4, 11, 0.50
2, 9, 14, 4, 2, 0.50
2, 10, 15, 4, 10, 0.50
2, 11, 12, 4, 9, 0.50
2, 11, 16, 4, 7, 0.50
2, 12, 13, 4, 10, 0.50
2, 12, 17, 4, 4, 0.50
2, 13, 14, 4, 13, 0.50
2, 13, 18, 4, 9, 0.50
2, 14, 15, 4, 2, 0.50
2, 14, 19, 4, 10, 0.50
2, 15, 20, 4, 6, 0.50
2, 16, 17, 4, 9, 0.50
2, 16, 21, 4, 8, 0.50
2, 17, 18, 4, 5, 0.50
2, 17, 22, 4, 7, 0.50
2, 18, 19, 4, 6, 0.50
2, 18, 23, 4, 9, 0.50
2, 19, 20, 4, 6, 0.50
2, 19, 24, 4, 12, 0.50
2, 20, 25, 4, 4, 0.50
2, 21, 22, 4, 6, 0.50
2, 22, 23, 4, 13, 0.50
2, 23, 24, 4, 11, 0.50
2, 24, 25, 4, 2, 0.50
2, 1, 2, 5, 12, 0.50
2, 1, 6, 5, 14, 0.50
2, 2, 3, 5, 11, 0.50
2, 2, 7, 5, 2, 0.50
2, 3, 4, 5, 2, 0.50
2, 3, 8, 5, 6, 0.50
2, 4, 5, 5, 2, 0.50
2, 4, 9, 5, 6, 0.50
2, 5, 10, 5, 13, 0.50
2, 6, 7, 5, 10, 0.50
2, 6, 11, 5, 8, 0.50
2, 7, 8, 5, 5, 0.50
2, 7, 12, 5, 11, 0.50
2, 8, 9, 5, 12, 0.50
2, 8, 13, 5, 11, 0.50
2, 9, 10, 5, 7, 0.50
2, 9, 14, 5, 6, 0.50
2, 10, 15, 5, 5, 0.50
2, 11, 12, 5, 4, 0.50
2, 11, 16, 5, 6, 0.50
2, 12, 13, 5, 9, 0.50
2, 12, 17, 5, 13, 0.50
2, 13, 14, 5, 10, 0.50
2, 13, 18, 5, 12, 0.50
2, 14, 15, 5, 1, 0.50
2, 14, 19, 5, 11, 0.50
2, 15, 20, 5, 8, 0.50
2, 16, 17, 5, 11, 0.50
2, 16, 21, 5, 12, 0.50
2, 17, 18, 5, 9, 0.50
2, 17, 22, 5, 2, 0.50
2, 18, 19, 5, 9, 0.50
2, 18, 23, 5, 9, 0.50
2, 19, 20, 5, 7, 0.50
2, 19, 24, 5, 4, 0.50
2, 20, 25, 5, 5, 0.50
2, 21, 22, 5, 8, 0.50
2, 22, 23, 5, 3, 0.50
2, 23, 24, 5, 4, 0.50
2, 24, 25, 5, 9, 0.50
2, 1, 2, 6, 4, 0.50
2, 1, 6, 6, 5, 0.50
2, 2, 3, 6, 11, 0.50
2, 2, 7, 6, 9, 0.50
2, 3, 4, 6, 13, 0.50
2, 3, 8, 6, 8, 0.50
2, 4, 5, 6, 12, 0.50
2, 4, 9, 6, 9, 0.50
2, 5, 10, 6, 9, 0.50
2, 6, 7, 6, 2, 0.50
2, 6, 11, 6, 8, 0.50
2, 7, 8, 6, 3, 0.50
2, 7, 12, 6, 14, 0.50
2, 8, 9, 6, 8, 0.50
2, 8, 13, 6, 7, 0.50
2, 9, 10, 6, 13, 0.50
2, 9, 14, 6, 5, 0.50
2, 10, 15, 6, 9, 0.50
2, 11, 12, 6, 4, 0.50
2, 11, 16, 6, 6, 0.50
2, 12, 13, 6, 6, 0.50
2, 12, 17, 6, 5, 0.50
2, 13, 14, 6, 1, 0.50
2, 13, 18, 6, 14, 0.50
2, 14, 15, 6, 8, 0.50
2, 14, 19, 6, 9, 0.50
2, 15, 20, 6, 3, 0.50
2, 16, 17, 6, 5, 0.50
2, 16, 21, 6, 4, 0.50
2, 17, 18, 6, 8, 0.50
2, 17, 22, 6, 4, 0.50
2, 18, 19, 6, 12, 0.50
2, 18, 23, 6, 5, 0.50
2, 19, 20, 6, 5, 0.50
2, 19, 24, 6, 7, 0.50
2, 20, 25, 6, 9, 0.50
2, 21, 22, 6, 6, 0.50
2, 22, 23, 6, 11, 0.50
2, 23, 24, 6, 12, 0.50
2, 24, 25, 6, 6, 0.50
2, 1, 2, 7, 4, 0.50
2, 1, 6, 7, 3, 0.50
2, 2, 3, 7, 10, 0.50
2, 2, 7, 7, 2, 0.50
2, 3, 4, 7, 3, 0.50
2, 3, 8, 7, 1, 0.50
2, 4, 5, 7, 9, 0.50
2, 4, 9, 7, 10, 0.50
2, 5, 10, 7, 11, 0.50
2, 6, 7, 7, 6, 0.50
2, 6, 11, 7, 6, 0.50
2, 7, 8, 7, 8, 0.50
2, 7, 12, 7, 12, 0.50
2, 8, 9, 7, 4, 0.50
2, 8, 13, 7, 2, 0.50
2, 9, 10, 7, 10, 0.50
2, 9, 14, 7, 11, 0.50
2, 10, 15, 7, 1, 0.50
2, 11, 12, 7, 3, 0.50
2, 11, 16, 7, 8, 0.50
2, 12, 13, 7, 8, 0.50
2, 12, 17, 7, 9, 0.50
2, 13, 14, 7, 6, 0.50
2, 13, 18, 7, 5, 0.50
2, 14, 15, 7, 1, 0.50
2, 14, 19, 7, 12, 0.50
2, 15, 20, 7, 10, 0.50
2, 16, 17, 7, 12, 0.50
2, 16, 21, 7, 5, 0.50
2, 17, 18, 7, 7, 0.50
2, 17, 22, 7, 11, 0.50
2, 18, 19, 7, 13, 0.50
2, 18, 23, 7, 8, 0.50
2, 19, 20, 7, 8, 0.50
2, 19, 24, 7, 4, 0.50
2, 20, 25, 7, 7, 0.50
2, 21, 22, 7, 11, 0.50
2, 22, 23, 7, 13, 0.50
2, 23, 24, 7, 2, 0.50
2, 24, 25, 7, 7, 0.50
2, 1, 2, 8, 6, 0.50
2, 1, 6, 8, 5, 0.50
2, 2, 3, 8, 11, 0.50
2, 2, 7, 8, 2, 0.50
2, 3, 4, 8, 5, 0.50
2, 3, 8, 8, 12, 0.50
2, 4, 5, 8, 8, 0.50
2, 4, 9, 8, 7, 0.50
2, 5, 10, 8, 8, 0.50
2, 6, 7, 8, 1, 0.50
2, 6, 11, 8, 6, 0.50
2, 7, 8, 8, 5, 0.50
2, 7, 12, 8, 7, 0.50
2, 8, 9, 8, 8, 0.50
2, 8, 13, 8, 2, 0.50
2, 9, 10, 8, 10, 0.50
2, 9, 14, 8, 8, 0.50
2, 10, 15, 8, 6, 0.50
2, 11, 12, 8, 10, 0.50
2, 11, 16, 8, 11, 0.50
2, 12, 13, 8, 13, 0.50
2, 12, 17, 8, 9, 0.50
2, 13, 14, 8, 8, 0.50
2, 13, 18, 8, 9, 0.50
2, 14, 15, 8, 6, 0.50
2, 14, 19, 8, 14, 0.50
2, 15, 20, 8, 8, 0.50
2, 16, 17, 8, 14, 0.50
2, 16, 21, 8, 12, 0.50
2, 17, 18, 8, 2, 0.50
2, 17, 22, 8, 13, 0.50
2, 18, 19, 8, 9, 0.50
2, 18, 23, 8, 14, 0.50
2, 19, 20, 8, 9, 0.50
2, 19, 24, 8, 13, 0.50
2, 20, 25, 8, 9, 0.50
2, 21, 22, 8, 8, 0.50
2, 22, 23, 8, 12, 0.50
2, 23, 24, 8, 12, 0.50
2, 24, 25, 8, 12, 0.50
2, 1, 2, 9, 7, 0.50
2, 1, 6, 9, 9, 0.50
2, 2, 3, 9, 12, 0.50
2, 2, 7, 9, 5, 0.50
2, 3, 4, 9, 8, 0.50
2, 3, 8, 9, 9, 0.50
2, 4, 5, 9, 7, 0.50
2, 4, 9, 9, 7, 0.50
2, 5, 10, 9, 7, 0.50
2, 6, 7, 9, 5, 0.50
2, 6, 11, 9, 13, 0.50
2, 7, 8, 9, 12, 0.50
2, 7, 12, 9, 4, 0.50
2, 8, 9, 9, 13, 0.50
2, 8, 13, 9, 2, 0.50
2, 9, 10, 9, 7, 0.50
2, 9, 14, 9, 7, 0.50
2, 10, 15, 9, 13, 0.50
2, 11, 12, 9, 12, 0.50
2, 11, 16, 9, 8, 0.50
2, 12, 13, 9, 11, 0.50
2, 12, 17, 9, 13, 0.50
2, 13, 14, 9, 12, 0.50
2, 13, 18, 9, 1, 0.50
2, 14, 15, 9, 10, 0.50
2, 14, 19, 9, 13, 0.50
2, 15, 20, 9, 2, 0.50
2, 16, 17, 9, 10, 0.50
2, 16, 21, 9, 5, 0.50
2, 17, 18, 9, 11, 0.50
2, 17, 22, 9, 2, 0.50
2, 18, 19, 9, 11, 0.50
2, 18, 23, 9, 9, 0.50
2, 19, 20, 9, 2, 0.50
2, 19, 24, 9, 4, 0.50
2, 20, 25, 9, 12, 0.50
2, 21, 22, 9, 1, 0.50
2, 22, 23, 9, 2, 0.50
2, 23, 24, 9, 4, 0.50
2, 24, 25, 9, 3, 0.50
2, 1, 2, 10, 2, 0.50
2, 1, 6, 10, 5, 0.50
2, 2, 3, 10, 1, 0.50
2, 2, 7, 10, 3, 0.50
2, 3, 4, 10, 6, 0.50
2, 3, 8, 10, 14, 0.50
2, 4, 5, 10, 12, 0.50
2, 4, 9, 10, 2, 0.50
2, 5, 10, 10, 7, 0.50
2, 6, 7, 10, 12, 0.50
2, 6, 11, 10, 5, 0.50
2, 7, 8, 10, 1, 0.50
2, 7, 12, 10, 4, 0.50
2, 8, 9, 10, 4, 0.50
2, 8, 13, 10, 2, 0.50
2, 9, 10, 10, 7, 0.50
2, 9, 14, 10, 6, 0.50
2, 10, 15, 10, 6, 0.50
2, 11, 12, 10, 14, 0.50
2, 11, 16, 10, 4, 0.50
2, 12, 13, 10, 7, 0.50
2, 12, 17, 10, 12, 0.50
2, 13, 14, 10, 9, 0.50
2, 13, 18, 10, 8, 0.50
2, 14, 15, 10, 6, 0.50
2, 14, 19, 10, 1, 0.50
2, 15, 20, 10, 1, 0.50
2, 16, 17, 10, 2, 0.50
2, 16, 21, 10, 10, 0.50
2, 17, 18, 10, 5, 0.50
2, 17, 22, 10, 7, 0.50
2, 18, 19, 10, 10, 0.50
2, 18, 23, 10, 3, 0.50
2, 19, 20, 10, 14, 0.50
2, 19, 24, 10, 10, 0.50
2, 20, 25, 10, 5, 0.50
2, 21, 22, 10, 4, 0.50
2, 22, 23, 10, 10, 0.50
2, 23, 24, 10, 12, 0.50
2, 24, 25, 10, 9, 0.50
2, 1, 2, 11, 6, 0.50
2, 1, 6, 11, 5, 0.50
2, 2, 3, 11, 10, 0.50
2, 2, 7, 11, 2, 0.50
2, 3, 4, 11, 3, 0.50
2, 3, 8, 11, 9, 0.50
2, 4, 5, 11, 8, 0.50
2, 4, 9, 11, 6, 0.50
2, 5, 10, 11, 4, 0.50
2, 6, 7, 11, 4, 0.50
2, 6, 11, 11, 3, 0.50
2, 7, 8, 11, 13, 0.50
2, 7, 12, 11, 11, 0.50
2, 8, 9, 11, 6, 0.50
2, 8, 13, 11, 7, 0.50
2, 9, 10, 11, 8, 0.50
2, 9, 14, 11, 7, 0.50
2, 10, 15, 11, 12, 0.50
2, 11, 12, 11, 4, 0.50
2, 11, 16, 11, 5, 0.50
2, 12, 13, 11, 2, 0.50
2, 12, 17, 11, 10, 0.50
2, 13, 14, 11, 2, 0.50
2, 13, 18, 11, 9, 0.50
2, 14, 15, 11, 2, 0.50
2, 14, 19, 11, 3, 0.50
2, 15, 20, 11, 4, 0.50
2, 16, 17, 11, 3, 0.50
2, 16, 21, 11, 6, 0.50
2, 17, 18, 11, 3, 0.50
2, 17, 22, 11, 13, 0.50
2, 18, 19, 11, 5, 0.50
2, 18, 23, 11, 2, 0.50
2, 19, 20, 11, 6, 0.50
2, 19, 24, 11, 3, 0.50
2, 20, 25, 11, 13, 0.50
2, 21, 22, 11, 10, 0.50
2, 22, 23, 11, 8, 0.50
2, 23, 24, 11, 2, 0.50
2, 24, 25, 11, 13, 0.50
2, 1, 2, 12, 6, 0.50
2, 1, 6, 12, 12, 0.50
2, 2, 3, 12, 9, 0.50
2, 2, 7, 12, 9, 0.50
2, 3, 4, 12, 6, 0.50
2, 3, 8, 12, 5, 0.50
2, 4, 5, 12, 7, 0.50
2, 4, 9, 12, 4, 0.50
2, 5, 10, 12, 8, 0.50
2, 6, 7, 12, 7, 0.50
2, 6, 11, 12, 11, 0.50
2, 7, 8, 12, 10, 0.50
2, 7, 12, 12, 11, 0.50
2, 8, 9, 12, 9, 0.50
2, 8, 13, 12, 11, 0.50
2, 9, 10, 12, 4, 0.50
2, 9, 14, 12, 12, 0.50
2, 10, 15, 12, 9, 0.50
2, 11, 12, 12, 11, 0.50
2, 11, 16, 12, 2, 0.50
2, 12, 13, 12, 11, 0.50
2, 12, 17, 12, 8, 0.50
2, 13, 14, 12, 10, 0.50
2, 13, 18, 12, 4, 0.50
2, 14, 15, 12, 3, 0.50
2, 14, 19, 12, 13, 0.50
2, 15, 20, 12, 6, 0.50
2, 16, 17, 12, 3, 0.50
2, 16, 21, 12, 11, 0.50
2, 17, 18, 12, 10, 0.50
2, 17, 22, 12, 12, 0.50
2, 18, 19, 12, 1, 0.50
2, 18, 23, 12, 2, 0.50
2, 19, 20, 12, 5, 0.50
2, 19, 24, 12, 8, 0.50
2, 20, 25, 12, 2, 0.50
2, 21, 22, 12, 4, 0.50
2, 22, 23, 12, 4, 0.50
2, 23, 24, 12, 13, 0.50
2, 24, 25, 12, 5, 0.50
2, 1, 2, 13, 7, 0.50
2, 1, 6, 13, 10, 0.50
2, 2, 3, 13, 12, 0.50
2, 2, 7, 13, 4, 0.50
2, 3, 4, 13, 10, 0.50
2, 3, 8, 13, 9, 0.50
2, 4, 5, 13, 3, 0.50
2, 4, 9, 13, 1, 0.50
2, 5, 10, 13, 13, 0.50
2, 6, 7, 13, 6, 0.50
2, 6, 11, 13, 11, 0.50
2, 7, 8, 13, 12, 0.50
2, 7, 12, 13, 13, 0.50
2, 8, 9, 13, 13, 0.50
2, 8, 13, 13, 12, 0.50
2, 9, 10, 13, 3, 0.50
2, 9, 14, 13, 2, 0.50
2, 10, 15, 13, 13, 0.50
2, 11, 12, 13, 12, 0.50
2, 11, 16, 13, 6, 0.50
2, 12, 13, 13, 9, 0.50
2, 12, 17, 13, 1, 0.50
2, 13, 14, 13, 13, 0.50
2, 13, 18, 13, 9, 0.50
2, 14, 15, 13, 13, 0.50
2, 14, 19, 13, 7, 0.50
2, 15, 20, 13, 12, 0.50
2, 16, 17, 13, 11, 0.50
2, 16, 21, 13, 9, 0.50
2, 17, 18, 13, 7, 0.50
2, 17, 22, 13, 10, 0.50
2, 18, 19, 13, 11, 0.50
2, 18, 23, 13, 10, 0.50
2, 19, 20, 13, 8, 0.50
2, 19, 24, 13, 1, 0.50
2, 20, 25, 13, 6, 0.50
2, 21, 22, 13, 7, 0.50
2, 22, 23, 13, 6, 0.50
2, 23, 24, 13, 11, 0.50
2, 24, 25, 13, 11, 0.50
2, 1, 2, 14, 13, 0.50
2, 1, 6, 14, 10, 0.50
2, 2, 3, 14, 11, 0.50
2, 2, 7, 14, 13, 0.50
2, 3, 4, 14, 13, 0.50
2, 3, 8, 14, 10, 0.50
2, 4, 5, 14, 10, 0.50
2, 4, 9, 14, 8, 0.50
2, 5, 10, 14, 6, 0.50
2, 6, 7, 14, 3, 0.50
2, 6, 11, 14, 7, 0.50
2, 7, 8, 14, 10, 0.50
2, 7, 12, 14, 13, 0.50
2, 8, 9, 14, 8, 0.50
2, 8, 13, 14, 9, 0.50
2, 9, 10, 14, 4, 0.50
2, 9, 14, 14, 8, 0.50
2, 10, 15, 14, 4, 0.50
2, 11, 12, 14, 1, 0.50
2, 11, 16, 14, 12, 0.50
2, 12, 13, 14, 11, 0.50
2, 12, 17, 14, 2, 0.50
2, 13, 14, 14, 5, 0.50
2, 13, 18, 14, 13, 0.50
2, 14, 15, 14, 12, 0.50
2, 14, 19, 14, 11, 0.50
2, 15, 20, 14, 7, 0.50
2, 16, 17, 14, 5, 0.50
2, 16, 21, 14, 3, 0.50
2, 17, 18, 14, 12, 0.50
2, 17, 22, 14, 11, 0.50
2, 18, 19, 14, 1, 0.50
2, 18, 23, 14, 13, 0.50
2, 19, 20, 14, 11, 0.50
2, 19, 24, 14, 3, 0.50
2, 20, 25, 14, 12, 0.50
2, 21, 22, 14, 7, 0.50
2, 22, 23, 14, 7, 0.50
2, 23, 24, 14, 6, 0.50
2, 24, 25, 14, 8, 0.50
2, 1, 2, 15, 7, 0.50
2, 1, 6, 15, 13, 0.50
2, 2, 3, 15, 2, 0.50
2, 2, 7, 15, 4, 0.50
2, 3, 4, 15, 2, 0.50
2, 3, 8, 15, 9, 0.50
2, 4, 5, 15, 4, 0.50
2, 4, 9, 15, 1, 0.50
2, 5, 10, 15, 11, 0.50
2, 6, 7, 15, 2, 0.50
2, 6, 11, 15, 6, 0.50
2, 7, 8, 15, 8, 0.50
2, 7, 12, 15, 9, 0.50
2, 8, 9, 15, 5, 0.50
2, 8, 13, 15, 11, 0.50
2, 9, 10, 15, 5, 0.50
2, 9, 14, 15, 6, 0.50
2, 10, 15, 15, 9, 0.50
2, 11, 12, 15, 9, 0.50
2, 11, 16, 15, 3, 0.50
2, 12, 13, 15, 4, 0.50
2, 12, 17, 15, 12, 0.50
2, 13, 14, 15, 4, 0.50
2, 13, 18, 15, 1, 0.50
2, 14, 15, 15, 2, 0.50
2, 14, 19, 15, 7, 0.50
2, 15, 20, 15, 4, 0.50
2, 16, 17, 15, 5, 0.50
2, 16, 21, 15, 7, 0.50
2, 17, 18, 15, 13, 0.50
2, 17, 22, 15, 9, 0.50
2, 18, 19, 15, 8, 0.50
2, 18, 23, 15, 12, 0.50
2, 19, 20, 15, 5, 0.50
2, 19, 24, 15, 6, 0.50
2, 20, 25, 15, 6, 0.50
2, 21, 22, 15, 13, 0.50
2, 22, 23, 15, 7, 0.50
2, 23, 24, 15, 10, 0.50
2, 24, 25, 15, 5, 0.50
2, 1, 2, 16, 11, 0.50
2, 1, 6, 16, 6, 0.50
2, 2, 3, 16, 3, 0.50
2, 2, 7, 16, 11, 0.50
2, 3, 4, 16, 3, 0.50
2, 3, 8, 16, 6, 0.50
2, 4, 5, 16, 5, 0.50
2, 4, 9, 16, 5, 0.50
2, 5, 10, 16, 2, 0.50
2, 6, 7, 16, 12, 0.50
2, 6, 11, 16, 10, 0.50
2, 7, 8, 16, 6, 0.50
2, 7, 12, 16, 6, 0.50
2, 8, 9, 16, 9, 0.50
2, 8, 13, 16, 8, 0.50
2, 9, 10, 16, 2, 0.50
2, 9, 14, 16, 5, 0.50
2, 10, 15, 16, 3, 0.50
2, 11, 12, 16, 6, 0.50
2, 11, 16, 16, 8, 0.50
2, 12, 13, 16, 9, 0.50
2, 12, 17, 16, 8, 0.50
2, 13, 14, 16, 8, 0.50
2, 13, 18, 16, 11, 0.50
2, 14, 15, 16, 5, 0.50
2, 14, 19, 16, 9, 0.50
2, 15, 20, 16, 4, 0.50
2, 16, 17, 16, 3, 0.50
2, 16, 21, 16, 8, 0.50
2, 17, 18, 16, 12, 0.50
2, 17, 22, 16, 3, 0.50
2, 18, 19, 16, 11, 0.50
2, 18, 23, 16, 12, 0.50
2, 19, 20, 16, 4, 0.50
2, 19, 24, 16, 3, 0.50
2, 20, 25, 16, 9, 0.50
2, 21, 22, 16, 6, 0.50
2, 22, 23, 16, 3, 0.50
2, 23, 24, 16, 8, 0.50
2, 24, 25, 16, 7, 0.50
2, 1, 2, 17, 8, 0.50
2, 1, 6, 17, 12, 0.50
2, 2, 3, 17, 10, 0.50
2, 2, 7, 17, 3, 0.50
2, 3, 4, 17, 3, 0.50
2, 3, 8, 17, 9, 0.50
2, 4, 5, 17, 7, 0.50
2, 4, 9, 17, 13, 0.50
2, 5, 10, 17, 4, 0.50
2, 6, 7, 17, 14, 0.50
2, 6, 11, 17, 13, 0.50
2, 7, 8, 17, 3, 0.50
2, 7, 12, 17, 13, 0.50
2, 8, 9, 17, 8, 0.50
2, 8, 13, 17, 6, 0.50
2, 9, 10, 17, 8, 0.50
2, 9, 14, 17, 5, 0.50
2, 10, 15, 17, 5, 0.50
2, 11, 12, 17, 11, 0.50
2, 11, 16, 17, 14, 0.50
2, 12, 13, 17, 8, 0.50
2, 12, 17, 17, 7, 0.50
2, 13, 14, 17, 12, 0.50
2, 13, 18, 17, 7, 0.50
2, 14, 15, 17, 8, 0.50
2, 14, 19, 17, 6, 0.50
2, 15, 20, 17, 4, 0.50
2, 16, 17, 17, 9, 0.50
2, 16, 21, 17, 4, 0.50
2, 17, 18, 17, 4, 0.50
2, 17, 22, 17, 2, 0.50
2, 18, 19, 17, 2, 0.50
2, 18, 23, 17, 13, 0.50
2, 19, 20, 17, 12, 0.50
2, 19, 24, 17, 12, 0.50
2, 20, 25, 17, 6, 0.50
2, 21, 22, 17, 9, 0.50
2, 22, 23, 17, 3, 0.50
2, 23, 24, 17, 3, 0.50
2, 24, 25, 17, 1, 0.50
2, 1, 2, 18, 9, 0.50
2, 1, 6, 18, 8, 0.50
2, 2, 3, 18, 11, 0.50
2, 2, 7, 18, 4, 0.50
2, 3, 4, 18, 8, 0.50
2, 3, 8, 18, 6, 0.50
2, 4, 5, 18, 7, 0.50
2, 4, 9, 18, 2, 0.50
2, 5, 10, 18, 4, 0.50
2, 6, 7, 18, 8, 0.50
2, 6, 11, 18, 1, 0.50
2, 7, 8, 18, 2, 0.50
2, 7, 12, 18, 2, 0.50
2, 8, 9, 18, 3, 0.50
2, 8, 13, 18, 10, 0.50
2, 9, 10, 18, 6, 0.50
2, 9, 14, 18, 9, 0.50
2, 10, 15, 18, 9, 0.50
2, 11, 12, 18, 3, 0.50
2, 11, 16, 18, 11, 0.50
2, 12, 13, 18, 2, 0.50
2, 12, 17, 18, 13, 0.50
2, 13, 14, 18, 8, 0.50
2, 13, 18, 18, 10, 0.50
2, 14, 15, 18, 8, 0.50
2, 14, 19, 18, 8, 0.50
2, 15, 20, 18, 11, 0.50
2, 16, 17, 18, 6, 0.50
2, 16, 21, 18, 1, 0.50
2, 17, 18, 18, 9, 0.50
2, 17, 22, 18, 11, 0.50
2, 18, 19, 18, 10, 0.50
2, 18, 23, 18, 7, 0.50
2, 19, 20, 18, 10, 0.50
2, 19, 24, 18, 2, 0.50
2, 20, 25, 18, 2, 0.50
2, 21, 22, 18, 12, 0.50
2, 22, 23, 18, 12, 0.50
2, 23, 24, 18, 2, 0.50
2, 24, 25, 18, 6, 0.50
2, 1, 2, 19, 6, 0.50
2, 1, 6, 19, 5, 0.50
2, 2, 3, 19, 3, 0.50
2, 2, 7, 19, 9, 0.50
2, 3, 4, 19, 11, 0.50
2, 3, 8, 19, 4, 0.50
2, 4, 5, 19, 6, 0.50
2, 4, 9, 19, 8, 0.50
2, 5, 10, 19, 8, 0.50
2, 6, 7, 19, 13, 0.50
2, 6, 11, 19, 3, 0.50
2, 7, 8, 19, 1, 0.50
2, 7, 12, 19, 5, 0.50
2, 8, 9, 19, 11, 0.50
2, 8, 13, 19, 10, 0.50
2, 9, 10, 19, 3, 0.50
2, 9, 14, 19, 9, 0.50
2, 10, 15, 19, 5, 0.50
2, 11, 12, 19, 2, 0.50
2, 11, 16, 19, 3, 0.50
2, 12, 13, 19, 8, 0.50
2, 12, 17, 19, 1, 0.50
2, 13, 14, 19, 9, 0.50
2, 13, 18, 19, 7, 0.50
2, 14, 15, 19, 7, 0.50
2, 14, 19, 19, 5, 0.50
2, 15, 20, 19, 5, 0.50
2, 16, 17, 19, 8, 0.50
2, 16, 21, 19, 5, 0.50
2, 17, 18, 19, 6, 0.50
2, 17, 22, 19, 7, 0.50
2, 18, 19, 19, 7, 0.50
2, 18, 23, 19, 12, 0.50
2, 19, 20, 19, 1, 0.50
2, 19, 24, 19, 11, 0.50
2, 20, 25, 19, 14, 0.50
2, 21, 22, 19, 4, 0.50
2, 22, 23, 19, 13, 0.50
2, 23, 24, 19, 8, 0.50
2, 24, 25, 19, 12, 0.50
2, 1, 2, 20, 4, 0.50
2, 1, 6, 20, 10, 0.50
2, 2, 3, 20, 11, 0.50
2, 2, 7, 20, 4, 0.50
2, 3, 4, 20, 6, 0.50
2, 3, 8, 20, 3, 0.50
2, 4, 5, 20, 12, 0.50
2, 4, 9, 20, 7, 0.50
2, 5, 10, 20, 13, 0.50
2, 6, 7, 20, 2, 0.50
2, 6, 11, 20, 1, 0.50
2, 7, 8, 20, 2, 0.50
2, 7, 12, 20, 2, 0.50
2, 8, 9, 20, 8, 0.50
2, 8, 13, 20, 6, 0.50
2, 9, 10, 20, 11, 0.50
2, 9, 14, 20, 7, 0.50
2, 10, 15, 20, 1, 0.50
2, 11, 12, 20, 7, 0.50
2, 11, 16, 20, 5, 0.50
2, 12, 13, 20, 4, 0.50
2, 12, 17, 20, 1, 0.50
2, 13, 14, 20, 1, 0.50
2, 13, 18, 20, 9, 0.50
2, 14, 15, 20, 11, 0.50
2, 14, 19, 20, 12, 0.50
2, 15, 20, 20, 8, 0.50
2, 16, 17, 20, 7, 0.50
2, 16, 21, 20, 6, 0.50
2, 17, 18, 20, 1, 0.50
2, 17, 22, 20, 8, 0.50
2, 18, 19, 20, 8, 0.50
2, 18, 23, 20, 13, 0.50
2, 19, 20, 20, 5, 0.50
2, 19, 24, 20, 9, 0.50
2, 20, 25, 20, 11, 0.50
2, 21, 22, 20, 7, 0.50
2, 22, 23, 20, 6, 0.50
2, 23, 24, 20, 13, 0.50
2, 24, 25, 20, 13, 0.50
2, 1, 2, 21, 4, 0.50
2, 1, 6, 21, 8, 0.50
2, 2, 3, 21, 14, 0.50
2, 2, 7, 21, 12, 0.50
2, 3, 4, 21, 1, 0.50
2, 3, 8, 21, 14, 0.50
2, 4, 5, 21, 2, 0.50
2, 4, 9, 21, 6, 0.50
2, 5, 10, 21, 13, 0.50
2, 6, 7, 21, 1, 0.50
2, 6, 11, 21, 10, 0.50
2, 7, 8, 21, 3, 0.50
2, 7, 12, 21, 14, 0.50
2, 8, 9, 21, 4, 0.50
2, 8, 13, 21, 1, 0.50
2, 9, 10, 21, 1, 0.50
2, 9, 14, 21, 9, 0.50
2, 10, 15, 21, 10, 0.50
2, 11, 12, 21, 14, 0.50
2, 11, 16, 21, 2, 0.50
2, 12, 13, 21, 5, 0.50
2, 12, 17, 21, 7, 0.50
2, 13, 14, 21, 1, 0.50
2, 13, 18, 21, 12, 0.50
2, 14, 15, 21, 6, 0.50
2, 14, 19, 21, 9, 0.50
2, 15, 20, 21, 10, 0.50
2, 16, 17, 21, 12, 0.50
2, 16, 21, 21, 5, 0.50
2, 17, 18, 21, 3, 0.50
2, 17, 22, 21, 9, 0.50
2, 18, 19, 21, 6, 0.50
2, 18, 23, 21, 6, 0.50
2, 19, 20, 21, 10, 0.50
2, 19, 24, 21, 13, 0.50
2, 20, 25, 21, 8, 0.50
2, 21, 22, 21, 7, 0.50
2, 22, 23, 21, 2, 0.50
2, 23, 24, 21, 3, 0.50
2, 24, 25, 21, 6, 0.50
2, 1, 2, 22, 6, 0.50
2, 1, 6, 22, 5, 0.50
2, 2, 3, 22, 3, 0.50
2, 2, 7, 22, 3, 0.50
2, 3, 4, 22, 12, 0.50
2, 3, 8, 22, 10, 0.50
2, 4, 5, 22, 7, 0.50
2, 4, 9, 22, 7, 0.50
2, 5, 10, 22, 2, 0.50
2, 6, 7, 22, 4, 0.50
2, 6, 11, 22, 12, 0.50
2, 7, 8, 22, 3, 0.50
2, 7, 12, 22, 5, 0.50
2, 8, 9, 22, 4, 0.50
2, 8, 13, 22, 13, 0.50
2, 9, 10, 22, 3, 0.50
2, 9, 14, 22, 8, 0.50
2, 10, 15, 22, 6, 0.50
2, 11, 12, 22, 9, 0.50
2, 11, 16, 22, 14, 0.50
2, 12, 13, 22, 3, 0.50
2, 12, 17, 22, 5, 0.50
2, 13, 14, 22, 14, 0.50
2, 13, 18, 22, 3, 0.50
2, 14, 15, 22, 4, 0.50
2, 14, 19, 22, 13, 0.50
2, 15, 20, 22, 8, 0.50
2, 16, 17, 22, 13, 0.50
2, 16, 21, 22, 4, 0.50
2, 17, 18, 22, 8, 0.50
2, 17, 22, 22, 5, 0.50
2, 18, 19, 22, 6, 0.50
2, 18, 23, 22, 3, 0.50
2, 19, 20, 22, 4, 0.50
2, 19, 24, 22, 10, 0.50
2, 20, 25, 22, 5, 0.50
2, 21, 22, 22, 9, 0.50
2, 22, 23, 22, 4, 0.50
2, 23, 24, 22, 3, 0.50
2, 24, 25, 22, 12, 0.50
2, 1, 2, 23, 4, 0.50
2, 1, 6, 23, 10, 0.50
2, 2, 3, 23, 12, 0.50
2, 2, 7, 23, 8, 0.50
2, 3, 4, 23, 13, 0.50
2, 3, 8, 23, 10, 0.50
2, 4, 5, 23, 9, 0.50
2, 4, 9, 23, 2, 0.50
2, 5, 10, 23, 5, 0.50
2, 6, 7, 23, 13, 0.50
2, 6, 11, 23, 3, 0.50
2, 7, 8, 23, 5, 0.50
2, 7, 12, 23, 12, 0.50
2, 8, 9, 23, 11, 0.50
2, 8, 13, 23, 4, 0.50
2, 9, 10, 23, 7, 0.50
2, 9, 14, 23, 12, 0.50
2, 10, 15, 23, 9, 0.50
2, 11, 12, 23, 4, 0.50
2, 11, 16, 23, 7, 0.50
2, 12, 13, 23, 9, 0.50
2, 12, 17, 23, 2, 0.50
2, 13, 14, 23, 7, 0.50
2, 13, 18, 23, 8, 0.50
2, 14, 15, 23, 5, 0.50
2, 14, 19, 23, 4, 0.50
2, 15, 20, 23, 7, 0.50
2, 16, 17, 23, 12, 0.50
2, 16, 21, 23, 8, 0.50
2, 17, 18, 23, 6, 0.50
2, 17, 22, 23, 13, 0.50
2, 18, 19, 23, 9, 0.50
2, 18, 23, 23, 7, 0.50
2, 19, 20, 23, 5, 0.50
2, 19, 24, 23, 10, 0.50
2, 20, 25, 23, 5, 0.50
2, 21, 22, 23, 7, 0.50
2, 22, 23, 23, 3, 0.50
2, 23, 24, 23, 4, 0.50
2, 24, 25, 23, 3, 0.50
2, 1, 2, 24, 1, 0.50
2, 1, 6, 24, 11, 0.50
2, 2, 3, 24, 4, 0.50
2, 2, 7, 24, 4, 0.50
2, 3, 4, 24, 2, 0.50
2, 3, 8, 24, 7, 0.50
2, 4, 5, 24, 6, 0.50
2, 4, 9, 24, 3, 0.50
2, 5, 10, 24, 8, 0.50
2, 6, 7, 24, 7, 0.50
2, 6, 11, 24, 8, 0.50
2, 7, 8, 24, 2, 0.50
2, 7, 12, 24, 10, 0.50
2, 8, 9, 24, 7, 0.50
2, 8, 13, 24, 10, 0.50
2, 9, 10, 24, 12, 0.50
2, 9, 14, 24, 3, 0.50
2, 10, 15, 24, 13, 0.50
2, 11, 12, 24, 13, 0.50
2, 11, 16, 24, 8, 0.50
2, 12, 13, 24, 4, 0.50
2, 12, 17, 24, 5, 0.50
2, 13, 14, 24, 10, 0.50
2, 13, 18, 24, 2, 0.50
2, 14, 15, 24, 9, 0.50
2, 14, 19, 24, 10, 0.50
2, 15, 20, 24, 1, 0.50
2, 16, 17, 24, 13, 0.50
2, 16, 21, 24, 5, 0.50
2, 17, 18, 24, 11, 0.50
2, 17, 22, 24, 10, 0.50
2, 18, 19, 24, 4, 0.50
2, 18, 23, 24, 8, 0.50
2, 19, 20, 24, 11, 0.50
2, 19, 24, 24, 7, 0.50
2, 20, 25, 24, 1, 0.50
2, 21, 22, 24, 2, 0.50
2, 22, 23, 24, 7, 0.50
2, 23, 24, 24, 7, 0.50
2, 24, 25, 24, 11, 0.50
2, 1, 2, 25, 11, 0.50
2, 1, 6, 25, 1, 0.50
2, 2, 3, 25, 4, 0.50
2, 2, 7, 25, 7, 0.50
2, 3, 4, 25, 2, 0.50
2, 3, 8, 25, 9, 0.50
2, 4, 5, 25, 4, 0.50
2, 4, 9, 25, 2, 0.50
2, 5, 10, 25, 8, 0.50
2, 6, 7, 25, 13, 0.50
2, 6, 11, 25, 14, 0.50
2, 7, 8, 25, 6, 0.50
2, 7, 12, 25, 8, 0.50
2, 8, 9, 25, 7, 0.50
2, 8, 13, 25, 6, 0.50
2, 9, 10, 25, 14, 0.50
2, 9, 14, 25, 14, 0.50
2, 10, 15, 25, 9, 0.50
2, 11, 12, 25, 6, 0.50
2, 11, 16, 25, 13, 0.50
2, 12, 13, 25, 4, 0.50
2, 12, 17, 25, 3, 0.50
2, 13, 14, 25, 14, 0.50
2, 13, 18, 25, 7, 0.50
2, 14, 15, 25, 2, 0.50
2, 14, 19, 25, 5, 0.50
2, 15, 20, 25, 3, 0.50
2, 16, 17, 25, 8, 0.50
2, 16, 21, 25, 7, 0.50
2, 17, 18, 25, 10, 0.50
2, 17, 22, 25, 9, 0.50
2, 18, 19, 25, 13, 0.50
2, 18, 23, 25, 4, 0.50
2, 19, 20, 25, 5, 0.50
2, 19, 24, 25, 5, 0.50
2, 20, 25, 25, 7, 0.50
2, 21, 22, 25, 1, 0.50
2, 22, 23, 25, 10, 0.50
2, 23, 24, 25, 5, 0.50
2, 24, 25, 25, 8, 0.50
2, 1, 2, 26, 5, 0.50
2, 1, 6, 26, 6, 0.50
2, 2, 3, 26, 10, 0.50
2, 2, 7, 26, 9, 0.50
2, 3, 4, 26, 3, 0.50
2, 3, 8, 26, 10, 0.50
2, 4, 5, 26, 4, 0.50
2, 4, 9, 26, 2, 0.50
2, 5, 10, 26, 6, 0.50
2, 6, 7, 26, 1, 0.50
2, 6, 11, 26, 12, 0.50
2, 7, 8, 26, 2, 0.50
2, 7, 12, 26, 5, 0.50
2, 8, 9, 26, 12, 0.50
2, 8, 13, 26, 6, 0.50
2, 9, 10, 26, 10, 0.50
2, 9, 14, 26, 6, 0.50
2, 10, 15, 26, 13, 0.50
2, 11, 12, 26, 2, 0.50
2, 11, 16, 26, 7, 0.50
2, 12, 13, 26, 1, 0.50
2, 12, 17, 26, 4, 0.50
2, 13, 14, 26, 5, 0.50
2, 13, 18, 26, 7, 0.50
2, 14, 15, 26, 10, 0.50
2, 14, 19, 26, 3, 0.50
2, 15, 20, 26, 7, 0.50
2, 16, 17, 26, 7, 0.50
2, 16, 21, 26, 9, 0.50
2, 17, 18, 26, 9, 0.50
2, 17, 22, 26, 10, 0.50
2, 18, 19, 26, 4, 0.50
2, 18, 23, 26, 12, 0.50
2, 19, 20, 26, 7, 0.50
2, 19, 24, 26, 2, 0.50
2, 20, 25, 26, 5, 0.50
2, 21, 22, 26, 9, 0.50
2, 22, 23, 26, 9, 0.50
2, 23, 24, 26, 11, 0.50
2, 24, 25, 26, 9, 0.50
2, 1, 2, 27, 3, 0.50
2, 1, 6, 27, 11, 0.50
2, 2, 3, 27, 8, 0.50
2, 2, 7, 27, 1, 0.50
2, 3, 4, 27, 14, 0.50
2, 3, 8, 27, 9, 0.50
2, 4, 5, 27, 13, 0.50
2, 4, 9, 27, 9, 0.50
2, 5, 10, 27, 3, 0.50
2, 6, 7, 27, 10, 0.50
2, 6, 11, 27, 4, 0.50
2, 7, 8, 27, 13, 0.50
2, 7, 12, 27, 13, 0.50
2, 8, 9, 27, 5, 0.50
2, 8, 13, 27, 4, 0.50
2, 9, 10, 27, 3, 0.50
2, 9, 14, 27, 10, 0.50
2, 10, 15, 27, 5, 0.50
2, 11, 12, 27, 8, 0.50
2, 11, 16, 27, 4, 0.50
2, 12, 13, 27, 8, 0.50
2, 12, 17, 27, 9, 0.50
2, 13, 14, 27, 12, 0.50
2, 13, 18, 27, 11, 0.50
2, 14, 15, 27, 14, 0.50
2, 14, 19, 27, 4, 0.50
2, 15, 20, 27, 5, 0.50
2, 16, 17, 27, 11, 0.50
2, 16, 21, 27, 13, 0.50
2, 17, 18, 27, 5, 0.50
2, 17, 22, 27, 2, 0.50
2, 18, 19, 27, 3, 0.50
2, 18, 23, 27, 5, 0.50
2, 19, 20, 27, 4, 0.50
2, 19, 24, 27, 6, 0.50
2, 20, 25, 27, 12, 0.50
2, 21, 22, 27, 3, 0.50
2, 22, 23, 27, 12, 0.50
2, 23, 24, 27, 11, 0.50
2, 24, 25, 27, 1, 0.50
2, 1, 2, 28, 1, 0.50
2, 1, 6, 28, 5, 0.50
2, 2, 3, 28, 11, 0.50
2, 2, 7, 28, 12, 0.50
2, 3, 4, 28, 6, 0.50
2, 3, 8, 28, 5, 0.50
2, 4, 5, 28, 4, 0.50
2, 4, 9, 28, 12, 0.50
2, 5, 10, 28, 11, 0.50
2, 6, 7, 28, 2, 0.50
2, 6, 11, 28, 3, 0.50
2, 7, 8, 28, 1, 0.50
2, 7, 12, 28, 10, 0.50
2, 8, 9, 28, 4, 0.50
2, 8, 13, 28, 11, 0.50
2, 9, 10, 28, 11, 0.50
2, 9, 14, 28, 13, 0.50
2, 10, 15, 28, 8, 0.50
2, 11, 12, 28, 6, 0.50
2, 11, 16, 28, 14, 0.50
2, 12, 13, 28, 3, 0.50
2, 12, 17, 28, 5, 0.50
2, 13, 14, 28, 6, 0.50
2, 13, 18, 28, 11, 0.50
2, 14, 15, 28, 2, 0.50
2, 14, 19, 28, 3, 0.50
2, 15, 20, 28, 4, 0.50
2, 16, 17, 28, 1, 0.50
2, 16, 21, 28, 12, 0.50
2, 17, 18, 28, 12, 0.50
2, 17, 22, 28, 3, 0.50
2, 18, 19, 28, 10, 0.50
2, 18, 23, 28, 10, 0.50
2, 19, 20, 28, 4, 0.50
2, 19, 24, 28, 10, 0.50
2, 20, 25, 28, 12, 0.50
2, 21, 22, 28, 5, 0.50
2, 22, 23, 28, 3, 0.50
2, 23, 24, 28, 7, 0.50
2, 24, 25, 28, 4, 0.50
2, 1, 2, 29, 12, 0.50
2, 1, 6, 29, 6, 0.50
2, 2, 3, 29, 11, 0.50
2, 2, 7, 29, 4, 0.50
2, 3, 4, 29, 10, 0.50
2, 3, 8, 29, 11, 0.50
2, 4, 5, 29, 9, 0.50
2, 4, 9, 29, 5, 0.50
2, 5, 10, 29, 12, 0.50
2, 6, 7, 29, 4, 0.50
2, 6, 11, 29, 2, 0.50
2, 7, 8, 29, 2, 0.50
2, 7, 12, 29, 3, 0.50
2, 8, 9, 29, 8, 0.50
2, 8, 13, 29, 6, 0.50
2, 9, 10, 29, 2, 0.50
2, 9, 14, 29, 12, 0.50
2, 10, 15, 29, 12, 0.50
2, 11, 12, 29, 8, 0.50
2, 11, 16, 29, 4, 0.50
2, 12, 13, 29, 13, 0.50
2, 12, 17, 29, 13, 0.50
2, 13, 14, 29, 3, 0.50
2, 13, 18, 29, 12, 0.50
2, 14, 15, 29, 3, 0.50
2, 14, 19, 29, 3, 0.50
2, 15, 20, 29, 12, 0.50
2, 16, 17, 29, 1, 0.50
2, 16, 21, 29, 11, 0.50
2, 17, 18, 29, 6, 0.50
2, 17, 22, 29, 7, 0.50
2, 18, 19, 29, 5, 0.50
2, 18, 23, 29, 4, 0.50
2, 19, 20, 29, 11, 0.50
2, 19, 24, 29, 13, 0.50
2, 20, 25, 29, 12, 0.50
2, 21, 22, 29, 5, 0.50
2, 22, 23, 29, 10, 0.50
2, 23, 24, 29, 9, 0.50
2, 24, 25, 29, 8, 0.50
2, 1, 2, 30, 10, 0.50
2, 1, 6, 30, 13, 0.50
2, 2, 3, 30, 14, 0.50
2, 2, 7, 30, 12, 0.50
2, 3, 4, 30, 6, 0.50
2, 3, 8, 30, 10, 0.50
2, 4, 5, 30, 11, 0.50
2, 4, 9, 30, 8, 0.50
2, 5, 10, 30, 4, 0.50
2, 6, 7, 30, 10, 0.50
2, 6, 11, 30, 4, 0.50
2, 7, 8, 30, 12, 0.50
2, 7, 12, 30, 11, 0.50
2, 8, 9, 30, 13, 0.50
2, 8, 13, 30, 2, 0.50
2, 9, 10, 30, 7, 0.50
2, 9, 14, 30, 8, 0.50
2, 10, 15, 30, 2, 0.50
2, 11, 12, 30, 9, 0.50
2, 11, 16, 30, 8, 0.50
2, 12, 13, 30, 14, 0.50
2, 12, 17, 30, 9, 0.50
2, 13, 14, 30, 9, 0.50
2, 13, 18, 30, 8, 0.50
2, 14, 15, 30, 1, 0.50
2, 14, 19, 30, 7, 0.50
2, 15, 20, 30, 4, 0.50
2, 16, 17, 30, 4, 0.50
2, 16, 21, 30, 9, 0.50
2, 17, 18, 30, 4, 0.50
2, 17, 22, 30, 6, 0.50
2, 18, 19, 30, 6, 0.50
2, 18, 23, 30, 11, 0.50
2, 19, 20, 30, 2, 0.50
2, 19, 24, 30, 8, 0.50
2, 20, 25, 30, 13, 0.50
2, 21, 22, 30, 9, 0.50
2, 22, 23, 30, 1, 0.50
2, 23, 24, 30, 14, 0.50
2, 24, 25, 30, 2, 0.50
2, 1, 2, 31, 13, 0.50
2, 1, 6, 31, 5, 0.50
2, 2, 3, 31, 6, 0.50
2, 2, 7, 31, 13, 0.50
2, 3, 4, 31, 10, 0.50
2, 3, 8, 31, 2, 0.50
2, 4, 5, 31, 8, 0.50
2, 4, 9, 31, 6, 0.50
2, 5, 10, 31, 2, 0.50
2, 6, 7, 31, 13, 0.50
2, 6, 11, 31, 1, 0.50
2, 7, 8, 31, 6, 0.50
2, 7, 12, 31, 1, 0.50
2, 8, 9, 31, 7, 0.50
2, 8, 13, 31, 7, 0.50
2, 9, 10, 31, 10, 0.50
2, 9, 14, 31, 10, 0.50
2, 10, 15, 31, 13, 0.50
2, 11, 12, 31, 5, 0.50
2, 11, 16, 31, 2, 0.50
2, 12, 13, 31, 5, 0.50
2, 12, 17, 31, 7, 0.50
2, 13, 14, 31, 5, 0.50
2, 13, 18, 31, 3, 0.50
2, 14, 15, 31, 12, 0.50
2, 14, 19, 31, 11, 0.50
2, 15, 20, 31, 12, 0.50
2, 16, 17, 31, 8, 0.50
2, 16, 21, 31, 11, 0.50
2, 17, 18, 31, 9, 0.50
2, 17, 22, 31, 4, 0.50
2, 18, 19, 31, 9, 0.50
2, 18, 23, 31, 3, 0.50
2, 19, 20, 31, 6, 0.50
2, 19, 24, 31, 8, 0.50
2, 20, 25, 31, 10, 0.50
2, 21, 22, 31, 11, 0.50
2, 22, 23, 31, 1, 0.50
2, 23, 24, 31, 3, 0.50
2, 24, 25, 31, 10, 0.50
2, 1, 2, 32, 4, 0.50
2, 1, 6, 32, 5, 0.50
2, 2, 3, 32, 7, 0.50
2, 2, 7, 32, 11, 0.50
2, 3, 4, 32, 8, 0.50
2, 3, 8, 32, 7, 0.50
2, 4, 5, 32, 3, 0.50
2, 4, 9, 32, 3, 0.50
2, 5, 10, 32, 8, 0.50
2, 6, 7, 32, 8, 0.50
2, 6, 11, 32, 13, 0.50
2, 7, 8, 32, 9, 0.50
2, 7, 12, 32, 12, 0.50
2, 8, 9, 32, 12, 0.50
2, 8, 13, 32, 9, 0.50
2, 9, 10, 32, 12, 0.50
2, 9, 14, 32, 3, 0.50
2, 10, 15, 32, 7, 0.50
2, 11, 12, 32, 1, 0.50
2, 11, 16, 32, 4, 0.50
2, 12, 13, 32, 5, 0.50
2, 12, 17, 32, 3, 0.50
2, 13, 14, 32, 5, 0.50
2, 13, 18, 32, 4, 0.50
2, 14, 15, 32, 10, 0.50
2, 14, 19, 32, 7, 0.50
2, 15, 20, 32, 10, 0.50
2, 16, 17, 32, 7, 0.50
2, 16, 21, 32, 7, 0.50
2, 17, 18, 32, 13, 0.50
2, 17, 22, 32, 8, 0.50
2, 18, 19, 32, 3, 0.50
2, 18, 23, 32, 2, 0.50
2, 19, 20, 32, 1, 0.50
2, 19, 24, 32, 3, 0.50
2, 20, 25, 32, 10, 0.50
2, 21, 22, 32, 12, 0.50
2, 22, 23, 32, 7, 0.50
2, 23, 24, 32, 9, 0.50
2, 24, 25, 32, 4, 0.50
2, 1, 2, 33, 13, 0.50
2, 1, 6, 33, 13, 0.50
2, 2, 3, 33, 12, 0.50
2, 2, 7, 33, 13, 0.50
2, 3, 4, 33, 9, 0.50
2, 3, 8, 33, 9, 0.50
2, 4, 5, 33, 6, 0.50
2, 4, 9, 33, 1, 0.50
2, 5, 10, 33, 4, 0.50
2, 6, 7, 33, 7, 0.50
2, 6, 11, 33, 10, 0.50
2, 7, 8, 33, 11, 0.50
2, 7, 12, 33, 3, 0.50
2, 8, 9, 33, 7, 0.50
2, 8, 13, 33, 1, 0.50
2, 9, 10, 33, 11, 0.50
2, 9, 14, 33, 3, 0.50
2, 10, 15, 33, 13, 0.50
2, 11, 12, 33, 8, 0.50
2, 11, 16, 33, 7, 0.50
2, 12, 13, 33, 11, 0.50
2, 12, 17, 33, 5, 0.50
2, 13, 14, 33, 14, 0.50
2, 13, 18, 33, 14, 0.50
2, 14, 15, 33, 6, 0.50
2, 14, 19, 33, 12, 0.50
2, 15, 20, 33, 10, 0.50
2, 16, 17, 33, 9, 0.50
2, 16, 21, 33, 7, 0.50
2, 17, 18, 33, 1, 0.50
2, 17, 22, 33, 3, 0.50
2, 18, 19, 33, 12, 0.50
2, 18, 23, 33, 4, 0.50
2, 19, 20, 33, 10, 0.50
2, 19, 24, 33, 8, 0.50
2, 20, 25, 33, 6, 0.50
2, 21, 22, 33, 2, 0.50
2, 22, 23, 33, 9, 0.50
2, 23, 24, 33, 10, 0.50
2, 24, 25, 33, 13, 0.50
2, 1, 2, 34, 4, 0.50
2, 1, 6, 34, 12, 0.50
2, 2, 3, 34, 10, 0.50
2, 2, 7, 34, 8, 0.50
2, 3, 4, 34, 7, 0.50
2, 3, 8, 34, 11, 0.50
2, 4, 5, 34, 4, 0.50
2, 4, 9, 34, 8, 0.50
2, 5, 10, 34, 13, 0.50
2, 6, 7, 34, 2, 0.50
2, 6, 11, 34, 3, 0.50
2, 7, 8, 34, 11, 0.50
2, 7, 12, 34, 3, 0.50
2, 8, 9, 34, 1, 0.50
2, 8, 13, 34, 13, 0.50
2, 9, 10, 34, 2, 0.50
2, 9, 14, 34, 8, 0.50
2, 10, 15, 34, 6, 0.50
2, 11, 12, 34, 13, 0.50
2, 11, 16, 34, 2, 0.50
2, 12, 13, 34, 11, 0.50
2, 12, 17, 34, 3, 0.50
2, 13, 14, 34, 6, 0.50
2, 13, 18, 34, 7, 0.50
2, 14, 15, 34, 7, 0.50
2, 14, 19, 34, 7, 0.50
2, 15, 20, 34, 6, 0.50
2, 16, 17, 34, 7, 0.50
2, 16, 21, 34, 6, 0.50
2, 17, 18, 34, 6, 0.50
2, 17, 22, 34, 9, 0.50
2, 18, 19, 34, 14, 0.50
2, 18, 23, 34, 10, 0.50
2, 19, 20, 34, 6, 0.50
2, 19, 24, 34, 13, 0.50
2, 20, 25, 34, 8, 0.50
2, 21, 22, 34, 12, 0.50
2, 22, 23, 34, 12, 0.50
2, 23, 24, 34, 13, 0.50
2, 24, 25, 34, 6, 0.50
2, 1, 2, 35, 7, 0.50
2, 1, 6, 35, 10, 0.50
2, 2, 3, 35, 7, 0.50
2, 2, 7, 35, 2, 0.50
2, 3, 4, 35, 8, 0.50
2, 3, 8, 35, 13, 0.50
2, 4, 5, 35, 9, 0.50
2, 4, 9, 35, 7, 0.50
2, 5, 10, 35, 11, 0.50
2, 6, 7, 35, 10, 0.50
2, 6, 11, 35, 8, 0.50
2, 7, 8, 35, 10, 0.50
2, 7, 12, 35, 11, 0.50
2, 8, 9, 35, 8, 0.50
2, 8, 13, 35, 11, 0.50
2, 9, 10, 35, 3, 0.50
2, 9, 14, 35, 2, 0.50
2, 10, 15, 35, 6, 0.50
2, 11, 12, 35, 3, 0.50
2, 11, 16, 35, 11, 0.50
2, 12, 13, 35, 8, 0.50
2, 12, 17, 35, 4, 0.50
2, 13, 14, 35, 6, 0.50
2, 13, 18, 35, 8, 0.50
2, 14, 15, 35, 6, 0.50
2, 14, 19, 35, 13, 0.50
2, 15, 20, 35, 11, 0.50
2, 16, 17, 35, 10, 0.50
2, 16, 21, 35, 12, 0.50
2, 17, 18, 35, 5, 0.50
2, 17, 22, 35, 2, 0.50
2, 18, 19, 35, 8, 0.50
2, 18, 23, 35, 10, 0.50
2, 19, 20, 35, 2, 0.50
2, 19, 24, 35, 10, 0.50
2, 20, 25, 35, 4, 0.50
2, 21, 22, 35, 6, 0.50
2, 22, 23, 35, 2, 0.50
2, 23, 24, 35, 4, 0.50
2, 24, 25, 35, 1, 0.50
2, 1, 2, 36, 6, 0.50
2, 1, 6, 36, 2, 0.50
2, 2, 3, 36, 9, 0.50
2, 2, 7, 36, 7, 0.50
2, 3, 4, 36, 5, 0.50
2, 3, 8, 36, 6, 0.50
2, 4, 5, 36, 12, 0.50
2, 4, 9, 36, 4, 0.50
2, 5, 10, 36, 1, 0.50
2, 6, 7, 36, 8, 0.50
2, 6, 11, 36, 3, 0.50
2, 7, 8, 36, 3, 0.50
2, 7, 12, 36, 5, 0.50
2, 8, 9, 36, 2, 0.50
2, 8, 13, 36, 4, 0.50
2, 9, 10, 36, 9, 0.50
2, 9, 14, 36, 7, 0.50
2, 10, 15, 36, 8, 0.50
2, 11, 12, 36, 5, 0.50
2, 11, 16, 36, 4, 0.50
2, 12, 13, 36, 3, 0.50
2, 12, 17, 36, 2, 0.50
2, 13, 14, 36, 12, 0.50
2, 13, 18, 36, 12, 0.50
2, 14, 15, 36, 9, 0.50
2, 14, 19, 36, 12, 0.50
2, 15, 20, 36, 2, 0.50
2, 16, 17, 36, 11, 0.50
2, 16, 21, 36, 10, 0.50
2, 17, 18, 36, 2, 0.50
2, 17, 22, 36, 12, 0.50
2, 18, 19, 36, 7, 0.50
2, 18, 23, 36, 7, 0.50
2, 19, 20, 36, 12, 0.50
2, 19, 24, 36, 12, 0.50
2, 20, 25, 36, 11, 0.50
2, 21, 22, 36, 13, 0.50
2, 22, 23, 36, 9, 0.50
2, 23, 24, 36, 13, 0.50
2, 24, 25, 36, 2, 0.50
2, 1, 2, 37, 8, 0.50
2, 1, 6, 37, 3, 0.50
2, 2, 3, 37, 4, 0.50
2, 2, 7, 37, 2, 0.50
2, 3, 4, 37, 11, 0.50
2, 3, 8, 37, 2, 0.50
2, 4, 5, 37, 12, 0.50
2, 4, 9, 37, 2, 0.50
2, 5, 10, 37, 14, 0.50
2, 6, 7, 37, 4, 0.50
2, 6, 11, 37, 1, 0.50
2, 7, 8, 37, 14, 0.50
2, 7, 12, 37, 6, 0.50
2, 8, 9, 37, 6, 0.50
2, 8, 13, 37, 5, 0.50
2, 9, 10, 37, 14, 0.50
2, 9, 14, 37, 4, 0.50
2, 10, 15, 37, 3, 0.50
2, 11, 12, 37, 10, 0.50
2, 11, 16, 37, 9, 0.50
2, 12, 13, 37, 5, 0.50
2, 12, 17, 37, 5, 0.50
2, 13, 14, 37, 12, 0.50
2, 13, 18, 37, 5, 0.50
2, 14, 15, 37, 10, 0.50
2, 14, 19, 37, 13, 0.50
2, 15, 20, 37, 7, 0.50
2, 16, 17, 37, 6, 0.50
2, 16, 21, 37, 12, 0.50
2, 17, 18, 37, 14, 0.50
2, 17, 22, 37, 11, 0.50
2, 18, 19, 37, 13, 0.50
2, 18, 23, 37, 9, 0.50
2, 19, 20, 37, 1, 0.50
2, 19, 24, 37, 8, 0.50
2, 20, 25, 37, 10, 0.50
2, 21, 22, 37, 12, 0.50
2, 22, 23, 37, 7, 0.50
2, 23, 24, 37, 2, 0.50
2, 24, 25, 37, 4, 0.50
2, 1, 2, 38, 10, 0.50
2, 1, 6, 38, 14, 0.50
2, 2, 3, 38, 11, 0.50
2, 2, 7, 38, 6, 0.50
2, 3, 4, 38, 10, 0.50
2, 3, 8, 38, 11, 0.50
2, 4, 5, 38, 7, 0.50
2, 4, 9, 38, 13, 0.50
2, 5, 10, 38, 13, 0.50
2, 6, 7, 38, 8, 0.50
2, 6, 11, 38, 2, 0.50
2, 7, 8, 38, 7, 0.50
2, 7, 12, 38, 5, 0.50
2, 8, 9, 38, 8, 0.50
2, 8, 13, 38, 6, 0.50
2, 9, 10, 38, 1, 0.50
2, 9, 14, 38, 7, 0.50
2, 10, 15, 38, 6, 0.50
2, 11, 12, 38, 9, 0.50
2, 11, 16, 38, 5, 0.50
2, 12, 13, 38, 11, 0.50
2, 12, 17, 38, 11, 0.50
2, 13, 14, 38, 3, 0.50
2, 13, 18, 38, 1, 0.50
2, 14, 15, 38, 10, 0.50
2, 14, 19, 38, 4, 0.50
2, 15, 20, 38, 7, 0.50
2, 16, 17, 38, 7, 0.50
2, 16, 21, 38, 9, 0.50
2, 17, 18, 38, 11, 0.50
2, 17, 22, 38, 9, 0.50
2, 18, 19, 38, 6, 0.50
2, 18, 23, 38, 4, 0.50
2, 19, 20, 38, 12, 0.50
2, 19, 24, 38, 5, 0.50
2, 20, 25, 38, 12, 0.50
2, 21, 22, 38, 5, 0.50
2, 22, 23, 38, 6, 0.50
2, 23, 24, 38, 3, 0.50
2, 24, 25, 38, 11, 0.50
2, 1, 2, 39, 9, 0.50
2, 1, 6, 39, 2, 0.50
2, 2, 3, 39, 13, 0.50
2, 2, 7, 39, 9, 0.50
2, 3, 4, 39, 13, 0.50
2, 3, 8, 39, 10, 0.50
2, 4, 5, 39, 9, 0.50
2, 4, 9, 39, 13, 0.50
2, 5, 10, 39, 8, 0.50
2, 6, 7, 39, 3, 0.50
2, 6, 11, 39, 1, 0.50
2, 7, 8, 39, 8, 0.50
2, 7, 12, 39, 10, 0.50
2, 8, 9, 39, 10, 0.50
2, 8, 13, 39, 5, 0.50
2, 9, 10, 39, 3, 0.50
2, 9, 14, 39, 10, 0.50
2, 10, 15, 39, 12, 0.50
2, 11, 12, 39, 14, 0.50
2, 11, 16, 39, 3, 0.50
2, 12, 13, 39, 7, 0.50
2, 12, 17, 39, 11, 0.50
2, 13, 14, 39, 4, 0.50
2, 13, 18, 39, 14, 0.50
2, 14, 15, 39, 9, 0.50
2, 14, 19, 39, 2, 0.50
2, 15, 20, 39, 6, 0.50
2, 16, 17, 39, 3, 0.50
2, 16, 21, 39, 9, 0.50
2, 17, 18, 39, 5, 0.50
2, 17, 22, 39, 12, 0.50
2, 18, 19, 39, 11, 0.50
2, 18, 23, 39, 4, 0.50
2, 19, 20, 39, 1, 0.50
2, 19, 24, 39, 2, 0.50
2, 20, 25, 39, 12, 0.50
2, 21, 22, 39, 3, 0.50
2, 22, 23, 39, 13, 0.50
2, 23, 24, 39, 4, 0.50
2, 24, 25, 39, 10, 0.50
2, 1, 2, 40, 13, 0.50
2, 1, 6, 40, 8, 0.50
2, 2, 3, 40, 6, 0.50
2, 2, 7, 40, 3, 0.50
2, 3, 4, 40, 13, 0.50
2, 3, 8, 40, 4, 0.50
2, 4, 5, 40, 12, 0.50
2, 4, 9, 40, 12, 0.50
2, 5, 10, 40, 11, 0.50
2, 6, 7, 40, 3, 0.50
2, 6, 11, 40, 10, 0.50
2, 7, 8, 40, 4, 0.50
2, 7, 12, 40, 9, 0.50
2, 8, 9, 40, 1, 0.50
2, 8, 13, 40, 1, 0.50
2, 9, 10, 40, 3, 0.50
2, 9, 14, 40, 2, 0.50
2, 10, 15, 40, 6, 0.50
2, 11, 12, 40, 12, 0.50
2, 11, 16, 40, 13, 0.50
2, 12, 13, 40, 9, 0.50
2, 12, 17, 40, 13, 0.50
2, 13, 14, 40, 3, 0.50
2, 13, 18, 40, 8, 0.50
2, 14, 15, 40, 5, 0.50
2, 14, 19, 40, 10, 0.50
2, 15, 20, 40, 9, 0.50
2, 16, 17, 40, 9, 0.50
2, 16, 21, 40, 12, 0.50
2, 17, 18, 40, 7, 0.50
2, 17, 22, 40, 6, 0.50
2, 18, 19, 40, 1, 0.50
2, 18, 23, 40, 7, 0.50
2, 19, 20, 40, 5, 0.50
2, 19, 24, 40, 6, 0.50
2, 20, 25, 40, 6, 0.50
2, 21, 22, 40, 4, 0.50
2, 22, 23, 40, 1, 0.50
2, 23, 24, 40, 6, 0.50
2, 24, 25, 40, 4, 0.50
2, 1, 2, 41, 12, 0.50
2, 1, 6, 41, 9, 0.50
2, 2, 3, 41, 13, 0.50
2, 2, 7, 41, 5, 0.50
2, 3, 4, 41, 12, 0.50
2, 3, 8, 41, 12, 0.50
2, 4, 5, 41, 8, 0.50
2, 4, 9, 41, 2, 0.50
2, 5, 10, 41, 5, 0.50
2, 6, 7, 41, 12, 0.50
2, 6, 11, 41, 7, 0.50
2, 7, 8, 41, 4, 0.50
2, 7, 12, 41, 3, 0.50
2, 8, 9, 41, 2, 0.50
2, 8, 13, 41, 6, 0.50
2, 9, 10, 41, 6, 0.50
2, 9, 14, 41, 13, 0.50
2, 10, 15, 41, 7, 0.50
2, 11, 12, 41, 13, 0.50
2, 11, 16, 41, 2, 0.50
2, 12, 13, 41, 3, 0.50
2, 12, 17, 41, 11, 0.50
2, 13, 14, 41, 14, 0.50
2, 13, 18, 41, 6, 0.50
2, 14, 15, 41, 11, 0.50
2, 14, 19, 41, 11, 0.50
2, 15, 20, 41, 8, 0.50
2, 16, 17, 41, 4, 0.50
2, 16, 21, 41, 9, 0.50
2, 17, 18, 41, 4, 0.50
2, 17, 22, 41, 4, 0.50
2, 18, 19, 41, 8, 0.50
2, 18, 23, 41, 8, 0.50
2, 19, 20, 41, 13, 0.50
2, 19, 24, 41, 7, 0.50
2, 20, 25, 41, 4, 0.50
2, 21, 22, 41, 8, 0.50
2, 22, 23, 41, 9, 0.50
2, 23, 24, 41, 10, 0.50
2, 24, 25, 41, 11, 0.50
2, 1, 2, 42, 10, 0.50
2, 1, 6, 42, 5, 0.50
2, 2, 3, 42, 12, 0.50
2, 2, 7, 42, 5, 0.50
2, 3, 4, 42, 5, 0.50
2, 3, 8, 42, 10, 0.50
2, 4, 5, 42, 5, 0.50
2, 4, 9, 42, 7, 0.50
2, 5, 10, 42, 9, 0.50
2, 6, 7, 42, 8, 0.50
2, 6, 11, 42, 4, 0.50
2, 7, 8, 42, 12, 0.50
2, 7, 12, 42, 8, 0.50
2, 8, 9, 42, 4, 0.50
2, 8, 13, 42, 12, 0.50
2, 9, 10, 42, 9, 0.50
2, 9, 14, 42, 10, 0.50
2, 10, 15, 42, 8, 0.50
2, 11, 12, 42, 4, 0.50
2, 11, 16, 42, 4, 0.50
2, 12, 13, 42, 12, 0.50
2, 12, 17, 42, 3, 0.50
2, 13, 14, 42, 8, 0.50
2, 13, 18, 42, 7, 0.50
2, 14, 15, 42, 14, 0.50
2, 14, 19, 42, 14, 0.50
2, 15, 20, 42, 8, 0.50
2, 16, 17, 42, 3, 0.50
2, 16, 21, 42, 3, 0.50
2, 17, 18, 42, 10, 0.50
2, 17, 22, 42, 4, 0.50
2, 18, 19, 42, 12, 0.50
2, 18, 23, 42, 11, 0.50
2, 19, 20, 42, 10, 0.50
2, 19, 24, 42, 13, 0.50
2, 20, 25, 42, 13, 0.50
2, 21, 22, 42, 7, 0.50
2, 22, 23, 42, 6, 0.50
2, 23, 24, 42, 5, 0.50
2, 24, 25, 42, 10, 0.50
2, 1, 2, 43, 3, 0.50
2, 1, 6, 43, 1, 0.50
2, 2, 3, 43, 9, 0.50
2, 2, 7, 43, 4, 0.50
2, 3, 4, 43, 1, 0.50
2, 3, 8, 43, 8, 0.50
2, 4, 5, 43, 10, 0.50
2, 4, 9, 43, 1, 0.50
2, 5, 10, 43, 2, 0.50
2, 6, 7, 43, 5, 0.50
2, 6, 11, 43, 9, 0.50
2, 7, 8, 43, 14, 0.50
2, 7, 12, 43, 11, 0.50
2, 8, 9, 43, 11, 0.50
2, 8, 13, 43, 6, 0.50
2, 9, 10, 43, 13, 0.50
2, 9, 14, 43, 1, 0.50
2, 10, 15, 43, 3, 0.50
2, 11, 12, 43, 12, 0.50
2, 11, 16, 43, 7, 0.50
2, 12, 13, 43, 10, 0.50
2, 12, 17, 43, 7, 0.50
2, 13, 14, 43, 2, 0.50
2, 13, 18, 43, 10, 0.50
2, 14, 15, 43, 1, 0.50
2, 14, 19, 43, 12, 0.50
2, 15, 20, 43, 10, 0.50
2, 16, 17, 43, 10, 0.50
2, 16, 21, 43, 13, 0.50
2, 17, 18, 43, 11, 0.50
2, 17, 22, 43, 3, 0.50
2, 18, 19, 43, 5, 0.50
2, 18, 23, 43, 10, 0.50
2, 19, 20, 43, 5, 0.50
2, 19, 24, 43, 13, 0.50
2, 20, 25, 43, 11, 0.50
2, 21, 22, 43, 12, 0.50
2, 22, 23, 43, 7, 0.50
2, 23, 24, 43, 3, 0.50
2, 24, 25, 43, 13, 0.50
2, 1, 2, 44, 13, 0.50
2, 1, 6, 44, 5, 0.50
2, 2, 3, 44, 14, 0.50
2, 2, 7, 44, 2, 0.50
2, 3, 4, 44, 12, 0.50
2, 3, 8, 44, 9, 0.50
2, 4, 5, 44, 9, 0.50
2, 4, 9, 44, 2, 0.50
2, 5, 10, 44, 4, 0.50
2, 6, 7, 44, 7, 0.50
2, 6, 11, 44, 9, 0.50
2, 7, 8, 44, 13, 0.50
2, 7, 12, 44, 4, 0.50
2, 8, 9, 44, 13, 0.50
2, 8, 13, 44, 4, 0.50
2, 9, 10, 44, 14, 0.50
2, 9, 14, 44, 9, 0.50
2, 10, 15, 44, 12, 0.50
2, 11, 12, 44, 4, 0.50
2, 11, 16, 44, 9, 0.50
2, 12, 13, 44, 14, 0.50
2, 12, 17, 44, 8, 0.50
2, 13, 14, 44, 2, 0.50
2, 13, 18, 44, 1, 0.50
2, 14, 15, 44, 5, 0.50
2, 14, 19, 44, 11, 0.50
2, 15, 20, 44, 10, 0.50
2, 16, 17, 44, 8, 0.50
2, 16, 21, 44, 7, 0.50
2, 17, 18, 44, 1, 0.50
2, 17, 22, 44, 3, 0.50
2, 18, 19, 44, 14, 0.50
2, 18, 23, 44, 8, 0.50
2, 19, 20, 44, 14, 0.50
2, 19, 24, 44, 13, 0.50
2, 20, 25, 44, 3, 0.50
2, 21, 22, 44, 6, 0.50
2, 22, 23, 44, 6, 0.50
2, 23, 24, 44, 12, 0.50
2, 24, 25, 44, 12, 0.50
2, 1, 2, 45, 13, 0.50
2, 1, 6, 45, 4, 0.50
2, 2, 3, 45, 5, 0.50
2, 2, 7, 45, 8, 0.50
2, 3, 4, 45, 7, 0.50
2, 3, 8, 45, 13, 0.50
2, 4, 5, 45, 7, 0.50
2, 4, 9, 45, 6, 0.50
2, 5, 10, 45, 8, 0.50
2, 6, 7, 45, 4, 0.50
2, 6, 11, 45, 11, 0.50
2, 7, 8, 45, 2, 0.50
2, 7, 12, 45, 5, 0.50
2, 8, 9, 45, 2, 0.50
2, 8, 13, 45, 12, 0.50
2, 9, 10, 45, 9, 0.50
2, 9, 14, 45, 11, 0.50
2, 10, 15, 45, 13, 0.50
2, 11, 12, 45, 9, 0.50
2, 11, 16, 45, 13, 0.50
2, 12, 13, 45, 4, 0.50
2, 12, 17, 45, 10, 0.50
2, 13, 14, 45, 12, 0.50
2, 13, 18, 45, 8, 0.50
2, 14, 15, 45, 10, 0.50
2, 14, 19, 45, 3, 0.50
2, 15, 20, 45, 11, 0.50
2, 16, 17, 45, 8, 0.50
2, 16, 21, 45, 3, 0.50
2, 17, 18, 45, 4, 0.50
2, 17, 22, 45, 3, 0.50
2, 18, 19, 45, 8, 0.50
2, 18, 23, 45, 4, 0.50
2, 19, 20, 45, 12, 0.50
2, 19, 24, 45, 8, 0.50
2, 20, 25, 45, 12, 0.50
2, 21, 22, 45, 3, 0.50
2, 22, 23, 45, 11, 0.50
2, 23, 24, 45, 13, 0.50
2, 24, 25, 45, 7, 0.50
2, 1, 2, 46, 5, 0.50
2, 1, 6, 46, 6, 0.50
2, 2, 3, 46, 13, 0.50
2, 2, 7, 46, 11, 0.50
2, 3, 4, 46, 5, 0.50
2, 3, 8, 46, 9, 0.50
2, 4, 5, 46, 11, 0.50
2, 5, 10, 46, 6, 0.50
2, 6, 7, 46, 13, 0.50
2, 7, 8, 46, 4, 0.50
2, 7, 12, 46, 12, 0.50
2, 8, 13, 46, 12, 0.50
2, 9, 14, 46, 6, 0.50
2, 10, 15, 46, 6, 0.50
2, 11, 12, 46, 2, 0.50
2, 11, 16, 46, 10, 0.50
2, 12, 13, 46, 7, 0.50
2, 12, 17, 46, 3, 0.50
2, 13, 14, 46, 4, 0.50
2, 13, 18, 46, 8, 0.50
2, 14, 15, 46, 5, 0.50
2, 14, 19, 46, 4, 0.50
2, 15, 20, 46, 13, 0.50
2, 16, 17, 46, 11, 0.50
2, 16, 21, 46, 8, 0.50
2, 17, 18, 46, 10, 0.50
2, 17, 22, 46, 9, 0.50
2, 18, 19, 46, 2, 0.50
2, 18, 23, 46, 1, 0.50
2, 19, 20, 46, 12, 0.50
2, 19, 24, 46, 5, 0.50
2, 20, 25, 46, 4, 0.50
2, 21, 22, 46, 13, 0.50
2, 22, 23, 46, 8, 0.50
2, 23, 24, 46, 1, 0.50
2, 24, 25, 46, 11, 0.50
2, 1, 2, 47, 10, 0.50
2, 1, 6, 47, 2, 0.50
2, 2, 3, 47, 3, 0.50
2, 2, 7, 47, 1, 0.50
2, 3, 4, 47, 10, 0.50
2, 3, 8, 47, 5, 0.50
2, 4, 5, 47, 3, 0.50
2, 4, 9, 47, 4, 0.50
2, 5, 10, 47, 10, 0.50
2, 6, 7, 47, 6, 0.50
2, 6, 11, 47, 2, 0.50
2, 7, 12, 47, 4, 0.50
2, 8, 9, 47, 4, 0.50
2, 8, 13, 47, 12, 0.50
2, 9, 14, 47, 9, 0.50
2, 10, 15, 47, 4, 0.50
2, 11, 12, 47, 4, 0.50
2, 11, 16, 47, 5, 0.50
2, 12, 13, 47, 10, 0.50
2, 12, 17, 47, 5, 0.50
2, 13, 14, 47, 4, 0.50
2, 13, 18, 47, 6, 0.50
2, 14, 15, 47, 11, 0.50
2, 14, 19, 47, 12, 0.50
2, 15, 20, 47, 11, 0.50
2, 16, 17, 47, 7, 0.50
2, 17, 18, 47, 12, 0.50
2, 17, 22, 47, 2, 0.50
2, 18, 19, 47, 11, 0.50
2, 19, 20, 47, 3, 0.50
2, 20, 25, 47, 5, 0.50
2, 21, 22, 47, 5, 0.50
2, 22, 23, 47, 9, 0.50
2, 24, 25, 47, 5, 0.50
2, 1, 2, 48, 4, 0.50
2, 1, 6, 48, 10, 0.50
2, 2, 3, 48, 6, 0.50
2, 3, 4, 48, 2, 0.50
2, 3, 8, 48, 1, 0.50
2, 4, 9, 48, 9, 0.50
2, 5, 10, 48, 3, 0.50
2, 6, 7, 48, 8, 0.50
2, 6, 11, 48, 4, 0.50
2, 7, 8, 48, 4, 0.50
2, 7, 12, 48, 9, 0.50
2, 8, 9, 48, 4, 0.50
2, 9, 10, 48, 4, 0.50
2, 9, 14, 48, 10, 0.50
2, 11, 12, 48, 6, 0.50
2, 11, 16, 48, 6, 0.50
2, 12, 13, 48, 2, 0.50
2, 12, 17, 48, 5, 0.50
2, 13, 14, 48, 5, 0.50
2, 13, 18, 48, 3, 0.50
2, 15, 20, 48, 11, 0.50
2, 16, 17, 48, 6, 0.50
2, 16, 21, 48, 3, 0.50
2, 17, 22, 48, 1, 0.50
2, 18, 19, 48, 1, 0.50
2, 18, 23, 48, 9, 0.50
2, 19, 20, 48, 8, 0.50
2, 20, 25, 48, 7, 0.50
2, 22, 23, 48, 11, 0.50
2, 23, 24, 48, 10, 0.50
2, 24, 25, 48, 8, 0.50
2, 1, 6, 49, 1, 0.50
2, 2, 3, 49, 8, 0.50
2, 3, 4, 49, 3, 0.50
2, 3, 8, 49, 3, 0.50
2, 4, 5, 49, 10, 0.50
2, 4, 9, 49, 10, 0.50
2, 6, 7, 49, 5, 0.50
2, 6, 11, 49, 1, 0.50
2, 7, 12, 49, 10, 0.50
2, 8, 9, 49, 5, 0.50
2, 8, 13, 49, 6, 0.50
2, 9, 10, 49, 6, 0.50
2, 10, 15, 49, 5, 0.50
2, 11, 12, 49, 10, 0.50
2, 11, 16, 49, 10, 0.50
2, 12, 13, 49, 6, 0.50
2, 12, 17, 49, 5, 0.50
2, 13, 14, 49, 2, 0.50
2, 13, 18, 49, 9, 0.50
2, 14, 15, 49, 9, 0.50
2, 14, 19, 49, 6, 0.50
2, 15, 20, 49, 7, 0.50
2, 16, 17, 49, 7, 0.50
2, 16, 21, 49, 5, 0.50
2, 17, 18, 49, 8, 0.50
2, 17, 22, 49, 4, 0.50
2, 18, 19, 49, 7, 0.50
2, 18, 23, 49, 8, 0.50
2, 19, 20, 49, 8, 0.50
2, 19, 24, 49, 5, 0.50
2, 21, 22, 49, 4, 0.50
2, 22, 23, 49, 2, 0.50
2, 23, 24, 49, 4, 0.50
2, 24, 25, 49, 6, 0.50
2, 1, 2, 50, 8, 0.50
2, 2, 3, 50, 4, 0.50
2, 2, 7, 50, 6, 0.50
2, 3, 8, 50, 5, 0.50
2, 4, 5, 50, 5, 0.50
2, 6, 11, 50, 9, 0.50
2, 7, 8, 50, 9, 0.50
2, 7, 12, 50, 3, 0.50
2, 8, 13, 50, 7, 0.50
2, 9, 14, 50, 7, 0.50
2, 13, 14, 50, 4, 0.50
2, 13, 18, 50, 7, 0.50
2, 16, 17, 50, 4, 0.50
2, 18, 23, 50, 2, 0.50
2, 20, 25, 50, 6, 0.50
2, 21, 22, 50, 3, 0.50
2, 22, 23, 50, 9, 0.50
2, 23, 24, 50, 3, 0.50
2, 3, 4, 51, 2, 0.50
2, 3, 8, 51, 3, 0.50
2, 4, 5, 51, 3, 0.50
2, 5, 10, 51, 3, 0.50
2, 6, 7, 51, 4, 0.50
2, 7, 8, 51, 3, 0.50
2, 7, 12, 51, 8, 0.50
2, 9, 14, 51, 1, 0.50
2, 10, 15, 51, 2, 0.50
2, 11, 16, 51, 4, 0.50
2, 12, 17, 51, 6, 0.50
2, 13, 18, 51, 5, 0.50
2, 14, 15, 51, 7, 0.50
2, 15, 20, 51, 5, 0.50
2, 16, 17, 51, 5, 0.50
2, 17, 18, 51, 3, 0.50
2, 17, 22, 51, 7, 0.50
2, 18, 19, 51, 1, 0.50
2, 18, 23, 51, 3, 0.50
2, 19, 24, 51, 7, 0.50
2, 20, 25, 51, 5, 0.50
2, 21, 22, 51, 6, 0.50
2, 23, 24, 51, 6, 0.50
2, 24, 25, 51, 6, 0.50
2, 2, 7, 52, 6, 0.50
2, 3, 4, 52, 6, 0.50
2, 3, 8, 52, 3, 0.50
2, 4, 5, 52, 3, 0.50
2, 4, 9, 52, 7, 0.50
2, 5, 10, 52, 7, 0.50
2, 7, 12, 52, 5, 0.50
2, 8, 9, 52, 4, 0.50
2, 9, 14, 52, 6, 0.50
2, 11, 12, 52, 6, 0.50
2, 11, 16, 52, 2, 0.50
2, 12, 17, 52, 5, 0.50
2, 13, 14, 52, 6, 0.50
2, 14, 15, 52, 5, 0.50
2, 17, 22, 52, 7, 0.50
2, 18, 19, 52, 7, 0.50
2, 19, 20, 52, 6, 0.50
2, 19, 24, 52, 5, 0.50
2, 20, 25, 52, 2, 0.50
2, 21, 22, 52, 7, 0.50
2, 22, 23, 52, 7, 0.50
2, 23, 24, 52, 5, 0.50
2, 1, 6, 53, 5, 0.50
2, 2, 7, 53, 4, 0.50
2, 3, 4, 53, 1, 0.50
2, 3, 8, 53, 2, 0.50
2, 4, 5, 53, 2, 0.50
2, 4, 9, 53, 3, 0.50
2, 6, 11, 53, 4, 0.50
2, 7, 8, 53, 3, 0.50
2, 11, 16, 53, 5, 0.50
2, 12, 13, 53, 6, 0.50
2, 12, 17, 53, 6, 0.50
2, 13, 18, 53, 5, 0.50
2, 16, 17, 53, 4, 0.50
2, 16, 21, 53, 6, 0.50
2, 18, 19, 53, 6, 0.50
2, 18, 23, 53, 2, 0.50
2, 19, 20, 53, 6, 0.50
2, 23, 24, 53, 5, 0.50
2, 2, 7, 54, 3, 0.50
2, 3, 8, 54, 4, 0.50
2, 4, 5, 54, 4, 0.50
2, 7, 8, 54, 4, 0.50
2, 8, 9, 54, 3, 0.50
2, 10, 15, 54, 3, 0.50
2, 12, 13, 54, 1, 0.50
2, 13, 14, 54, 5, 0.50
2, 15, 20, 54, 5, 0.50
2, 16, 21, 54, 3, 0.50
2, 17, 18, 54, 2, 0.50
2, 19, 20, 54, 4, 0.50
2, 20, 25, 54, 2, 0.50
2, 21, 22, 54, 4, 0.50
2, 23, 24, 54, 3, 0.50
2, 24, 25, 54, 5, 0.50
2, 5, 10, 55, 4, 0.50
2, 8, 9, 55, 4, 0.50
2, 9, 10, 55, 2, 0.50
2, 12, 13, 55, 4, 0.50
2, 14, 19, 55, 2, 0.50
2, 16, 21, 55, 2, 0.50
2, 18, 23, 55, 3, 0.50
2, 1, 2, 56, 3, 0.50
2, 5, 10, 56, 3, 0.50
2, 6, 7, 56, 3, 0.50
2, 15, 20, 56, 3, 0.50
2, 16, 17, 56, 2, 0.50
2, 16, 21, 56, 3, 0.50
2, 19, 24, 56, 2, 0.50
2, 1, 6, 57, 2, 0.50
2, 2, 7, 57, 1, 0.50
2, 8, 13, 57, 1, 0.50
2, 12, 13, 57, 1, 0.50
2, 19, 24, 57, 1, 0.50
2, 6, 11, 58, 1, 0.50
2, 9, 10, 58, 1, 0.50
2, 17, 22, 58, 1, 0.50
