k, i, j, t, w, pr
1, 1, 2, 0, 2, 0.50
1, 1, 7, 0, 1, 0.50
1, 2, 3, 0, 2, 0.50
1, 2, 8, 0, 1, 0.50
1, 3, 4, 0, 4, 0.50
1, 3, 9, 0, 2, 0.50
1, 4, 5, 0, 1, 0.50
1, 4, 10, 0, 4, 0.50
1, 5, 6, 0, 3, 0.50
1, 5, 11, 0, 4, 0.50
1, 6, 12, 0, 3, 0.50
1, 7, 8, 0, 3, 0.50
1, 7, 13, 0, 5, 0.50
1, 8, 9, 0, 2, 0.50
1, 8, 14, 0, 2, 0.50
1, 9, 10, 0, 4, 0.50
1, 9, 15, 0, 1, 0.50
1, 10, 11, 0, 2, 0.50
1, 10, 16, 0, 5, 0.50
1, 11, 12, 0, 4, 0.50
1, 11, 17, 0, 2, 0.50
1, 12, 18, 0, 2, 0.50
1, 13, 14, 0, 4, 0.50
1, 13, 19, 0, 1, 0.50
1, 14, 15, 0, 4, 0.50
1, 14, 20, 0, 3, 0.50
1, 15, 16, 0, 2, 0.50
1, 15, 21, 0, 4, 0.50
1, 16, 17, 0, 4, 0.50
1, 16, 22, 0, 3, 0.50
1, 17, 18, 0, 2, 0.50
1, 17, 23, 0, 4, 0.50
1, 18, 24, 0, 3, 0.50
1, 19, 20, 0, 1, 0.50
1, 19, 25, 0, 2, 0.50
1, 20, 21, 0, 3, 0.50
1, 20, 26, 0, 5, 0.50
1, 21, 22, 0, 4, 0.50
1, 21, 27, 0, 4, 0.50
1, 22, 23, 0, 3, 0.50
1, 22, 28, 0, 5, 0.50
1, 23, 24, 0, 3, 0.50
1, 23, 29, 0, 4, 0.50
1, 24, 30, 0, 4, 0.50
1, 25, 26, 0, 2, 0.50
1, 25, 31, 0, 4, 0.50
1, 26, 27, 0, 3, 0.50
1, 26, 32, 0, 2, 0.50
1, 27, 28, 0, 5, 0.50
1, 27, 33, 0, 4, 0.50
1, 28, 29, 0, 2, 0.50
1, 28, 34, 0, 1, 0.50
1, 29, 30, 0, 1, 0.50
1, 29, 35, 0, 4, 0.50
1, 30, 36, 0, 4, 0.50
1, 31, 32, 0, 5, 0.50
1, 32, 33, 0, 5, 0.50
1, 33, 34, 0, 1, 0.50
1, 34, 35, 0, 4, 0.50
1, 35, 36, 0, 4, 0.50
1, 1, 2, 1, 3, 0.50
1, 1, 7, 1, 2, 0.50
1, 2, 3, 1, 3, 0.50
1, 2, 8, 1, 2, 0.50
1, 3, 4, 1, 1, 0.50
1, 3, 9, 1, 3, 0.50
1, 4, 5, 1, 2, 0.50
1, 4, 10, 1, 3, 0.50
1, 5, 6, 1, 3, 0.50
1, 5, 11, 1, 5, 0.50
1, 6, 12, 1, 3, 0.50
1, 7, 8, 1, 4, 0.50
1, 7, 13, 1, 1, 0.50
1, 8, 9, 1, 4, 0.50
1, 8, 14, 1, 3, 0.50
1, 9, 10, 1, 5, 0.50
1, 9, 15, 1, 3, 0.50
1, 10, 11, 1, 1, 0.50
1, 10, 16, 1, 2, 0.50
1, 11, 12, 1, 1, 0.50
1, 11, 17, 1, 3, 0.50
1, 12, 18, 1, 5, 0.50
1, 13, 14, 1, 3, 0.50
1, 13, 19, 1, 1, 0.50
1, 14, 15, 1, 3, 0.50
1, 14, 20, 1, 1, 0.50
1, 15, 16, 1, 2, 0.50
1, 15, 21, 1, 4, 0.50
1, 16, 17, 1, 1, 0.50
1, 16, 22, 1, 3, 0.50
1, 17, 18, 1, 2, 0.50
1, 17, 23, 1, 5, 0.50
1, 18, 24, 1, 2, 0.50
1, 19, 20, 1, 5, 0.50
1, 19, 25, 1, 5, 0.50
1, 20, 21, 1, 3, 0.50
1, 20, 26, 1, 3, 0.50
1, 21, 22, 1, 2, 0.50
1, 21, 27, 1, 2, 0.50
1, 22, 23, 1, 4, 0.50
1, 22, 28, 1, 2, 0.50
1, 23, 24, 1, 2, 0.50
1, 23, 29, 1, 2, 0.50
1, 24, 30, 1, 3, 0.50
1, 25, 26, 1, 2, 0.50
1, 25, 31, 1, 1, 0.50
1, 26, 27, 1, 2, 0.50
1, 26, 32, 1, 2, 0.50
1, 27, 28, 1, 3, 0.50
1, 27, 33, 1, 5, 0.50
1, 28, 29, 1, 3, 0.50
1, 28, 34, 1, 2, 0.50
1, 29, 30, 1, 2, 0.50
1, 29, 35, 1, 2, 0.50
1, 30, 36, 1, 5, 0.50
1, 31, 32, 1, 2, 0.50
1, 32, 33, 1, 2, 0.50
1, 33, 34, 1, 4, 0.50
1, 34, 35, 1, 2, 0.50
1, 35, 36, 1, 5, 0.50
1, 1, 2, 2, 2, 0.50
1, 1, 7, 2, 2, 0.50
1, 2, 3, 2, 5, 0.50
1, 2, 8, 2, 2, 0.50
1, 3, 4, 2, 1, 0.50
1, 3, 9, 2, 3, 0.50
1, 4, 5, 2, 2, 0.50
1, 4, 10, 2, 5, 0.50
1, 5, 6, 2, 2, 0.50
1, 5, 11, 2, 5, 0.50
1, 6, 12, 2, 5, 0.50
1, 7, 8, 2, 4, 0.50
1, 7, 13, 2, 2, 0.50
1, 8, 9, 2, 4, 0.50
1, 8, 14, 2, 2, 0.50
1, 9, 10, 2, 3, 0.50
1, 9, 15, 2, 3, 0.50
1, 10, 11, 2, 2, 0.50
1, 10, 16, 2, 3, 0.50
1, 11, 12, 2, 1, 0.50
1, 11, 17, 2, 3, 0.50
1, 12, 18, 2, 4, 0.50
1, 13, 14, 2, 1, 0.50
1, 13, 19, 2, 5, 0.50
1, 14, 15, 2, 3, 0.50
1, 14, 20, 2, 5, 0.50
1, 15, 16, 2, 4, 0.50
1, 15, 21, 2, 2, 0.50
1, 16, 17, 2, 4, 0.50
1, 16, 22, 2, 1, 0.50
1, 17, 18, 2, 5, 0.50
1, 17, 23, 2, 2, 0.50
1, 18, 24, 2, 5, 0.50
1, 19, 20, 2, 5, 0.50
1, 19, 25, 2, 2, 0.50
1, 20, 21, 2, 1, 0.50
1, 20, 26, 2, 2, 0.50
1, 21, 22, 2, 4, 0.50
1, 21, 27, 2, 5, 0.50
1, 22, 23, 2, 4, 0.50
1, 22, 28, 2, 5, 0.50
1, 23, 24, 2, 2, 0.50
1, 23, 29, 2, 5, 0.50
1, 24, 30, 2, 5, 0.50
1, 25, 26, 2, 3, 0.50
1, 25, 31, 2, 4, 0.50
1, 26, 27, 2, 4, 0.50
1, 26, 32, 2, 4, 0.50
1, 27, 28, 2, 5, 0.50
1, 27, 33, 2, 3, 0.50
1, 28, 29, 2, 2, 0.50
1, 28, 34, 2, 5, 0.50
1, 29, 30, 2, 4, 0.50
1, 29, 35, 2, 4, 0.50
1, 30, 36, 2, 2, 0.50
1, 31, 32, 2, 3, 0.50
1, 32, 33, 2, 4, 0.50
1, 33, 34, 2, 5, 0.50
1, 34, 35, 2, 1, 0.50
1, 35, 36, 2, 2, 0.50
1, 1, 2, 3, 4, 0.50
1, 1, 7, 3, 4, 0.50
1, 2, 3, 3, 2, 0.50
1, 2, 8, 3, 5, 0.50
1, 3, 4, 3, 3, 0.50
1, 3, 9, 3, 2, 0.50
1, 4, 5, 3, 2, 0.50
1, 4, 10, 3, 5, 0.50
1, 5, 6, 3, 5, 0.50
1, 5, 11, 3, 2, 0.50
1, 6, 12, 3, 4, 0.50
1, 7, 8, 3, 3, 0.50
1, 7, 13, 3, 3, 0.50
1, 8, 9, 3, 3, 0.50
1, 8, 14, 3, 3, 0.50
1, 9, 10, 3, 1, 0.50
1, 9, 15, 3, 3, 0.50
1, 10, 11, 3, 2, 0.50
1, 10, 16, 3, 3, 0.50
1, 11, 12, 3, 3, 0.50
1, 11, 17, 3, 3, 0.50
1, 12, 18, 3, 1, 0.50
1, 13, 14, 3, 2, 0.50
1, 13, 19, 3, 2, 0.50
1, 14, 15, 3, 4, 0.50
1, 14, 20, 3, 3, 0.50
1, 15, 16, 3, 5, 0.50
1, 15, 21, 3, 5, 0.50
1, 16, 17, 3, 1, 0.50
1, 16, 22, 3, 3, 0.50
1, 17, 18, 3, 3, 0.50
1, 17, 23, 3, 4, 0.50
1, 18, 24, 3, 3, 0.50
1, 19, 20, 3, 3, 0.50
1, 19, 25, 3, 3, 0.50
1, 20, 21, 3, 3, 0.50
1, 20, 26, 3, 4, 0.50
1, 21, 22, 3, 5, 0.50
1, 21, 27, 3, 4, 0.50
1, 22, 23, 3, 2, 0.50
1, 22, 28, 3, 3, 0.50
1, 23, 24, 3, 1, 0.50
1, 23, 29, 3, 5, 0.50
1, 24, 30, 3, 2, 0.50
1, 25, 26, 3, 2, 0.50
1, 25, 31, 3, 4, 0.50
1, 26, 27, 3, 2, 0.50
1, 26, 32, 3, 3, 0.50
1, 27, 28, 3, 3, 0.50
1, 27, 33, 3, 1, 0.50
1, 28, 29, 3, 3, 0.50
1, 28, 34, 3, 2, 0.50
1, 29, 30, 3, 3, 0.50
1, 29, 35, 3, 2, 0.50
1, 30, 36, 3, 5, 0.50
1, 31, 32, 3, 3, 0.50
1, 32, 33, 3, 2, 0.50
1, 33, 34, 3, 3, 0.50
1, 34, 35, 3, 4, 0.50
1, 35, 36, 3, 2, 0.50
1, 1, 2, 4, 2, 0.50
1, 1, 7, 4, 3, 0.50
1, 2, 3, 4, 5, 0.50
1, 2, 8, 4, 2, 0.50
1, 3, 4, 4, 4, 0.50
1, 3, 9, 4, 1, 0.50
1, 4, 5, 4, 5, 0.50
1, 4, 10, 4, 3, 0.50
1, 5, 6, 4, 4, 0.50
1, 5, 11, 4, 4, 0.50
1, 6, 12, 4, 2, 0.50
1, 7, 8, 4, 2, 0.50
1, 7, 13, 4, 3, 0.50
1, 8, 9, 4, 2, 0.50
1, 8, 14, 4, 1, 0.50
1, 9, 10, 4, 5, 0.50
1, 9, 15, 4, 4, 0.50
1, 10, 11, 4, 3, 0.50
1, 10, 16, 4, 2, 0.50
1, 11, 12, 4, 3, 0.50
1, 11, 17, 4, 2, 0.50
1, 12, 18, 4, 5, 0.50
1, 13, 14, 4, 5, 0.50
1, 13, 19, 4, 5, 0.50
1, 14, 15, 4, 4, 0.50
1, 14, 20, 4, 2, 0.50
1, 15, 16, 4, 3, 0.50
1, 15, 21, 4, 4, 0.50
1, 16, 17, 4, 5, 0.50
1, 16, 22, 4, 4, 0.50
1, 17, 18, 4, 2, 0.50
1, 17, 23, 4, 4, 0.50
1, 18, 24, 4, 3, 0.50
1, 19, 20, 4, 2, 0.50
1, 19, 25, 4, 2, 0.50
1, 20, 21, 4, 3, 0.50
1, 20, 26, 4, 4, 0.50
1, 21, 22, 4, 2, 0.50
1, 21, 27, 4, 3, 0.50
1, 22, 23, 4, 3, 0.50
1, 22, 28, 4, 2, 0.50
1, 23, 24, 4, 4, 0.50
1, 23, 29, 4, 1, 0.50
1, 24, 30, 4, 1, 0.50
1, 25, 26, 4, 3, 0.50
1, 25, 31, 4, 2, 0.50
1, 26, 27, 4, 2, 0.50
1, 26, 32, 4, 5, 0.50
1, 27, 28, 4, 4, 0.50
1, 27, 33, 4, 5, 0.50
1, 28, 29, 4, 4, 0.50
1, 28, 34, 4, 4, 0.50
1, 29, 30, 4, 4, 0.50
1, 29, 35, 4, 2, 0.50
1, 30, 36, 4, 3, 0.50
1, 31, 32, 4, 2, 0.50
1, 32, 33, 4, 4, 0.50
1, 33, 34, 4, 4, 0.50
1, 34, 35, 4, 4, 0.50
1, 35, 36, 4, 4, 0.50
1, 1, 2, 5, 2, 0.50
1, 1, 7, 5, 2, 0.50
1, 2, 3, 5, 1, 0.50
1, 2, 8, 5, 5, 0.50
1, 3, 4, 5, 4, 0.50
1, 3, 9, 5, 4, 0.50
1, 4, 5, 5, 4, 0.50
1, 4, 10, 5, 4, 0.50
1, 5, 6, 5, 2, 0.50
1, 5, 11, 5, 4, 0.50
1, 6, 12, 5, 2, 0.50
1, 7, 8, 5, 3, 0.50
1, 7, 13, 5, 4, 0.50
1, 8, 9, 5, 1, 0.50
1, 8, 14, 5, 4, 0.50
1, 9, 10, 5, 5, 0.50
1, 9, 15, 5, 1, 0.50
1, 10, 11, 5, 2, 0.50
1, 10, 16, 5, 2, 0.50
1, 11, 12, 5, 3, 0.50
1, 11, 17, 5, 1, 0.50
1, 12, 18, 5, 2, 0.50
1, 13, 14, 5, 5, 0.50
1, 13, 19, 5, 3, 0.50
1, 14, 15, 5, 3, 0.50
1, 14, 20, 5, 5, 0.50
1, 15, 16, 5, 3, 0.50
1, 15, 21, 5, 3, 0.50
1, 16, 17, 5, 1, 0.50
1, 16, 22, 5, 4, 0.50
1, 17, 18, 5, 1, 0.50
1, 17, 23, 5, 3, 0.50
1, 18, 24, 5, 3, 0.50
1, 19, 20, 5, 4, 0.50
1, 19, 25, 5, 3, 0.50
1, 20, 21, 5, 1, 0.50
1, 20, 26, 5, 1, 0.50
1, 21, 22, 5, 1, 0.50
1, 21, 27, 5, 2, 0.50
1, 22, 23, 5, 5, 0.50
1, 22, 28, 5, 2, 0.50
1, 23, 24, 5, 2, 0.50
1, 23, 29, 5, 2, 0.50
1, 24, 30, 5, 5, 0.50
1, 25, 26, 5, 4, 0.50
1, 25, 31, 5, 5, 0.50
1, 26, 27, 5, 4, 0.50
1, 26, 32, 5, 1, 0.50
1, 27, 28, 5, 3, 0.50
1, 27, 33, 5, 3, 0.50
1, 28, 29, 5, 1, 0.50
1, 28, 34, 5, 3, 0.50
1, 29, 30, 5, 3, 0.50
1, 29, 35, 5, 2, 0.50
1, 30, 36, 5, 2, 0.50
1, 31, 32, 5, 5, 0.50
1, 32, 33, 5, 2, 0.50
1, 33, 34, 5, 4, 0.50
1, 34, 35, 5, 3, 0.50
1, 35, 36, 5, 3, 0.50
1, 1, 2, 6, 4, 0.50
1, 1, 7, 6, 3, 0.50
1, 2, 3, 6, 3, 0.50
1, 2, 8, 6, 3, 0.50
1, 3, 4, 6, 4, 0.50
1, 3, 9, 6, 1, 0.50
1, 4, 5, 6, 2, 0.50
1, 4, 10, 6, 5, 0.50
1, 5, 6, 6, 4, 0.50
1, 5, 11, 6, 5, 0.50
1, 6, 12, 6, 4, 0.50
1, 7, 8, 6, 4, 0.50
1, 7, 13, 6, 2, 0.50
1, 8, 9, 6, 1, 0.50
1, 8, 14, 6, 4, 0.50
1, 9, 10, 6, 4, 0.50
1, 9, 15, 6, 4, 0.50
1, 10, 11, 6, 5, 0.50
1, 10, 16, 6, 1, 0.50
1, 11, 12, 6, 3, 0.50
1, 11, 17, 6, 4, 0.50
1, 12, 18, 6, 2, 0.50
1, 13, 14, 6, 4, 0.50
1, 13, 19, 6, 3, 0.50
1, 14, 15, 6, 4, 0.50
1, 14, 20, 6, 3, 0.50
1, 15, 16, 6, 4, 0.50
1, 15, 21, 6, 3, 0.50
1, 16, 17, 6, 4, 0.50
1, 16, 22, 6, 4, 0.50
1, 17, 18, 6, 2, 0.50
1, 17, 23, 6, 2, 0.50
1, 18, 24, 6, 5, 0.50
1, 19, 20, 6, 4, 0.50
1, 19, 25, 6, 5, 0.50
1, 20, 21, 6, 2, 0.50
1, 20, 26, 6, 3, 0.50
1, 21, 22, 6, 3, 0.50
1, 21, 27, 6, 5, 0.50
1, 22, 23, 6, 1, 0.50
1, 22, 28, 6, 2, 0.50
1, 23, 24, 6, 4, 0.50
1, 23, 29, 6, 1, 0.50
1, 24, 30, 6, 4, 0.50
1, 25, 26, 6, 3, 0.50
1, 25, 31, 6, 5, 0.50
1, 26, 27, 6, 2, 0.50
1, 26, 32, 6, 5, 0.50
1, 27, 28, 6, 3, 0.50
1, 27, 33, 6, 5, 0.50
1, 28, 29, 6, 2, 0.50
1, 28, 34, 6, 1, 0.50
1, 29, 30, 6, 2, 0.50
1, 29, 35, 6, 1, 0.50
1, 30, 36, 6, 4, 0.50
1, 31, 32, 6, 3, 0.50
1, 32, 33, 6, 5, 0.50
1, 33, 34, 6, 4, 0.50
1, 34, 35, 6, 3, 0.50
1, 35, 36, 6, 4, 0.50
1, 1, 2, 7, 2, 0.50
1, 1, 7, 7, 3, 0.50
1, 2, 3, 7, 2, 0.50
1, 2, 8, 7, 2, 0.50
1, 3, 4, 7, 4, 0.50
1, 3, 9, 7, 4, 0.50
1, 4, 5, 7, 3, 0.50
1, 4, 10, 7, 5, 0.50
1, 5, 6, 7, 5, 0.50
1, 5, 11, 7, 4, 0.50
1, 6, 12, 7, 5, 0.50
1, 7, 8, 7, 1, 0.50
1, 7, 13, 7, 3, 0.50
1, 8, 9, 7, 2, 0.50
1, 8, 14, 7, 2, 0.50
1, 9, 10, 7, 2, 0.50
1, 9, 15, 7, 4, 0.50
1, 10, 11, 7, 2, 0.50
1, 10, 16, 7, 2, 0.50
1, 11, 12, 7, 3, 0.50
1, 11, 17, 7, 2, 0.50
1, 12, 18, 7, 5, 0.50
1, 13, 14, 7, 3, 0.50
1, 13, 19, 7, 2, 0.50
1, 14, 15, 7, 4, 0.50
1, 14, 20, 7, 1, 0.50
1, 15, 16, 7, 2, 0.50
1, 15, 21, 7, 2, 0.50
1, 16, 17, 7, 2, 0.50
1, 16, 22, 7, 4, 0.50
1, 17, 18, 7, 2, 0.50
1, 17, 23, 7, 5, 0.50
1, 18, 24, 7, 2, 0.50
1, 19, 20, 7, 4, 0.50
1, 19, 25, 7, 5, 0.50
1, 20, 21, 7, 5, 0.50
1, 20, 26, 7, 3, 0.50
1, 21, 22, 7, 3, 0.50
1, 21, 27, 7, 3, 0.50
1, 22, 23, 7, 1, 0.50
1, 22, 28, 7, 4, 0.50
1, 23, 24, 7, 4, 0.50
1, 23, 29, 7, 5, 0.50
1, 24, 30, 7, 3, 0.50
1, 25, 26, 7, 2, 0.50
1, 25, 31, 7, 2, 0.50
1, 26, 27, 7, 4, 0.50
1, 26, 32, 7, 4, 0.50
1, 27, 28, 7, 5, 0.50
1, 27, 33, 7, 4, 0.50
1, 28, 29, 7, 3, 0.50
1, 28, 34, 7, 2, 0.50
1, 29, 30, 7, 5, 0.50
1, 29, 35, 7, 4, 0.50
1, 30, 36, 7, 4, 0.50
1, 31, 32, 7, 3, 0.50
1, 32, 33, 7, 2, 0.50
1, 33, 34, 7, 3, 0.50
1, 34, 35, 7, 4, 0.50
1, 35, 36, 7, 5, 0.50
1, 1, 2, 8, 3, 0.50
1, 1, 7, 8, 1, 0.50
1, 2, 3, 8, 5, 0.50
1, 2, 8, 8, 4, 0.50
1, 3, 4, 8, 3, 0.50
1, 3, 9, 8, 4, 0.50
1, 4, 5, 8, 4, 0.50
1, 4, 10, 8, 3, 0.50
1, 5, 6, 8, 1, 0.50
1, 5, 11, 8, 5, 0.50
1, 6, 12, 8, 4, 0.50
1, 7, 8, 8, 2, 0.50
1, 7, 13, 8, 3, 0.50
1, 8, 9, 8, 4, 0.50
1, 8, 14, 8, 3, 0.50
1, 9, 10, 8, 2, 0.50
1, 9, 15, 8, 4, 0.50
1, 10, 11, 8, 3, 0.50
1, 10, 16, 8, 2, 0.50
1, 11, 12, 8, 2, 0.50
1, 11, 17, 8, 4, 0.50
1, 12, 18, 8, 3, 0.50
1, 13, 14, 8, 2, 0.50
1, 13, 19, 8, 1, 0.50
1, 14, 15, 8, 3, 0.50
1, 14, 20, 8, 3, 0.50
1, 15, 16, 8, 4, 0.50
1, 15, 21, 8, 4, 0.50
1, 16, 17, 8, 2, 0.50
1, 16, 22, 8, 2, 0.50
1, 17, 18, 8, 2, 0.50
1, 17, 23, 8, 2, 0.50
1, 18, 24, 8, 4, 0.50
1, 19, 20, 8, 1, 0.50
1, 19, 25, 8, 4, 0.50
1, 20, 21, 8, 5, 0.50
1, 20, 26, 8, 4, 0.50
1, 21, 22, 8, 2, 0.50
1, 21, 27, 8, 2, 0.50
1, 22, 23, 8, 3, 0.50
1, 22, 28, 8, 2, 0.50
1, 23, 24, 8, 2, 0.50
1, 23, 29, 8, 2, 0.50
1, 24, 30, 8, 1, 0.50
1, 25, 26, 8, 1, 0.50
1, 25, 31, 8, 4, 0.50
1, 26, 27, 8, 3, 0.50
1, 26, 32, 8, 3, 0.50
1, 27, 28, 8, 1, 0.50
1, 27, 33, 8, 1, 0.50
1, 28, 29, 8, 3, 0.50
1, 28, 34, 8, 5, 0.50
1, 29, 30, 8, 4, 0.50
1, 29, 35, 8, 4, 0.50
1, 30, 36, 8, 3, 0.50
1, 31, 32, 8, 3, 0.50
1, 32, 33, 8, 4, 0.50
1, 33, 34, 8, 2, 0.50
1, 34, 35, 8, 3, 0.50
1, 35, 36, 8, 3, 0.50
1, 1, 2, 9, 3, 0.50
1, 1, 7, 9, 2, 0.50
1, 2, 3, 9, 4, 0.50
1, 2, 8, 9, 2, 0.50
1, 3, 4, 9, 4, 0.50
1, 3, 9, 9, 2, 0.50
1, 4, 5, 9, 4, 0.50
1, 4, 10, 9, 2, 0.50
1, 5, 6, 9, 1, 0.50
1, 5, 11, 9, 2, 0.50
1, 6, 12, 9, 2, 0.50
1, 7, 8, 9, 5, 0.50
1, 7, 13, 9, 3, 0.50
1, 8, 9, 9, 3, 0.50
1, 8, 14, 9, 4, 0.50
1, 9, 10, 9, 2, 0.50
1, 9, 15, 9, 3, 0.50
1, 10, 11, 9, 3, 0.50
1, 10, 16, 9, 3, 0.50
1, 11, 12, 9, 3, 0.50
1, 11, 17, 9, 3, 0.50
1, 12, 18, 9, 4, 0.50
1, 13, 14, 9, 2, 0.50
1, 13, 19, 9, 5, 0.50
1, 14, 15, 9, 3, 0.50
1, 14, 20, 9, 4, 0.50
1, 15, 16, 9, 4, 0.50
1, 15, 21, 9, 3, 0.50
1, 16, 17, 9, 2, 0.50
1, 16, 22, 9, 2, 0.50
1, 17, 18, 9, 4, 0.50
1, 17, 23, 9, 5, 0.50
1, 18, 24, 9, 3, 0.50
1, 19, 20, 9, 2, 0.50
1, 19, 25, 9, 3, 0.50
1, 20, 21, 9, 4, 0.50
1, 20, 26, 9, 5, 0.50
1, 21, 22, 9, 5, 0.50
1, 21, 27, 9, 5, 0.50
1, 22, 23, 9, 1, 0.50
1, 22, 28, 9, 2, 0.50
1, 23, 24, 9, 3, 0.50
1, 23, 29, 9, 4, 0.50
1, 24, 30, 9, 4, 0.50
1, 25, 26, 9, 4, 0.50
1, 25, 31, 9, 4, 0.50
1, 26, 27, 9, 2, 0.50
1, 26, 32, 9, 1, 0.50
1, 27, 28, 9, 3, 0.50
1, 27, 33, 9, 3, 0.50
1, 28, 29, 9, 1, 0.50
1, 28, 34, 9, 5, 0.50
1, 29, 30, 9, 4, 0.50
1, 29, 35, 9, 2, 0.50
1, 30, 36, 9, 5, 0.50
1, 31, 32, 9, 4, 0.50
1, 32, 33, 9, 1, 0.50
1, 33, 34, 9, 2, 0.50
1, 34, 35, 9, 4, 0.50
1, 35, 36, 9, 5, 0.50
1, 1, 2, 10, 2, 0.50
1, 1, 7, 10, 5, 0.50
1, 2, 3, 10, 3, 0.50
1, 2, 8, 10, 2, 0.50
1, 3, 4, 10, 3, 0.50
1, 3, 9, 10, 4, 0.50
1, 4, 5, 10, 4, 0.50
1, 4, 10, 10, 2, 0.50
1, 5, 6, 10, 3, 0.50
1, 5, 11, 10, 3, 0.50
1, 6, 12, 10, 2, 0.50
1, 7, 8, 10, 2, 0.50
1, 7, 13, 10, 2, 0.50
1, 8, 9, 10, 1, 0.50
1, 8, 14, 10, 3, 0.50
1, 9, 10, 10, 5, 0.50
1, 9, 15, 10, 5, 0.50
1, 10, 11, 10, 4, 0.50
1, 10, 16, 10, 3, 0.50
1, 11, 12, 10, 2, 0.50
1, 11, 17, 10, 5, 0.50
1, 12, 18, 10, 4, 0.50
1, 13, 14, 10, 2, 0.50
1, 13, 19, 10, 3, 0.50
1, 14, 15, 10, 1, 0.50
1, 14, 20, 10, 1, 0.50
1, 15, 16, 10, 5, 0.50
1, 15, 21, 10, 5, 0.50
1, 16, 17, 10, 4, 0.50
1, 16, 22, 10, 4, 0.50
1, 17, 18, 10, 3, 0.50
1, 17, 23, 10, 1, 0.50
1, 18, 24, 10, 5, 0.50
1, 19, 20, 10, 2, 0.50
1, 19, 25, 10, 4, 0.50
1, 20, 21, 10, 5, 0.50
1, 20, 26, 10, 2, 0.50
1, 21, 22, 10, 3, 0.50
1, 21, 27, 10, 3, 0.50
1, 22, 23, 10, 3, 0.50
1, 22, 28, 10, 3, 0.50
1, 23, 24, 10, 2, 0.50
1, 23, 29, 10, 1, 0.50
1, 24, 30, 10, 2, 0.50
1, 25, 26, 10, 3, 0.50
1, 25, 31, 10, 2, 0.50
1, 26, 27, 10, 2, 0.50
1, 26, 32, 10, 3, 0.50
1, 27, 28, 10, 3, 0.50
1, 27, 33, 10, 2, 0.50
1, 28, 29, 10, 1, 0.50
1, 28, 34, 10, 4, 0.50
1, 29, 30, 10, 3, 0.50
1, 29, 35, 10, 2, 0.50
1, 30, 36, 10, 5, 0.50
1, 31, 32, 10, 4, 0.50
1, 32, 33, 10, 2, 0.50
1, 33, 34, 10, 1, 0.50
1, 34, 35, 10, 2, 0.50
1, 35, 36, 10, 5, 0.50
1, 1, 2, 11, 4, 0.50
1, 1, 7, 11, 4, 0.50
1, 2, 3, 11, 4, 0.50
1, 2, 8, 11, 2, 0.50
1, 3, 4, 11, 5, 0.50
1, 3, 9, 11, 1, 0.50
1, 4, 5, 11, 2, 0.50
1, 4, 10, 11, 3, 0.50
1, 5, 6, 11, 4, 0.50
1, 5, 11, 11, 2, 0.50
1, 6, 12, 11, 3, 0.50
1, 7, 8, 11, 4, 0.50
1, 7, 13, 11, 4, 0.50
1, 8, 9, 11, 2, 0.50
1, 8, 14, 11, 1, 0.50
1, 9, 10, 11, 1, 0.50
1, 9, 15, 11, 5, 0.50
1, 10, 11, 11, 1, 0.50
1, 10, 16, 11, 2, 0.50
1, 11, 12, 11, 2, 0.50
1, 11, 17, 11, 2, 0.50
1, 12, 18, 11, 4, 0.50
1, 13, 14, 11, 4, 0.50
1, 13, 19, 11, 2, 0.50
1, 14, 15, 11, 3, 0.50
1, 14, 20, 11, 2, 0.50
1, 15, 16, 11, 1, 0.50
1, 15, 21, 11, 2, 0.50
1, 16, 17, 11, 3, 0.50
1, 16, 22, 11, 5, 0.50
1, 17, 18, 11, 4, 0.50
1, 17, 23, 11, 3, 0.50
1, 18, 24, 11, 3, 0.50
1, 19, 20, 11, 4, 0.50
1, 19, 25, 11, 5, 0.50
1, 20, 21, 11, 4, 0.50
1, 20, 26, 11, 2, 0.50
1, 21, 22, 11, 3, 0.50
1, 21, 27, 11, 3, 0.50
1, 22, 23, 11, 2, 0.50
1, 22, 28, 11, 3, 0.50
1, 23, 24, 11, 4, 0.50
1, 23, 29, 11, 3, 0.50
1, 24, 30, 11, 3, 0.50
1, 25, 26, 11, 5, 0.50
1, 25, 31, 11, 5, 0.50
1, 26, 27, 11, 2, 0.50
1, 26, 32, 11, 2, 0.50
1, 27, 28, 11, 4, 0.50
1, 27, 33, 11, 3, 0.50
1, 28, 29, 11, 2, 0.50
1, 28, 34, 11, 1, 0.50
1, 29, 30, 11, 4, 0.50
1, 29, 35, 11, 3, 0.50
1, 30, 36, 11, 1, 0.50
1, 31, 32, 11, 2, 0.50
1, 32, 33, 11, 2, 0.50
1, 33, 34, 11, 3, 0.50
1, 34, 35, 11, 1, 0.50
1, 35, 36, 11, 3, 0.50
1, 1, 2, 12, 2, 0.50
1, 1, 7, 12, 4, 0.50
1, 2, 3, 12, 5, 0.50
1, 2, 8, 12, 4, 0.50
1, 3, 4, 12, 4, 0.50
1, 3, 9, 12, 3, 0.50
1, 4, 5, 12, 4, 0.50
1, 4, 10, 12, 4, 0.50
1, 5, 6, 12, 3, 0.50
1, 5, 11, 12, 2, 0.50
1, 6, 12, 12, 3, 0.50
1, 7, 8, 12, 2, 0.50
1, 7, 13, 12, 4, 0.50
1, 8, 9, 12, 4, 0.50
1, 8, 14, 12, 3, 0.50
1, 9, 10, 12, 3, 0.50
1, 9, 15, 12, 1, 0.50
1, 10, 11, 12, 2, 0.50
1, 10, 16, 12, 1, 0.50
1, 11, 12, 12, 1, 0.50
1, 11, 17, 12, 3, 0.50
1, 12, 18, 12, 3, 0.50
1, 13, 14, 12, 3, 0.50
1, 13, 19, 12, 2, 0.50
1, 14, 15, 12, 3, 0.50
1, 14, 20, 12, 5, 0.50
1, 15, 16, 12, 4, 0.50
1, 15, 21, 12, 2, 0.50
1, 16, 17, 12, 2, 0.50
1, 16, 22, 12, 3, 0.50
1, 17, 18, 12, 5, 0.50
1, 17, 23, 12, 1, 0.50
1, 18, 24, 12, 5, 0.50
1, 19, 20, 12, 3, 0.50
1, 19, 25, 12, 3, 0.50
1, 20, 21, 12, 3, 0.50
1, 20, 26, 12, 4, 0.50
1, 21, 22, 12, 3, 0.50
1, 21, 27, 12, 2, 0.50
1, 22, 23, 12, 3, 0.50
1, 22, 28, 12, 3, 0.50
1, 23, 24, 12, 1, 0.50
1, 23, 29, 12, 4, 0.50
1, 24, 30, 12, 2, 0.50
1, 25, 26, 12, 3, 0.50
1, 25, 31, 12, 2, 0.50
1, 26, 27, 12, 4, 0.50
1, 26, 32, 12, 5, 0.50
1, 27, 28, 12, 3, 0.50
1, 27, 33, 12, 3, 0.50
1, 28, 29, 12, 1, 0.50
1, 28, 34, 12, 5, 0.50
1, 29, 30, 12, 1, 0.50
1, 29, 35, 12, 3, 0.50
1, 30, 36, 12, 3, 0.50
1, 31, 32, 12, 4, 0.50
1, 32, 33, 12, 2, 0.50
1, 33, 34, 12, 3, 0.50
1, 34, 35, 12, 3, 0.50
1, 35, 36, 12, 4, 0.50
1, 1, 2, 13, 4, 0.50
1, 1, 7, 13, 2, 0.50
1, 2, 3, 13, 4, 0.50
1, 2, 8, 13, 2, 0.50
1, 3, 4, 13, 4, 0.50
1, 3, 9, 13, 5, 0.50
1, 4, 5, 13, 1, 0.50
1, 4, 10, 13, 2, 0.50
1, 5, 6, 13, 1, 0.50
1, 5, 11, 13, 1, 0.50
1, 6, 12, 13, 2, 0.50
1, 7, 8, 13, 5, 0.50
1, 7, 13, 13, 5, 0.50
1, 8, 9, 13, 4, 0.50
1, 8, 14, 13, 2, 0.50
1, 9, 10, 13, 5, 0.50
1, 9, 15, 13, 5, 0.50
1, 10, 11, 13, 4, 0.50
1, 10, 16, 13, 4, 0.50
1, 11, 12, 13, 4, 0.50
1, 11, 17, 13, 2, 0.50
1, 12, 18, 13, 4, 0.50
1, 13, 14, 13, 1, 0.50
1, 13, 19, 13, 4, 0.50
1, 14, 15, 13, 2, 0.50
1, 14, 20, 13, 1, 0.50
1, 15, 16, 13, 2, 0.50
1, 15, 21, 13, 4, 0.50
1, 16, 17, 13, 4, 0.50
1, 16, 22, 13, 1, 0.50
1, 17, 18, 13, 5, 0.50
1, 17, 23, 13, 3, 0.50
1, 18, 24, 13, 1, 0.50
1, 19, 20, 13, 4, 0.50
1, 19, 25, 13, 3, 0.50
1, 20, 21, 13, 3, 0.50
1, 20, 26, 13, 2, 0.50
1, 21, 22, 13, 5, 0.50
1, 21, 27, 13, 3, 0.50
1, 22, 23, 13, 4, 0.50
1, 22, 28, 13, 2, 0.50
1, 23, 24, 13, 2, 0.50
1, 23, 29, 13, 5, 0.50
1, 24, 30, 13, 4, 0.50
1, 25, 26, 13, 3, 0.50
1, 25, 31, 13, 4, 0.50
1, 26, 27, 13, 1, 0.50
1, 26, 32, 13, 2, 0.50
1, 27, 28, 13, 2, 0.50
1, 27, 33, 13, 3, 0.50
1, 28, 29, 13, 5, 0.50
1, 28, 34, 13, 5, 0.50
1, 29, 30, 13, 4, 0.50
1, 29, 35, 13, 1, 0.50
1, 30, 36, 13, 4, 0.50
1, 31, 32, 13, 3, 0.50
1, 32, 33, 13, 3, 0.50
1, 33, 34, 13, 3, 0.50
1, 34, 35, 13, 3, 0.50
1, 35, 36, 13, 4, 0.50
1, 1, 2, 14, 2, 0.50
1, 1, 7, 14, 2, 0.50
1, 2, 3, 14, 2, 0.50
1, 2, 8, 14, 1, 0.50
1, 3, 4, 14, 1, 0.50
1, 3, 9, 14, 3, 0.50
1, 4, 5, 14, 2, 0.50
1, 4, 10, 14, 4, 0.50
1, 5, 6, 14, 4, 0.50
1, 5, 11, 14, 1, 0.50
1, 6, 12, 14, 3, 0.50
1, 7, 8, 14, 3, 0.50
1, 7, 13, 14, 3, 0.50
1, 8, 9, 14, 4, 0.50
1, 8, 14, 14, 3, 0.50
1, 9, 10, 14, 4, 0.50
1, 9, 15, 14, 2, 0.50
1, 10, 11, 14, 4, 0.50
1, 10, 16, 14, 3, 0.50
1, 11, 12, 14, 5, 0.50
1, 11, 17, 14, 1, 0.50
1, 12, 18, 14, 4, 0.50
1, 13, 14, 14, 1, 0.50
1, 13, 19, 14, 4, 0.50
1, 14, 15, 14, 1, 0.50
1, 14, 20, 14, 3, 0.50
1, 15, 16, 14, 4, 0.50
1, 15, 21, 14, 3, 0.50
1, 16, 17, 14, 3, 0.50
1, 16, 22, 14, 1, 0.50
1, 17, 18, 14, 2, 0.50
1, 17, 23, 14, 4, 0.50
1, 18, 24, 14, 1, 0.50
1, 19, 20, 14, 2, 0.50
1, 19, 25, 14, 1, 0.50
1, 20, 21, 14, 4, 0.50
1, 20, 26, 14, 3, 0.50
1, 21, 22, 14, 2, 0.50
1, 21, 27, 14, 2, 0.50
1, 22, 23, 14, 5, 0.50
1, 22, 28, 14, 3, 0.50
1, 23, 24, 14, 5, 0.50
1, 23, 29, 14, 3, 0.50
1, 24, 30, 14, 3, 0.50
1, 25, 26, 14, 3, 0.50
1, 25, 31, 14, 3, 0.50
1, 26, 27, 14, 3, 0.50
1, 26, 32, 14, 3, 0.50
1, 27, 28, 14, 3, 0.50
1, 27, 33, 14, 1, 0.50
1, 28, 29, 14, 4, 0.50
1, 28, 34, 14, 4, 0.50
1, 29, 30, 14, 2, 0.50
1, 29, 35, 14, 3, 0.50
1, 30, 36, 14, 5, 0.50
1, 31, 32, 14, 2, 0.50
1, 32, 33, 14, 2, 0.50
1, 33, 34, 14, 3, 0.50
1, 34, 35, 14, 4, 0.50
1, 35, 36, 14, 3, 0.50
1, 1, 2, 15, 5, 0.50
1, 1, 7, 15, 2, 0.50
1, 2, 3, 15, 4, 0.50
1, 2, 8, 15, 1, 0.50
1, 3, 4, 15, 4, 0.50
1, 3, 9, 15, 2, 0.50
1, 4, 5, 15, 4, 0.50
1, 4, 10, 15, 3, 0.50
1, 5, 6, 15, 3, 0.50
1, 5, 11, 15, 1, 0.50
1, 6, 12, 15, 1, 0.50
1, 7, 8, 15, 4, 0.50
1, 7, 13, 15, 2, 0.50
1, 8, 9, 15, 3, 0.50
1, 8, 14, 15, 3, 0.50
1, 9, 10, 15, 2, 0.50
1, 9, 15, 15, 2, 0.50
1, 10, 11, 15, 2, 0.50
1, 10, 16, 15, 1, 0.50
1, 11, 12, 15, 4, 0.50
1, 11, 17, 15, 3, 0.50
1, 12, 18, 15, 4, 0.50
1, 13, 14, 15, 5, 0.50
1, 13, 19, 15, 1, 0.50
1, 14, 15, 15, 3, 0.50
1, 14, 20, 15, 1, 0.50
1, 15, 16, 15, 3, 0.50
1, 15, 21, 15, 4, 0.50
1, 16, 17, 15, 1, 0.50
1, 16, 22, 15, 4, 0.50
1, 17, 18, 15, 3, 0.50
1, 17, 23, 15, 4, 0.50
1, 18, 24, 15, 4, 0.50
1, 19, 20, 15, 2, 0.50
1, 19, 25, 15, 3, 0.50
1, 20, 21, 15, 2, 0.50
1, 20, 26, 15, 2, 0.50
1, 21, 22, 15, 3, 0.50
1, 21, 27, 15, 4, 0.50
1, 22, 23, 15, 2, 0.50
1, 22, 28, 15, 4, 0.50
1, 23, 24, 15, 2, 0.50
1, 23, 29, 15, 2, 0.50
1, 24, 30, 15, 4, 0.50
1, 25, 26, 15, 4, 0.50
1, 25, 31, 15, 5, 0.50
1, 26, 27, 15, 4, 0.50
1, 26, 32, 15, 2, 0.50
1, 27, 28, 15, 4, 0.50
1, 27, 33, 15, 3, 0.50
1, 28, 29, 15, 2, 0.50
1, 28, 34, 15, 2, 0.50
1, 29, 30, 15, 2, 0.50
1, 29, 35, 15, 2, 0.50
1, 30, 36, 15, 4, 0.50
1, 31, 32, 15, 4, 0.50
1, 32, 33, 15, 2, 0.50
1, 33, 34, 15, 4, 0.50
1, 34, 35, 15, 4, 0.50
1, 35, 36, 15, 2, 0.50
1, 1, 2, 16, 2, 0.50
1, 1, 7, 16, 5, 0.50
1, 2, 3, 16, 1, 0.50
1, 2, 8, 16, 3, 0.50
1, 3, 4, 16, 5, 0.50
1, 3, 9, 16, 1, 0.50
1, 4, 5, 16, 3, 0.50
1, 4, 10, 16, 2, 0.50
1, 5, 6, 16, 5, 0.50
1, 5, 11, 16, 2, 0.50
1, 6, 12, 16, 1, 0.50
1, 7, 8, 16, 3, 0.50
1, 7, 13, 16, 2, 0.50
1, 8, 9, 16, 2, 0.50
1, 8, 14, 16, 2, 0.50
1, 9, 10, 16, 1, 0.50
1, 9, 15, 16, 5, 0.50
1, 10, 11, 16, 2, 0.50
1, 10, 16, 16, 2, 0.50
1, 11, 12, 16, 4, 0.50
1, 11, 17, 16, 2, 0.50
1, 12, 18, 16, 2, 0.50
1, 13, 14, 16, 3, 0.50
1, 13, 19, 16, 4, 0.50
1, 14, 15, 16, 4, 0.50
1, 14, 20, 16, 4, 0.50
1, 15, 16, 16, 5, 0.50
1, 15, 21, 16, 4, 0.50
1, 16, 17, 16, 1, 0.50
1, 16, 22, 16, 3, 0.50
1, 17, 18, 16, 4, 0.50
1, 17, 23, 16, 4, 0.50
1, 18, 24, 16, 3, 0.50
1, 19, 20, 16, 1, 0.50
1, 19, 25, 16, 5, 0.50
1, 20, 21, 16, 3, 0.50
1, 20, 26, 16, 4, 0.50
1, 21, 22, 16, 2, 0.50
1, 21, 27, 16, 3, 0.50
1, 22, 23, 16, 2, 0.50
1, 22, 28, 16, 2, 0.50
1, 23, 24, 16, 2, 0.50
1, 23, 29, 16, 3, 0.50
1, 24, 30, 16, 2, 0.50
1, 25, 26, 16, 3, 0.50
1, 25, 31, 16, 3, 0.50
1, 26, 27, 16, 2, 0.50
1, 26, 32, 16, 3, 0.50
1, 27, 28, 16, 4, 0.50
1, 27, 33, 16, 4, 0.50
1, 28, 29, 16, 3, 0.50
1, 28, 34, 16, 4, 0.50
1, 29, 30, 16, 3, 0.50
1, 29, 35, 16, 3, 0.50
1, 30, 36, 16, 5, 0.50
1, 31, 32, 16, 3, 0.50
1, 32, 33, 16, 1, 0.50
1, 33, 34, 16, 3, 0.50
1, 34, 35, 16, 3, 0.50
1, 35, 36, 16, 4, 0.50
1, 1, 2, 17, 4, 0.50
1, 1, 7, 17, 2, 0.50
1, 2, 3, 17, 5, 0.50
1, 2, 8, 17, 4, 0.50
1, 3, 4, 17, 3, 0.50
1, 3, 9, 17, 4, 0.50
1, 4, 5, 17, 5, 0.50
1, 4, 10, 17, 4, 0.50
1, 5, 6, 17, 1, 0.50
1, 5, 11, 17, 4, 0.50
1, 6, 12, 17, 3, 0.50
1, 7, 8, 17, 5, 0.50
1, 7, 13, 17, 4, 0.50
1, 8, 9, 17, 4, 0.50
1, 8, 14, 17, 1, 0.50
1, 9, 10, 17, 3, 0.50
1, 9, 15, 17, 3, 0.50
1, 10, 11, 17, 3, 0.50
1, 10, 16, 17, 4, 0.50
1, 11, 12, 17, 2, 0.50
1, 11, 17, 17, 3, 0.50
1, 12, 18, 17, 1, 0.50
1, 13, 14, 17, 5, 0.50
1, 13, 19, 17, 1, 0.50
1, 14, 15, 17, 1, 0.50
1, 14, 20, 17, 4, 0.50
1, 15, 16, 17, 3, 0.50
1, 15, 21, 17, 3, 0.50
1, 16, 17, 17, 4, 0.50
1, 16, 22, 17, 2, 0.50
1, 17, 18, 17, 2, 0.50
1, 17, 23, 17, 4, 0.50
1, 18, 24, 17, 2, 0.50
1, 19, 20, 17, 3, 0.50
1, 19, 25, 17, 3, 0.50
1, 20, 21, 17, 5, 0.50
1, 20, 26, 17, 4, 0.50
1, 21, 22, 17, 1, 0.50
1, 21, 27, 17, 4, 0.50
1, 22, 23, 17, 2, 0.50
1, 22, 28, 17, 2, 0.50
1, 23, 24, 17, 4, 0.50
1, 23, 29, 17, 4, 0.50
1, 24, 30, 17, 2, 0.50
1, 25, 26, 17, 5, 0.50
1, 25, 31, 17, 3, 0.50
1, 26, 27, 17, 2, 0.50
1, 26, 32, 17, 3, 0.50
1, 27, 28, 17, 5, 0.50
1, 27, 33, 17, 5, 0.50
1, 28, 29, 17, 5, 0.50
1, 28, 34, 17, 4, 0.50
1, 29, 30, 17, 5, 0.50
1, 29, 35, 17, 2, 0.50
1, 30, 36, 17, 1, 0.50
1, 31, 32, 17, 2, 0.50
1, 32, 33, 17, 4, 0.50
1, 33, 34, 17, 2, 0.50
1, 34, 35, 17, 5, 0.50
1, 35, 36, 17, 1, 0.50
1, 1, 2, 18, 4, 0.50
1, 1, 7, 18, 2, 0.50
1, 2, 3, 18, 2, 0.50
1, 2, 8, 18, 3, 0.50
1, 3, 4, 18, 4, 0.50
1, 3, 9, 18, 1, 0.50
1, 4, 5, 18, 3, 0.50
1, 4, 10, 18, 4, 0.50
1, 5, 6, 18, 2, 0.50
1, 5, 11, 18, 4, 0.50
1, 6, 12, 18, 4, 0.50
1, 7, 8, 18, 4, 0.50
1, 7, 13, 18, 2, 0.50
1, 8, 9, 18, 4, 0.50
1, 8, 14, 18, 2, 0.50
1, 9, 10, 18, 4, 0.50
1, 9, 15, 18, 2, 0.50
1, 10, 11, 18, 5, 0.50
1, 10, 16, 18, 5, 0.50
1, 11, 12, 18, 4, 0.50
1, 11, 17, 18, 1, 0.50
1, 12, 18, 18, 1, 0.50
1, 13, 14, 18, 2, 0.50
1, 13, 19, 18, 4, 0.50
1, 14, 15, 18, 4, 0.50
1, 14, 20, 18, 2, 0.50
1, 15, 16, 18, 3, 0.50
1, 15, 21, 18, 5, 0.50
1, 16, 17, 18, 3, 0.50
1, 16, 22, 18, 1, 0.50
1, 17, 18, 18, 3, 0.50
1, 17, 23, 18, 3, 0.50
1, 18, 24, 18, 2, 0.50
1, 19, 20, 18, 4, 0.50
1, 19, 25, 18, 2, 0.50
1, 20, 21, 18, 1, 0.50
1, 20, 26, 18, 1, 0.50
1, 21, 22, 18, 5, 0.50
1, 21, 27, 18, 2, 0.50
1, 22, 23, 18, 4, 0.50
1, 22, 28, 18, 3, 0.50
1, 23, 24, 18, 4, 0.50
1, 23, 29, 18, 2, 0.50
1, 24, 30, 18, 3, 0.50
1, 25, 26, 18, 3, 0.50
1, 25, 31, 18, 3, 0.50
1, 26, 27, 18, 4, 0.50
1, 26, 32, 18, 2, 0.50
1, 27, 28, 18, 3, 0.50
1, 27, 33, 18, 1, 0.50
1, 28, 29, 18, 1, 0.50
1, 28, 34, 18, 1, 0.50
1, 29, 30, 18, 2, 0.50
1, 29, 35, 18, 4, 0.50
1, 30, 36, 18, 5, 0.50
1, 31, 32, 18, 4, 0.50
1, 32, 33, 18, 4, 0.50
1, 33, 34, 18, 2, 0.50
1, 34, 35, 18, 2, 0.50
1, 35, 36, 18, 2, 0.50
1, 1, 2, 19, 4, 0.50
1, 1, 7, 19, 2, 0.50
1, 2, 3, 19, 4, 0.50
1, 2, 8, 19, 3, 0.50
1, 3, 4, 19, 2, 0.50
1, 3, 9, 19, 4, 0.50
1, 4, 5, 19, 3, 0.50
1, 4, 10, 19, 2, 0.50
1, 5, 6, 19, 5, 0.50
1, 5, 11, 19, 4, 0.50
1, 6, 12, 19, 2, 0.50
1, 7, 8, 19, 3, 0.50
1, 7, 13, 19, 5, 0.50
1, 8, 9, 19, 4, 0.50
1, 8, 14, 19, 3, 0.50
1, 9, 10, 19, 2, 0.50
1, 9, 15, 19, 5, 0.50
1, 10, 11, 19, 4, 0.50
1, 10, 16, 19, 2, 0.50
1, 11, 12, 19, 4, 0.50
1, 11, 17, 19, 4, 0.50
1, 12, 18, 19, 4, 0.50
1, 13, 14, 19, 1, 0.50
1, 13, 19, 19, 1, 0.50
1, 14, 15, 19, 2, 0.50
1, 14, 20, 19, 5, 0.50
1, 15, 16, 19, 3, 0.50
1, 15, 21, 19, 3, 0.50
1, 16, 17, 19, 1, 0.50
1, 16, 22, 19, 1, 0.50
1, 17, 18, 19, 2, 0.50
1, 17, 23, 19, 4, 0.50
1, 18, 24, 19, 2, 0.50
1, 19, 20, 19, 1, 0.50
1, 19, 25, 19, 1, 0.50
1, 20, 21, 19, 3, 0.50
1, 20, 26, 19, 4, 0.50
1, 21, 22, 19, 4, 0.50
1, 21, 27, 19, 5, 0.50
1, 22, 23, 19, 4, 0.50
1, 22, 28, 19, 5, 0.50
1, 23, 24, 19, 5, 0.50
1, 23, 29, 19, 4, 0.50
1, 24, 30, 19, 2, 0.50
1, 25, 26, 19, 2, 0.50
1, 25, 31, 19, 5, 0.50
1, 26, 27, 19, 3, 0.50
1, 26, 32, 19, 4, 0.50
1, 27, 28, 19, 2, 0.50
1, 27, 33, 19, 5, 0.50
1, 28, 29, 19, 4, 0.50
1, 28, 34, 19, 5, 0.50
1, 29, 30, 19, 3, 0.50
1, 29, 35, 19, 1, 0.50
1, 30, 36, 19, 4, 0.50
1, 31, 32, 19, 5, 0.50
1, 32, 33, 19, 3, 0.50
1, 33, 34, 19, 5, 0.50
1, 34, 35, 19, 1, 0.50
1, 35, 36, 19, 4, 0.50
1, 1, 2, 20, 2, 0.50
1, 1, 7, 20, 3, 0.50
1, 2, 3, 20, 4, 0.50
1, 2, 8, 20, 3, 0.50
1, 3, 4, 20, 3, 0.50
1, 3, 9, 20, 2, 0.50
1, 4, 5, 20, 2, 0.50
1, 4, 10, 20, 2, 0.50
1, 5, 6, 20, 2, 0.50
1, 5, 11, 20, 4, 0.50
1, 6, 12, 20, 4, 0.50
1, 7, 8, 20, 5, 0.50
1, 7, 13, 20, 3, 0.50
1, 8, 9, 20, 3, 0.50
1, 8, 14, 20, 4, 0.50
1, 9, 10, 20, 5, 0.50
1, 9, 15, 20, 2, 0.50
1, 10, 11, 20, 5, 0.50
1, 10, 16, 20, 4, 0.50
1, 11, 12, 20, 4, 0.50
1, 11, 17, 20, 5, 0.50
1, 12, 18, 20, 1, 0.50
1, 13, 14, 20, 3, 0.50
1, 13, 19, 20, 2, 0.50
1, 14, 15, 20, 3, 0.50
1, 14, 20, 20, 4, 0.50
1, 15, 16, 20, 3, 0.50
1, 15, 21, 20, 3, 0.50
1, 16, 17, 20, 4, 0.50
1, 16, 22, 20, 4, 0.50
1, 17, 18, 20, 4, 0.50
1, 17, 23, 20, 1, 0.50
1, 18, 24, 20, 2, 0.50
1, 19, 20, 20, 2, 0.50
1, 19, 25, 20, 5, 0.50
1, 20, 21, 20, 3, 0.50
1, 20, 26, 20, 3, 0.50
1, 21, 22, 20, 4, 0.50
1, 21, 27, 20, 2, 0.50
1, 22, 23, 20, 4, 0.50
1, 22, 28, 20, 3, 0.50
1, 23, 24, 20, 1, 0.50
1, 23, 29, 20, 4, 0.50
1, 24, 30, 20, 2, 0.50
1, 25, 26, 20, 4, 0.50
1, 25, 31, 20, 2, 0.50
1, 26, 27, 20, 4, 0.50
1, 26, 32, 20, 2, 0.50
1, 27, 28, 20, 3, 0.50
1, 27, 33, 20, 2, 0.50
1, 28, 29, 20, 1, 0.50
1, 28, 34, 20, 2, 0.50
1, 29, 30, 20, 1, 0.50
1, 29, 35, 20, 3, 0.50
1, 30, 36, 20, 2, 0.50
1, 31, 32, 20, 5, 0.50
1, 32, 33, 20, 3, 0.50
1, 33, 34, 20, 2, 0.50
1, 34, 35, 20, 1, 0.50
1, 35, 36, 20, 5, 0.50
1, 1, 2, 21, 4, 0.50
1, 1, 7, 21, 3, 0.50
1, 2, 3, 21, 2, 0.50
1, 2, 8, 21, 1, 0.50
1, 3, 4, 21, 5, 0.50
1, 3, 9, 21, 4, 0.50
1, 4, 5, 21, 3, 0.50
1, 4, 10, 21, 1, 0.50
1, 5, 6, 21, 3, 0.50
1, 5, 11, 21, 4, 0.50
1, 6, 12, 21, 5, 0.50
1, 7, 8, 21, 2, 0.50
1, 7, 13, 21, 3, 0.50
1, 8, 9, 21, 3, 0.50
1, 8, 14, 21, 2, 0.50
1, 9, 10, 21, 4, 0.50
1, 9, 15, 21, 5, 0.50
1, 10, 11, 21, 3, 0.50
1, 10, 16, 21, 3, 0.50
1, 11, 12, 21, 5, 0.50
1, 11, 17, 21, 2, 0.50
1, 12, 18, 21, 3, 0.50
1, 13, 14, 21, 4, 0.50
1, 13, 19, 21, 1, 0.50
1, 14, 15, 21, 4, 0.50
1, 14, 20, 21, 4, 0.50
1, 15, 16, 21, 4, 0.50
1, 15, 21, 21, 5, 0.50
1, 16, 17, 21, 4, 0.50
1, 16, 22, 21, 3, 0.50
1, 17, 18, 21, 5, 0.50
1, 17, 23, 21, 3, 0.50
1, 18, 24, 21, 2, 0.50
1, 19, 20, 21, 4, 0.50
1, 19, 25, 21, 4, 0.50
1, 20, 21, 21, 3, 0.50
1, 20, 26, 21, 2, 0.50
1, 21, 22, 21, 1, 0.50
1, 21, 27, 21, 4, 0.50
1, 22, 23, 21, 4, 0.50
1, 22, 28, 21, 3, 0.50
1, 23, 24, 21, 2, 0.50
1, 23, 29, 21, 4, 0.50
1, 24, 30, 21, 1, 0.50
1, 25, 26, 21, 3, 0.50
1, 25, 31, 21, 1, 0.50
1, 26, 27, 21, 5, 0.50
1, 26, 32, 21, 3, 0.50
1, 27, 28, 21, 4, 0.50
1, 27, 33, 21, 4, 0.50
1, 28, 29, 21, 4, 0.50
1, 28, 34, 21, 2, 0.50
1, 29, 30, 21, 4, 0.50
1, 29, 35, 21, 2, 0.50
1, 30, 36, 21, 2, 0.50
1, 31, 32, 21, 2, 0.50
1, 32, 33, 21, 5, 0.50
1, 33, 34, 21, 2, 0.50
1, 34, 35, 21, 3, 0.50
1, 35, 36, 21, 2, 0.50
1, 1, 2, 22, 2, 0.50
1, 1, 7, 22, 4, 0.50
1, 2, 3, 22, 1, 0.50
1, 2, 8, 22, 4, 0.50
1, 3, 4, 22, 3, 0.50
1, 3, 9, 22, 1, 0.50
1, 4, 5, 22, 1, 0.50
1, 4, 10, 22, 3, 0.50
1, 5, 6, 22, 2, 0.50
1, 5, 11, 22, 1, 0.50
1, 6, 12, 22, 3, 0.50
1, 7, 8, 22, 4, 0.50
1, 7, 13, 22, 4, 0.50
1, 8, 9, 22, 2, 0.50
1, 8, 14, 22, 2, 0.50
1, 9, 10, 22, 5, 0.50
1, 9, 15, 22, 4, 0.50
1, 10, 11, 22, 2, 0.50
1, 10, 16, 22, 1, 0.50
1, 11, 12, 22, 4, 0.50
1, 11, 17, 22, 3, 0.50
1, 12, 18, 22, 3, 0.50
1, 13, 14, 22, 4, 0.50
1, 13, 19, 22, 3, 0.50
1, 14, 15, 22, 3, 0.50
1, 14, 20, 22, 3, 0.50
1, 15, 16, 22, 4, 0.50
1, 15, 21, 22, 3, 0.50
1, 16, 17, 22, 4, 0.50
1, 16, 22, 22, 4, 0.50
1, 17, 18, 22, 3, 0.50
1, 17, 23, 22, 1, 0.50
1, 18, 24, 22, 2, 0.50
1, 19, 20, 22, 2, 0.50
1, 19, 25, 22, 3, 0.50
1, 20, 21, 22, 4, 0.50
1, 20, 26, 22, 1, 0.50
1, 21, 22, 22, 2, 0.50
1, 21, 27, 22, 2, 0.50
1, 22, 23, 22, 2, 0.50
1, 22, 28, 22, 3, 0.50
1, 23, 24, 22, 1, 0.50
1, 23, 29, 22, 4, 0.50
1, 24, 30, 22, 3, 0.50
1, 25, 26, 22, 4, 0.50
1, 25, 31, 22, 4, 0.50
1, 26, 27, 22, 4, 0.50
1, 26, 32, 22, 3, 0.50
1, 27, 28, 22, 3, 0.50
1, 27, 33, 22, 4, 0.50
1, 28, 29, 22, 4, 0.50
1, 28, 34, 22, 5, 0.50
1, 29, 30, 22, 1, 0.50
1, 29, 35, 22, 4, 0.50
1, 30, 36, 22, 4, 0.50
1, 31, 32, 22, 4, 0.50
1, 32, 33, 22, 2, 0.50
1, 33, 34, 22, 4, 0.50
1, 34, 35, 22, 4, 0.50
1, 35, 36, 22, 3, 0.50
1, 1, 2, 23, 2, 0.50
1, 1, 7, 23, 4, 0.50
1, 2, 3, 23, 4, 0.50
1, 2, 8, 23, 4, 0.50
1, 3, 4, 23, 3, 0.50
1, 3, 9, 23, 2, 0.50
1, 4, 5, 23, 2, 0.50
1, 4, 10, 23, 5, 0.50
1, 5, 6, 23, 2, 0.50
1, 5, 11, 23, 4, 0.50
1, 6, 12, 23, 3, 0.50
1, 7, 8, 23, 2, 0.50
1, 7, 13, 23, 1, 0.50
1, 8, 9, 23, 2, 0.50
1, 8, 14, 23, 5, 0.50
1, 9, 10, 23, 4, 0.50
1, 9, 15, 23, 4, 0.50
1, 10, 11, 23, 5, 0.50
1, 10, 16, 23, 1, 0.50
1, 11, 12, 23, 3, 0.50
1, 11, 17, 23, 2, 0.50
1, 12, 18, 23, 5, 0.50
1, 13, 14, 23, 3, 0.50
1, 13, 19, 23, 3, 0.50
1, 14, 15, 23, 3, 0.50
1, 14, 20, 23, 1, 0.50
1, 15, 16, 23, 4, 0.50
1, 15, 21, 23, 4, 0.50
1, 16, 17, 23, 2, 0.50
1, 16, 22, 23, 3, 0.50
1, 17, 18, 23, 2, 0.50
1, 17, 23, 23, 4, 0.50
1, 18, 24, 23, 1, 0.50
1, 19, 20, 23, 2, 0.50
1, 19, 25, 23, 3, 0.50
1, 20, 21, 23, 3, 0.50
1, 20, 26, 23, 2, 0.50
1, 21, 22, 23, 3, 0.50
1, 21, 27, 23, 2, 0.50
1, 22, 23, 23, 4, 0.50
1, 22, 28, 23, 3, 0.50
1, 23, 24, 23, 3, 0.50
1, 23, 29, 23, 3, 0.50
1, 24, 30, 23, 5, 0.50
1, 25, 26, 23, 2, 0.50
1, 25, 31, 23, 2, 0.50
1, 26, 27, 23, 1, 0.50
1, 26, 32, 23, 2, 0.50
1, 27, 28, 23, 3, 0.50
1, 27, 33, 23, 4, 0.50
1, 28, 29, 23, 4, 0.50
1, 28, 34, 23, 4, 0.50
1, 29, 30, 23, 3, 0.50
1, 29, 35, 23, 4, 0.50
1, 30, 36, 23, 5, 0.50
1, 31, 32, 23, 3, 0.50
1, 32, 33, 23, 3, 0.50
1, 33, 34, 23, 3, 0.50
1, 34, 35, 23, 2, 0.50
1, 35, 36, 23, 2, 0.50
1, 1, 2, 24, 4, 0.50
1, 1, 7, 24, 2, 0.50
1, 2, 3, 24, 4, 0.50
1, 2, 8, 24, 4, 0.50
1, 3, 4, 24, 4, 0.50
1, 3, 9, 24, 4, 0.50
1, 4, 5, 24, 3, 0.50
1, 4, 10, 24, 3, 0.50
1, 5, 6, 24, 4, 0.50
1, 5, 11, 24, 1, 0.50
1, 6, 12, 24, 4, 0.50
1, 7, 8, 24, 5, 0.50
1, 7, 13, 24, 3, 0.50
1, 8, 9, 24, 2, 0.50
1, 8, 14, 24, 5, 0.50
1, 9, 10, 24, 1, 0.50
1, 9, 15, 24, 1, 0.50
1, 10, 11, 24, 4, 0.50
1, 10, 16, 24, 1, 0.50
1, 11, 12, 24, 5, 0.50
1, 11, 17, 24, 3, 0.50
1, 12, 18, 24, 3, 0.50
1, 13, 14, 24, 3, 0.50
1, 13, 19, 24, 5, 0.50
1, 14, 15, 24, 3, 0.50
1, 14, 20, 24, 4, 0.50
1, 15, 16, 24, 4, 0.50
1, 15, 21, 24, 4, 0.50
1, 16, 17, 24, 4, 0.50
1, 16, 22, 24, 2, 0.50
1, 17, 18, 24, 3, 0.50
1, 17, 23, 24, 5, 0.50
1, 18, 24, 24, 2, 0.50
1, 19, 20, 24, 3, 0.50
1, 19, 25, 24, 3, 0.50
1, 20, 21, 24, 2, 0.50
1, 20, 26, 24, 4, 0.50
1, 21, 22, 24, 5, 0.50
1, 21, 27, 24, 3, 0.50
1, 22, 23, 24, 3, 0.50
1, 22, 28, 24, 4, 0.50
1, 23, 24, 24, 3, 0.50
1, 23, 29, 24, 3, 0.50
1, 24, 30, 24, 4, 0.50
1, 25, 26, 24, 4, 0.50
1, 25, 31, 24, 3, 0.50
1, 26, 27, 24, 3, 0.50
1, 26, 32, 24, 3, 0.50
1, 27, 28, 24, 2, 0.50
1, 27, 33, 24, 2, 0.50
1, 28, 29, 24, 4, 0.50
1, 28, 34, 24, 3, 0.50
1, 29, 30, 24, 3, 0.50
1, 29, 35, 24, 3, 0.50
1, 30, 36, 24, 2, 0.50
1, 31, 32, 24, 4, 0.50
1, 32, 33, 24, 5, 0.50
1, 33, 34, 24, 2, 0.50
1, 34, 35, 24, 4, 0.50
1, 35, 36, 24, 2, 0.50
1, 1, 7, 25, 4, 0.50
1, 2, 3, 25, 1, 0.50
1, 2, 8, 25, 1, 0.50
1, 3, 4, 25, 2, 0.50
1, 4, 10, 25, 1, 0.50
1, 5, 6, 25, 1, 0.50
1, 5, 11, 25, 4, 0.50
1, 6, 12, 25, 4, 0.50
1, 7, 8, 25, 3, 0.50
1, 7, 13, 25, 4, 0.50
1, 8, 9, 25, 1, 0.50
1, 8, 14, 25, 4, 0.50
1, 9, 10, 25, 4, 0.50
1, 9, 15, 25, 4, 0.50
1, 10, 11, 25, 1, 0.50
1, 10, 16, 25, 4, 0.50
1, 12, 18, 25, 3, 0.50
1, 13, 19, 25, 4, 0.50
1, 14, 15, 25, 3, 0.50
1, 14, 20, 25, 3, 0.50
1, 15, 16, 25, 4, 0.50
1, 15, 21, 25, 2, 0.50
1, 16, 17, 25, 3, 0.50
1, 16, 22, 25, 2, 0.50
1, 17, 18, 25, 2, 0.50
1, 17, 23, 25, 2, 0.50
1, 18, 24, 25, 4, 0.50
1, 19, 20, 25, 4, 0.50
1, 20, 21, 25, 2, 0.50
1, 20, 26, 25, 4, 0.50
1, 21, 22, 25, 3, 0.50
1, 22, 23, 25, 4, 0.50
1, 22, 28, 25, 4, 0.50
1, 23, 24, 25, 4, 0.50
1, 23, 29, 25, 4, 0.50
1, 24, 30, 25, 1, 0.50
1, 25, 26, 25, 3, 0.50
1, 25, 31, 25, 1, 0.50
1, 26, 27, 25, 2, 0.50
1, 26, 32, 25, 2, 0.50
1, 27, 28, 25, 4, 0.50
1, 27, 33, 25, 4, 0.50
1, 28, 29, 25, 3, 0.50
1, 28, 34, 25, 3, 0.50
1, 29, 35, 25, 3, 0.50
1, 30, 36, 25, 3, 0.50
1, 32, 33, 25, 2, 0.50
1, 34, 35, 25, 4, 0.50
1, 35, 36, 25, 2, 0.50
1, 1, 2, 26, 3, 0.50
1, 1, 7, 26, 2, 0.50
1, 2, 3, 26, 2, 0.50
1, 3, 4, 26, 1, 0.50
1, 3, 9, 26, 2, 0.50
1, 4, 5, 26, 2, 0.50
1, 5, 11, 26, 3, 0.50
1, 6, 12, 26, 1, 0.50
1, 7, 8, 26, 2, 0.50
1, 7, 13, 26, 3, 0.50
1, 8, 9, 26, 3, 0.50
1, 8, 14, 26, 2, 0.50
1, 9, 15, 26, 3, 0.50
1, 10, 11, 26, 1, 0.50
1, 11, 17, 26, 3, 0.50
1, 13, 14, 26, 3, 0.50
1, 13, 19, 26, 2, 0.50
1, 14, 15, 26, 2, 0.50
1, 14, 20, 26, 3, 0.50
1, 15, 16, 26, 2, 0.50
1, 16, 17, 26, 2, 0.50
1, 16, 22, 26, 3, 0.50
1, 17, 18, 26, 2, 0.50
1, 18, 24, 26, 3, 0.50
1, 20, 26, 26, 2, 0.50
1, 21, 22, 26, 3, 0.50
1, 21, 27, 26, 3, 0.50
1, 23, 24, 26, 2, 0.50
1, 24, 30, 26, 2, 0.50
1, 25, 26, 26, 3, 0.50
1, 25, 31, 26, 3, 0.50
1, 26, 27, 26, 2, 0.50
1, 26, 32, 26, 2, 0.50
1, 27, 28, 26, 2, 0.50
1, 28, 29, 26, 1, 0.50
1, 28, 34, 26, 1, 0.50
1, 31, 32, 26, 3, 0.50
1, 35, 36, 26, 3, 0.50
1, 2, 8, 27, 2, 0.50
1, 3, 9, 27, 1, 0.50
1, 4, 10, 27, 2, 0.50
1, 5, 6, 27, 1, 0.50
1, 5, 11, 27, 2, 0.50
1, 7, 8, 27, 1, 0.50
1, 8, 14, 27, 2, 0.50
1, 9, 10, 27, 1, 0.50
1, 9, 15, 27, 2, 0.50
1, 11, 17, 27, 2, 0.50
1, 12, 18, 27, 2, 0.50
1, 14, 20, 27, 1, 0.50
1, 15, 16, 27, 2, 0.50
1, 16, 17, 27, 2, 0.50
1, 16, 22, 27, 2, 0.50
1, 18, 24, 27, 1, 0.50
1, 19, 25, 27, 2, 0.50
1, 20, 21, 27, 1, 0.50
1, 20, 26, 27, 2, 0.50
1, 22, 23, 27, 2, 0.50
1, 22, 28, 27, 2, 0.50
1, 23, 24, 27, 2, 0.50
1, 25, 26, 27, 1, 0.50
1, 26, 32, 27, 1, 0.50
1, 27, 28, 27, 1, 0.50
1, 28, 34, 27, 1, 0.50
1, 29, 35, 27, 2, 0.50
1, 1, 7, 28, 1, 0.50
1, 5, 11, 28, 1, 0.50
1, 6, 12, 28, 1, 0.50
1, 7, 13, 28, 1, 0.50
1, 20, 21, 28, 1, 0.50
1, 26, 27, 28, 1, 0.50
1, 30, 36, 28, 1, 0.50
1, 35, 36, 28, 1, 0.50
2, 1, 2, 0, 4, 0.50
2, 1, 7, 0, 2, 0.50
2, 2, 3, 0, 1, 0.50
2, 2, 8, 0, 3, 0.50
2, 3, 4, 0, 2, 0.50
2, 3, 9, 0, 2, 0.50
2, 4, 5, 0, 5, 0.50
2, 4, 10, 0, 2, 0.50
2, 5, 6, 0, 3, 0.50
2, 5, 11, 0, 4, 0.50
2, 6, 12, 0, 4, 0.50
2, 7, 8, 0, 2, 0.50
2, 7, 13, 0, 3, 0.50
2, 8, 9, 0, 3, 0.50
2, 8, 14, 0, 4, 0.50
2, 9, 10, 0, 2, 0.50
2, 9, 15, 0, 2, 0.50
2, 10, 11, 0, 2, 0.50
2, 10, 16, 0, 1, 0.50
2, 11, 12, 0, 1, 0.50
2, 11, 17, 0, 3, 0.50
2, 12, 18, 0, 4, 0.50
2, 13, 14, 0, 4, 0.50
2, 13, 19, 0, 2, 0.50
2, 14, 15, 0, 1, 0.50
2, 14, 20, 0, 5, 0.50
2, 15, 16, 0, 3, 0.50
2, 15, 21, 0, 4, 0.50
2, 16, 17, 0, 3, 0.50
2, 16, 22, 0, 5, 0.50
2, 17, 18, 0, 4, 0.50
2, 17, 23, 0, 2, 0.50
2, 18, 24, 0, 4, 0.50
2, 19, 20, 0, 3, 0.50
2, 19, 25, 0, 2, 0.50
2, 20, 21, 0, 5, 0.50
2, 20, 26, 0, 3, 0.50
2, 21, 22, 0, 4, 0.50
2, 21, 27, 0, 1, 0.50
2, 22, 23, 0, 2, 0.50
2, 22, 28, 0, 2, 0.50
2, 23, 24, 0, 4, 0.50
2, 23, 29, 0, 1, 0.50
2, 24, 30, 0, 2, 0.50
2, 25, 26, 0, 4, 0.50
2, 25, 31, 0, 5, 0.50
2, 26, 27, 0, 3, 0.50
2, 26, 32, 0, 3, 0.50
2, 27, 28, 0, 5, 0.50
2, 27, 33, 0, 4, 0.50
2, 28, 29, 0, 1, 0.50
2, 28, 34, 0, 3, 0.50
2, 29, 30, 0, 5, 0.50
2, 29, 35, 0, 2, 0.50
2, 30, 36, 0, 2, 0.50
2, 31, 32, 0, 2, 0.50
2, 32, 33, 0, 2, 0.50
2, 33, 34, 0, 3, 0.50
2, 34, 35, 0, 3, 0.50
2, 35, 36, 0, 4, 0.50
2, 1, 2, 1, 2, 0.50
2, 1, 7, 1, 3, 0.50
2, 2, 3, 1, 3, 0.50
2, 2, 8, 1, 5, 0.50
2, 3, 4, 1, 3, 0.50
2, 3, 9, 1, 4, 0.50
2, 4, 5, 1, 4, 0.50
2, 4, 10, 1, 3, 0.50
2, 5, 6, 1, 1, 0.50
2, 5, 11, 1, 4, 0.50
2, 6, 12, 1, 1, 0.50
2, 7, 8, 1, 3, 0.50
2, 7, 13, 1, 3, 0.50
2, 8, 9, 1, 2, 0.50
2, 8, 14, 1, 2, 0.50
2, 9, 10, 1, 3, 0.50
2, 9, 15, 1, 3, 0.50
2, 10, 11, 1, 3, 0.50
2, 10, 16, 1, 4, 0.50
2, 11, 12, 1, 4, 0.50
2, 11, 17, 1, 4, 0.50
2, 12, 18, 1, 2, 0.50
2, 13, 14, 1, 3, 0.50
2, 13, 19, 1, 4, 0.50
2, 14, 15, 1, 1, 0.50
2, 14, 20, 1, 5, 0.50
2, 15, 16, 1, 4, 0.50
2, 15, 21, 1, 5, 0.50
2, 16, 17, 1, 3, 0.50
2, 16, 22, 1, 4, 0.50
2, 17, 18, 1, 4, 0.50
2, 17, 23, 1, 5, 0.50
2, 18, 24, 1, 5, 0.50
2, 19, 20, 1, 4, 0.50
2, 19, 25, 1, 2, 0.50
2, 20, 21, 1, 5, 0.50
2, 20, 26, 1, 2, 0.50
2, 21, 22, 1, 3, 0.50
2, 21, 27, 1, 4, 0.50
2, 22, 23, 1, 4, 0.50
2, 22, 28, 1, 3, 0.50
2, 23, 24, 1, 4, 0.50
2, 23, 29, 1, 2, 0.50
2, 24, 30, 1, 1, 0.50
2, 25, 26, 1, 3, 0.50
2, 25, 31, 1, 4, 0.50
2, 26, 27, 1, 2, 0.50
2, 26, 32, 1, 5, 0.50
2, 27, 28, 1, 3, 0.50
2, 27, 33, 1, 3, 0.50
2, 28, 29, 1, 5, 0.50
2, 28, 34, 1, 1, 0.50
2, 29, 30, 1, 4, 0.50
2, 29, 35, 1, 2, 0.50
2, 30, 36, 1, 1, 0.50
2, 31, 32, 1, 4, 0.50
2, 32, 33, 1, 4, 0.50
2, 33, 34, 1, 5, 0.50
2, 34, 35, 1, 3, 0.50
2, 35, 36, 1, 2, 0.50
2, 1, 2, 2, 2, 0.50
2, 1, 7, 2, 3, 0.50
2, 2, 3, 2, 4, 0.50
2, 2, 8, 2, 1, 0.50
2, 3, 4, 2, 1, 0.50
2, 3, 9, 2, 4, 0.50
2, 4, 5, 2, 1, 0.50
2, 4, 10, 2, 2, 0.50
2, 5, 6, 2, 4, 0.50
2, 5, 11, 2, 3, 0.50
2, 6, 12, 2, 2, 0.50
2, 7, 8, 2, 4, 0.50
2, 7, 13, 2, 2, 0.50
2, 8, 9, 2, 3, 0.50
2, 8, 14, 2, 4, 0.50
2, 9, 10, 2, 1, 0.50
2, 9, 15, 2, 2, 0.50
2, 10, 11, 2, 4, 0.50
2, 10, 16, 2, 5, 0.50
2, 11, 12, 2, 3, 0.50
2, 11, 17, 2, 3, 0.50
2, 12, 18, 2, 2, 0.50
2, 13, 14, 2, 5, 0.50
2, 13, 19, 2, 4, 0.50
2, 14, 15, 2, 4, 0.50
2, 14, 20, 2, 3, 0.50
2, 15, 16, 2, 2, 0.50
2, 15, 21, 2, 1, 0.50
2, 16, 17, 2, 3, 0.50
2, 16, 22, 2, 3, 0.50
2, 17, 18, 2, 3, 0.50
2, 17, 23, 2, 4, 0.50
2, 18, 24, 2, 1, 0.50
2, 19, 20, 2, 3, 0.50
2, 19, 25, 2, 5, 0.50
2, 20, 21, 2, 3, 0.50
2, 20, 26, 2, 3, 0.50
2, 21, 22, 2, 3, 0.50
2, 21, 27, 2, 3, 0.50
2, 22, 23, 2, 4, 0.50
2, 22, 28, 2, 3, 0.50
2, 23, 24, 2, 5, 0.50
2, 23, 29, 2, 3, 0.50
2, 24, 30, 2, 3, 0.50
2, 25, 26, 2, 4, 0.50
2, 25, 31, 2, 5, 0.50
2, 26, 27, 2, 4, 0.50
2, 26, 32, 2, 1, 0.50
2, 27, 28, 2, 2, 0.50
2, 27, 33, 2, 2, 0.50
2, 28, 29, 2, 4, 0.50
2, 28, 34, 2, 3, 0.50
2, 29, 30, 2, 3, 0.50
2, 29, 35, 2, 1, 0.50
2, 30, 36, 2, 5, 0.50
2, 31, 32, 2, 2, 0.50
2, 32, 33, 2, 2, 0.50
2, 33, 34, 2, 3, 0.50
2, 34, 35, 2, 2, 0.50
2, 35, 36, 2, 2, 0.50
2, 1, 2, 3, 2, 0.50
2, 1, 7, 3, 3, 0.50
2, 2, 3, 3, 5, 0.50
2, 2, 8, 3, 4, 0.50
2, 3, 4, 3, 3, 0.50
2, 3, 9, 3, 3, 0.50
2, 4, 5, 3, 5, 0.50
2, 4, 10, 3, 1, 0.50
2, 5, 6, 3, 1, 0.50
2, 5, 11, 3, 4, 0.50
2, 6, 12, 3, 3, 0.50
2, 7, 8, 3, 1, 0.50
2, 7, 13, 3, 5, 0.50
2, 8, 9, 3, 2, 0.50
2, 8, 14, 3, 3, 0.50
2, 9, 10, 3, 4, 0.50
2, 9, 15, 3, 3, 0.50
2, 10, 11, 3, 2, 0.50
2, 10, 16, 3, 4, 0.50
2, 11, 12, 3, 3, 0.50
2, 11, 17, 3, 3, 0.50
2, 12, 18, 3, 1, 0.50
2, 13, 14, 3, 4, 0.50
2, 13, 19, 3, 4, 0.50
2, 14, 15, 3, 2, 0.50
2, 14, 20, 3, 2, 0.50
2, 15, 16, 3, 4, 0.50
2, 15, 21, 3, 2, 0.50
2, 16, 17, 3, 2, 0.50
2, 16, 22, 3, 5, 0.50
2, 17, 18, 3, 2, 0.50
2, 17, 23, 3, 3, 0.50
2, 18, 24, 3, 2, 0.50
2, 19, 20, 3, 1, 0.50
2, 19, 25, 3, 4, 0.50
2, 20, 21, 3, 2, 0.50
2, 20, 26, 3, 2, 0.50
2, 21, 22, 3, 4, 0.50
2, 21, 27, 3, 2, 0.50
2, 22, 23, 3, 1, 0.50
2, 22, 28, 3, 2, 0.50
2, 23, 24, 3, 2, 0.50
2, 23, 29, 3, 3, 0.50
2, 24, 30, 3, 4, 0.50
2, 25, 26, 3, 2, 0.50
2, 25, 31, 3, 2, 0.50
2, 26, 27, 3, 5, 0.50
2, 26, 32, 3, 5, 0.50
2, 27, 28, 3, 1, 0.50
2, 27, 33, 3, 2, 0.50
2, 28, 29, 3, 1, 0.50
2, 28, 34, 3, 2, 0.50
2, 29, 30, 3, 3, 0.50
2, 29, 35, 3, 2, 0.50
2, 30, 36, 3, 2, 0.50
2, 31, 32, 3, 3, 0.50
2, 32, 33, 3, 4, 0.50
2, 33, 34, 3, 4, 0.50
2, 34, 35, 3, 1, 0.50
2, 35, 36, 3, 2, 0.50
2, 1, 2, 4, 2, 0.50
2, 1, 7, 4, 4, 0.50
2, 2, 3, 4, 3, 0.50
2, 2, 8, 4, 2, 0.50
2, 3, 4, 4, 4, 0.50
2, 3, 9, 4, 3, 0.50
2, 4, 5, 4, 2, 0.50
2, 4, 10, 4, 4, 0.50
2, 5, 6, 4, 3, 0.50
2, 5, 11, 4, 2, 0.50
2, 6, 12, 4, 2, 0.50
2, 7, 8, 4, 4, 0.50
2, 7, 13, 4, 4, 0.50
2, 8, 9, 4, 1, 0.50
2, 8, 14, 4, 2, 0.50
2, 9, 10, 4, 2, 0.50
2, 9, 15, 4, 2, 0.50
2, 10, 11, 4, 4, 0.50
2, 10, 16, 4, 4, 0.50
2, 11, 12, 4, 5, 0.50
2, 11, 17, 4, 5, 0.50
2, 12, 18, 4, 3, 0.50
2, 13, 14, 4, 2, 0.50
2, 13, 19, 4, 1, 0.50
2, 14, 15, 4, 1, 0.50
2, 14, 20, 4, 2, 0.50
2, 15, 16, 4, 3, 0.50
2, 15, 21, 4, 4, 0.50
2, 16, 17, 4, 3, 0.50
2, 16, 22, 4, 3, 0.50
2, 17, 18, 4, 3, 0.50
2, 17, 23, 4, 4, 0.50
2, 18, 24, 4, 2, 0.50
2, 19, 20, 4, 3, 0.50
2, 19, 25, 4, 1, 0.50
2, 20, 21, 4, 2, 0.50
2, 20, 26, 4, 5, 0.50
2, 21, 22, 4, 2, 0.50
2, 21, 27, 4, 2, 0.50
2, 22, 23, 4, 2, 0.50
2, 22, 28, 4, 3, 0.50
2, 23, 24, 4, 5, 0.50
2, 23, 29, 4, 2, 0.50
2, 24, 30, 4, 4, 0.50
2, 25, 26, 4, 4, 0.50
2, 25, 31, 4, 1, 0.50
2, 26, 27, 4, 4, 0.50
2, 26, 32, 4, 5, 0.50
2, 27, 28, 4, 2, 0.50
2, 27, 33, 4, 3, 0.50
2, 28, 29, 4, 3, 0.50
2, 28, 34, 4, 2, 0.50
2, 29, 30, 4, 4, 0.50
2, 29, 35, 4, 5, 0.50
2, 30, 36, 4, 2, 0.50
2, 31, 32, 4, 1, 0.50
2, 32, 33, 4, 1, 0.50
2, 33, 34, 4, 2, 0.50
2, 34, 35, 4, 4, 0.50
2, 35, 36, 4, 3, 0.50
2, 1, 2, 5, 3, 0.50
2, 1, 7, 5, 3, 0.50
2, 2, 3, 5, 4, 0.50
2, 2, 8, 5, 3, 0.50
2, 3, 4, 5, 3, 0.50
2, 3, 9, 5, 5, 0.50
2, 4, 5, 5, 4, 0.50
2, 4, 10, 5, 3, 0.50
2, 5, 6, 5, 4, 0.50
2, 5, 11, 5, 3, 0.50
2, 6, 12, 5, 4, 0.50
2, 7, 8, 5, 2, 0.50
2, 7, 13, 5, 3, 0.50
2, 8, 9, 5, 1, 0.50
2, 8, 14, 5, 4, 0.50
2, 9, 10, 5, 2, 0.50
2, 9, 15, 5, 3, 0.50
2, 10, 11, 5, 3, 0.50
2, 10, 16, 5, 3, 0.50
2, 11, 12, 5, 3, 0.50
2, 11, 17, 5, 4, 0.50
2, 12, 18, 5, 4, 0.50
2, 13, 14, 5, 4, 0.50
2, 13, 19, 5, 2, 0.50
2, 14, 15, 5, 4, 0.50
2, 14, 20, 5, 3, 0.50
2, 15, 16, 5, 2, 0.50
2, 15, 21, 5, 3, 0.50
2, 16, 17, 5, 3, 0.50
2, 16, 22, 5, 3, 0.50
2, 17, 18, 5, 3, 0.50
2, 17, 23, 5, 2, 0.50
2, 18, 24, 5, 4, 0.50
2, 19, 20, 5, 3, 0.50
2, 19, 25, 5, 5, 0.50
2, 20, 21, 5, 3, 0.50
2, 20, 26, 5, 4, 0.50
2, 21, 22, 5, 2, 0.50
2, 21, 27, 5, 3, 0.50
2, 22, 23, 5, 5, 0.50
2, 22, 28, 5, 5, 0.50
2, 23, 24, 5, 5, 0.50
2, 23, 29, 5, 2, 0.50
2, 24, 30, 5, 3, 0.50
2, 25, 26, 5, 4, 0.50
2, 25, 31, 5, 4, 0.50
2, 26, 27, 5, 5, 0.50
2, 26, 32, 5, 4, 0.50
2, 27, 28, 5, 5, 0.50
2, 27, 33, 5, 2, 0.50
2, 28, 29, 5, 1, 0.50
2, 28, 34, 5, 3, 0.50
2, 29, 30, 5, 2, 0.50
2, 29, 35, 5, 2, 0.50
2, 30, 36, 5, 4, 0.50
2, 31, 32, 5, 3, 0.50
2, 32, 33, 5, 3, 0.50
2, 33, 34, 5, 2, 0.50
2, 34, 35, 5, 2, 0.50
2, 35, 36, 5, 2, 0.50
2, 1, 2, 6, 5, 0.50
2, 1, 7, 6, 3, 0.50
2, 2, 3, 6, 4, 0.50
2, 2, 8, 6, 3, 0.50
2, 3, 4, 6, 3, 0.50
2, 3, 9, 6, 5, 0.50
2, 4, 5, 6, 2, 0.50
2, 4, 10, 6, 2, 0.50
2, 5, 6, 6, 1, 0.50
2, 5, 11, 6, 5, 0.50
2, 6, 12, 6, 4, 0.50
2, 7, 8, 6, 5, 0.50
2, 7, 13, 6, 1, 0.50
2, 8, 9, 6, 5, 0.50
2, 8, 14, 6, 3, 0.50
2, 9, 10, 6, 5, 0.50
2, 9, 15, 6, 2, 0.50
2, 10, 11, 6, 5, 0.50
2, 10, 16, 6, 1, 0.50
2, 11, 12, 6, 3, 0.50
2, 11, 17, 6, 5, 0.50
2, 12, 18, 6, 3, 0.50
2, 13, 14, 6, 1, 0.50
2, 13, 19, 6, 3, 0.50
2, 14, 15, 6, 2, 0.50
2, 14, 20, 6, 3, 0.50
2, 15, 16, 6, 3, 0.50
2, 15, 21, 6, 2, 0.50
2, 16, 17, 6, 5, 0.50
2, 16, 22, 6, 4, 0.50
2, 17, 18, 6, 1, 0.50
2, 17, 23, 6, 2, 0.50
2, 18, 24, 6, 2, 0.50
2, 19, 20, 6, 4, 0.50
2, 19, 25, 6, 4, 0.50
2, 20, 21, 6, 2, 0.50
2, 20, 26, 6, 3, 0.50
2, 21, 22, 6, 3, 0.50
2, 21, 27, 6, 2, 0.50
2, 22, 23, 6, 2, 0.50
2, 22, 28, 6, 2, 0.50
2, 23, 24, 6, 5, 0.50
2, 23, 29, 6, 1, 0.50
2, 24, 30, 6, 2, 0.50
2, 25, 26, 6, 4, 0.50
2, 25, 31, 6, 2, 0.50
2, 26, 27, 6, 2, 0.50
2, 26, 32, 6, 4, 0.50
2, 27, 28, 6, 3, 0.50
2, 27, 33, 6, 3, 0.50
2, 28, 29, 6, 5, 0.50
2, 28, 34, 6, 3, 0.50
2, 29, 30, 6, 3, 0.50
2, 29, 35, 6, 3, 0.50
2, 30, 36, 6, 5, 0.50
2, 31, 32, 6, 4, 0.50
2, 32, 33, 6, 5, 0.50
2, 33, 34, 6, 3, 0.50
2, 34, 35, 6, 1, 0.50
2, 35, 36, 6, 3, 0.50
2, 1, 2, 7, 3, 0.50
2, 1, 7, 7, 3, 0.50
2, 2, 3, 7, 3, 0.50
2, 2, 8, 7, 3, 0.50
2, 3, 4, 7, 2, 0.50
2, 3, 9, 7, 3, 0.50
2, 4, 5, 7, 5, 0.50
2, 4, 10, 7, 3, 0.50
2, 5, 6, 7, 3, 0.50
2, 5, 11, 7, 2, 0.50
2, 6, 12, 7, 4, 0.50
2, 7, 8, 7, 4, 0.50
2, 7, 13, 7, 3, 0.50
2, 8, 9, 7, 4, 0.50
2, 8, 14, 7, 5, 0.50
2, 9, 10, 7, 1, 0.50
2, 9, 15, 7, 3, 0.50
2, 10, 11, 7, 3, 0.50
2, 10, 16, 7, 5, 0.50
2, 11, 12, 7, 2, 0.50
2, 11, 17, 7, 1, 0.50
2, 12, 18, 7, 2, 0.50
2, 13, 14, 7, 5, 0.50
2, 13, 19, 7, 3, 0.50
2, 14, 15, 7, 3, 0.50
2, 14, 20, 7, 2, 0.50
2, 15, 16, 7, 3, 0.50
2, 15, 21, 7, 3, 0.50
2, 16, 17, 7, 3, 0.50
2, 16, 22, 7, 3, 0.50
2, 17, 18, 7, 5, 0.50
2, 17, 23, 7, 4, 0.50
2, 18, 24, 7, 3, 0.50
2, 19, 20, 7, 4, 0.50
2, 19, 25, 7, 1, 0.50
2, 20, 21, 7, 4, 0.50
2, 20, 26, 7, 3, 0.50
2, 21, 22, 7, 1, 0.50
2, 21, 27, 7, 5, 0.50
2, 22, 23, 7, 4, 0.50
2, 22, 28, 7, 4, 0.50
2, 23, 24, 7, 1, 0.50
2, 23, 29, 7, 1, 0.50
2, 24, 30, 7, 3, 0.50
2, 25, 26, 7, 2, 0.50
2, 25, 31, 7, 3, 0.50
2, 26, 27, 7, 2, 0.50
2, 26, 32, 7, 2, 0.50
2, 27, 28, 7, 2, 0.50
2, 27, 33, 7, 2, 0.50
2, 28, 29, 7, 4, 0.50
2, 28, 34, 7, 5, 0.50
2, 29, 30, 7, 4, 0.50
2, 29, 35, 7, 2, 0.50
2, 30, 36, 7, 3, 0.50
2, 31, 32, 7, 4, 0.50
2, 32, 33, 7, 3, 0.50
2, 33, 34, 7, 2, 0.50
2, 34, 35, 7, 3, 0.50
2, 35, 36, 7, 1, 0.50
2, 1, 2, 8, 2, 0.50
2, 1, 7, 8, 5, 0.50
2, 2, 3, 8, 2, 0.50
2, 2, 8, 8, 1, 0.50
2, 3, 4, 8, 2, 0.50
2, 3, 9, 8, 3, 0.50
2, 4, 5, 8, 5, 0.50
2, 4, 10, 8, 4, 0.50
2, 5, 6, 8, 1, 0.50
2, 5, 11, 8, 2, 0.50
2, 6, 12, 8, 4, 0.50
2, 7, 8, 8, 3, 0.50
2, 7, 13, 8, 2, 0.50
2, 8, 9, 8, 3, 0.50
2, 8, 14, 8, 3, 0.50
2, 9, 10, 8, 4, 0.50
2, 9, 15, 8, 4, 0.50
2, 10, 11, 8, 4, 0.50
2, 10, 16, 8, 1, 0.50
2, 11, 12, 8, 3, 0.50
2, 11, 17, 8, 4, 0.50
2, 12, 18, 8, 3, 0.50
2, 13, 14, 8, 2, 0.50
2, 13, 19, 8, 4, 0.50
2, 14, 15, 8, 2, 0.50
2, 14, 20, 8, 5, 0.50
2, 15, 16, 8, 4, 0.50
2, 15, 21, 8, 5, 0.50
2, 16, 17, 8, 1, 0.50
2, 16, 22, 8, 3, 0.50
2, 17, 18, 8, 3, 0.50
2, 17, 23, 8, 2, 0.50
2, 18, 24, 8, 3, 0.50
2, 19, 20, 8, 3, 0.50
2, 19, 25, 8, 1, 0.50
2, 20, 21, 8, 3, 0.50
2, 20, 26, 8, 2, 0.50
2, 21, 22, 8, 1, 0.50
2, 21, 27, 8, 4, 0.50
2, 22, 23, 8, 2, 0.50
2, 22, 28, 8, 2, 0.50
2, 23, 24, 8, 4, 0.50
2, 23, 29, 8, 3, 0.50
2, 24, 30, 8, 3, 0.50
2, 25, 26, 8, 4, 0.50
2, 25, 31, 8, 2, 0.50
2, 26, 27, 8, 1, 0.50
2, 26, 32, 8, 1, 0.50
2, 27, 28, 8, 3, 0.50
2, 27, 33, 8, 3, 0.50
2, 28, 29, 8, 5, 0.50
2, 28, 34, 8, 5, 0.50
2, 29, 30, 8, 3, 0.50
2, 29, 35, 8, 4, 0.50
2, 30, 36, 8, 1, 0.50
2, 31, 32, 8, 3, 0.50
2, 32, 33, 8, 2, 0.50
2, 33, 34, 8, 5, 0.50
2, 34, 35, 8, 4, 0.50
2, 35, 36, 8, 4, 0.50
2, 1, 2, 9, 4, 0.50
2, 1, 7, 9, 4, 0.50
2, 2, 3, 9, 5, 0.50
2, 2, 8, 9, 1, 0.50
2, 3, 4, 9, 4, 0.50
2, 3, 9, 9, 2, 0.50
2, 4, 5, 9, 3, 0.50
2, 4, 10, 9, 3, 0.50
2, 5, 6, 9, 3, 0.50
2, 5, 11, 9, 5, 0.50
2, 6, 12, 9, 2, 0.50
2, 7, 8, 9, 1, 0.50
2, 7, 13, 9, 4, 0.50
2, 8, 9, 9, 2, 0.50
2, 8, 14, 9, 5, 0.50
2, 9, 10, 9, 3, 0.50
2, 9, 15, 9, 4, 0.50
2, 10, 11, 9, 1, 0.50
2, 10, 16, 9, 4, 0.50
2, 11, 12, 9, 5, 0.50
2, 11, 17, 9, 1, 0.50
2, 12, 18, 9, 3, 0.50
2, 13, 14, 9, 2, 0.50
2, 13, 19, 9, 2, 0.50
2, 14, 15, 9, 5, 0.50
2, 14, 20, 9, 2, 0.50
2, 15, 16, 9, 1, 0.50
2, 15, 21, 9, 2, 0.50
2, 16, 17, 9, 3, 0.50
2, 16, 22, 9, 3, 0.50
2, 17, 18, 9, 4, 0.50
2, 17, 23, 9, 3, 0.50
2, 18, 24, 9, 2, 0.50
2, 19, 20, 9, 5, 0.50
2, 19, 25, 9, 2, 0.50
2, 20, 21, 9, 2, 0.50
2, 20, 26, 9, 2, 0.50
2, 21, 22, 9, 4, 0.50
2, 21, 27, 9, 4, 0.50
2, 22, 23, 9, 3, 0.50
2, 22, 28, 9, 3, 0.50
2, 23, 24, 9, 4, 0.50
2, 23, 29, 9, 2, 0.50
2, 24, 30, 9, 2, 0.50
2, 25, 26, 9, 4, 0.50
2, 25, 31, 9, 3, 0.50
2, 26, 27, 9, 4, 0.50
2, 26, 32, 9, 3, 0.50
2, 27, 28, 9, 4, 0.50
2, 27, 33, 9, 2, 0.50
2, 28, 29, 9, 4, 0.50
2, 28, 34, 9, 1, 0.50
2, 29, 30, 9, 1, 0.50
2, 29, 35, 9, 4, 0.50
2, 30, 36, 9, 3, 0.50
2, 31, 32, 9, 4, 0.50
2, 32, 33, 9, 4, 0.50
2, 33, 34, 9, 3, 0.50
2, 34, 35, 9, 2, 0.50
2, 35, 36, 9, 1, 0.50
2, 1, 2, 10, 4, 0.50
2, 1, 7, 10, 2, 0.50
2, 2, 3, 10, 1, 0.50
2, 2, 8, 10, 3, 0.50
2, 3, 4, 10, 3, 0.50
2, 3, 9, 10, 1, 0.50
2, 4, 5, 10, 4, 0.50
2, 4, 10, 10, 2, 0.50
2, 5, 6, 10, 4, 0.50
2, 5, 11, 10, 3, 0.50
2, 6, 12, 10, 4, 0.50
2, 7, 8, 10, 2, 0.50
2, 7, 13, 10, 2, 0.50
2, 8, 9, 10, 4, 0.50
2, 8, 14, 10, 2, 0.50
2, 9, 10, 10, 5, 0.50
2, 9, 15, 10, 3, 0.50
2, 10, 11, 10, 2, 0.50
2, 10, 16, 10, 3, 0.50
2, 11, 12, 10, 3, 0.50
2, 11, 17, 10, 2, 0.50
2, 12, 18, 10, 4, 0.50
2, 13, 14, 10, 4, 0.50
2, 13, 19, 10, 5, 0.50
2, 14, 15, 10, 3, 0.50
2, 14, 20, 10, 3, 0.50
2, 15, 16, 10, 4, 0.50
2, 15, 21, 10, 4, 0.50
2, 16, 17, 10, 2, 0.50
2, 16, 22, 10, 5, 0.50
2, 17, 18, 10, 2, 0.50
2, 17, 23, 10, 2, 0.50
2, 18, 24, 10, 4, 0.50
2, 19, 20, 10, 2, 0.50
2, 19, 25, 10, 3, 0.50
2, 20, 21, 10, 3, 0.50
2, 20, 26, 10, 2, 0.50
2, 21, 22, 10, 3, 0.50
2, 21, 27, 10, 2, 0.50
2, 22, 23, 10, 1, 0.50
2, 22, 28, 10, 2, 0.50
2, 23, 24, 10, 4, 0.50
2, 23, 29, 10, 4, 0.50
2, 24, 30, 10, 1, 0.50
2, 25, 26, 10, 5, 0.50
2, 25, 31, 10, 5, 0.50
2, 26, 27, 10, 2, 0.50
2, 26, 32, 10, 2, 0.50
2, 27, 28, 10, 3, 0.50
2, 27, 33, 10, 2, 0.50
2, 28, 29, 10, 2, 0.50
2, 28, 34, 10, 3, 0.50
2, 29, 30, 10, 1, 0.50
2, 29, 35, 10, 4, 0.50
2, 30, 36, 10, 4, 0.50
2, 31, 32, 10, 4, 0.50
2, 32, 33, 10, 5, 0.50
2, 33, 34, 10, 4, 0.50
2, 34, 35, 10, 2, 0.50
2, 35, 36, 10, 1, 0.50
2, 1, 2, 11, 2, 0.50
2, 1, 7, 11, 3, 0.50
2, 2, 3, 11, 5, 0.50
2, 2, 8, 11, 3, 0.50
2, 3, 4, 11, 4, 0.50
2, 3, 9, 11, 3, 0.50
2, 4, 5, 11, 3, 0.50
2, 4, 10, 11, 3, 0.50
2, 5, 6, 11, 2, 0.50
2, 5, 11, 11, 2, 0.50
2, 6, 12, 11, 3, 0.50
2, 7, 8, 11, 4, 0.50
2, 7, 13, 11, 3, 0.50
2, 8, 9, 11, 2, 0.50
2, 8, 14, 11, 2, 0.50
2, 9, 10, 11, 5, 0.50
2, 9, 15, 11, 3, 0.50
2, 10, 11, 11, 2, 0.50
2, 10, 16, 11, 2, 0.50
2, 11, 12, 11, 5, 0.50
2, 11, 17, 11, 2, 0.50
2, 12, 18, 11, 2, 0.50
2, 13, 14, 11, 4, 0.50
2, 13, 19, 11, 2, 0.50
2, 14, 15, 11, 4, 0.50
2, 14, 20, 11, 1, 0.50
2, 15, 16, 11, 2, 0.50
2, 15, 21, 11, 4, 0.50
2, 16, 17, 11, 2, 0.50
2, 16, 22, 11, 4, 0.50
2, 17, 18, 11, 3, 0.50
2, 17, 23, 11, 4, 0.50
2, 18, 24, 11, 4, 0.50
2, 19, 20, 11, 2, 0.50
2, 19, 25, 11, 3, 0.50
2, 20, 21, 11, 2, 0.50
2, 20, 26, 11, 5, 0.50
2, 21, 22, 11, 4, 0.50
2, 21, 27, 11, 1, 0.50
2, 22, 23, 11, 3, 0.50
2, 22, 28, 11, 4, 0.50
2, 23, 24, 11, 2, 0.50
2, 23, 29, 11, 5, 0.50
2, 24, 30, 11, 4, 0.50
2, 25, 26, 11, 2, 0.50
2, 25, 31, 11, 2, 0.50
2, 26, 27, 11, 3, 0.50
2, 26, 32, 11, 3, 0.50
2, 27, 28, 11, 1, 0.50
2, 27, 33, 11, 4, 0.50
2, 28, 29, 11, 2, 0.50
2, 28, 34, 11, 2, 0.50
2, 29, 30, 11, 2, 0.50
2, 29, 35, 11, 4, 0.50
2, 30, 36, 11, 3, 0.50
2, 31, 32, 11, 2, 0.50
2, 32, 33, 11, 5, 0.50
2, 33, 34, 11, 2, 0.50
2, 34, 35, 11, 2, 0.50
2, 35, 36, 11, 1, 0.50
2, 1, 2, 12, 4, 0.50
2, 1, 7, 12, 4, 0.50
2, 2, 3, 12, 4, 0.50
2, 2, 8, 12, 4, 0.50
2, 3, 4, 12, 5, 0.50
2, 3, 9, 12, 3, 0.50
2, 4, 5, 12, 2, 0.50
2, 4, 10, 12, 4, 0.50
2, 5, 6, 12, 4, 0.50
2, 5, 11, 12, 2, 0.50
2, 6, 12, 12, 1, 0.50
2, 7, 8, 12, 4, 0.50
2, 7, 13, 12, 5, 0.50
2, 8, 9, 12, 1, 0.50
2, 8, 14, 12, 1, 0.50
2, 9, 10, 12, 2, 0.50
2, 9, 15, 12, 2, 0.50
2, 10, 11, 12, 4, 0.50
2, 10, 16, 12, 1, 0.50
2, 11, 12, 12, 2, 0.50
2, 11, 17, 12, 2, 0.50
2, 12, 18, 12, 4, 0.50
2, 13, 14, 12, 2, 0.50
2, 13, 19, 12, 5, 0.50
2, 14, 15, 12, 4, 0.50
2, 14, 20, 12, 4, 0.50
2, 15, 16, 12, 3, 0.50
2, 15, 21, 12, 2, 0.50
2, 16, 17, 12, 3, 0.50
2, 16, 22, 12, 1, 0.50
2, 17, 18, 12, 1, 0.50
2, 17, 23, 12, 2, 0.50
2, 18, 24, 12, 1, 0.50
2, 19, 20, 12, 4, 0.50
2, 19, 25, 12, 1, 0.50
2, 20, 21, 12, 2, 0.50
2, 20, 26, 12, 5, 0.50
2, 21, 22, 12, 5, 0.50
2, 21, 27, 12, 2, 0.50
2, 22, 23, 12, 4, 0.50
2, 22, 28, 12, 4, 0.50
2, 23, 24, 12, 4, 0.50
2, 23, 29, 12, 4, 0.50
2, 24, 30, 12, 4, 0.50
2, 25, 26, 12, 1, 0.50
2, 25, 31, 12, 2, 0.50
2, 26, 27, 12, 3, 0.50
2, 26, 32, 12, 3, 0.50
2, 27, 28, 12, 1, 0.50
2, 27, 33, 12, 4, 0.50
2, 28, 29, 12, 2, 0.50
2, 28, 34, 12, 3, 0.50
2, 29, 30, 12, 2, 0.50
2, 29, 35, 12, 1, 0.50
2, 30, 36, 12, 5, 0.50
2, 31, 32, 12, 3, 0.50
2, 32, 33, 12, 2, 0.50
2, 33, 34, 12, 4, 0.50
2, 34, 35, 12, 2, 0.50
2, 35, 36, 12, 1, 0.50
2, 1, 2, 13, 2, 0.50
2, 1, 7, 13, 5, 0.50
2, 2, 3, 13, 4, 0.50
2, 2, 8, 13, 3, 0.50
2, 3, 4, 13, 2, 0.50
2, 3, 9, 13, 5, 0.50
2, 4, 5, 13, 2, 0.50
2, 4, 10, 13, 1, 0.50
2, 5, 6, 13, 5, 0.50
2, 5, 11, 13, 5, 0.50
2, 6, 12, 13, 3, 0.50
2, 7, 8, 13, 1, 0.50
2, 7, 13, 13, 4, 0.50
2, 8, 9, 13, 2, 0.50
2, 8, 14, 13, 4, 0.50
2, 9, 10, 13, 2, 0.50
2, 9, 15, 13, 5, 0.50
2, 10, 11, 13, 2, 0.50
2, 10, 16, 13, 3, 0.50
2, 11, 12, 13, 2, 0.50
2, 11, 17, 13, 3, 0.50
2, 12, 18, 13, 2, 0.50
2, 13, 14, 13, 4, 0.50
2, 13, 19, 13, 5, 0.50
2, 14, 15, 13, 1, 0.50
2, 14, 20, 13, 1, 0.50
2, 15, 16, 13, 5, 0.50
2, 15, 21, 13, 5, 0.50
2, 16, 17, 13, 3, 0.50
2, 16, 22, 13, 5, 0.50
2, 17, 18, 13, 3, 0.50
2, 17, 23, 13, 3, 0.50
2, 18, 24, 13, 3, 0.50
2, 19, 20, 13, 1, 0.50
2, 19, 25, 13, 2, 0.50
2, 20, 21, 13, 4, 0.50
2, 20, 26, 13, 2, 0.50
2, 21, 22, 13, 1, 0.50
2, 21, 27, 13, 3, 0.50
2, 22, 23, 13, 3, 0.50
2, 22, 28, 13, 3, 0.50
2, 23, 24, 13, 5, 0.50
2, 23, 29, 13, 4, 0.50
2, 24, 30, 13, 1, 0.50
2, 25, 26, 13, 4, 0.50
2, 25, 31, 13, 3, 0.50
2, 26, 27, 13, 3, 0.50
2, 26, 32, 13, 1, 0.50
2, 27, 28, 13, 3, 0.50
2, 27, 33, 13, 4, 0.50
2, 28, 29, 13, 1, 0.50
2, 28, 34, 13, 3, 0.50
2, 29, 30, 13, 2, 0.50
2, 29, 35, 13, 5, 0.50
2, 30, 36, 13, 5, 0.50
2, 31, 32, 13, 2, 0.50
2, 32, 33, 13, 1, 0.50
2, 33, 34, 13, 3, 0.50
2, 34, 35, 13, 2, 0.50
2, 35, 36, 13, 4, 0.50
2, 1, 2, 14, 2, 0.50
2, 1, 7, 14, 4, 0.50
2, 2, 3, 14, 2, 0.50
2, 2, 8, 14, 3, 0.50
2, 3, 4, 14, 3, 0.50
2, 3, 9, 14, 5, 0.50
2, 4, 5, 14, 4, 0.50
2, 4, 10, 14, 2, 0.50
2, 5, 6, 14, 3, 0.50
2, 5, 11, 14, 4, 0.50
2, 6, 12, 14, 5, 0.50
2, 7, 8, 14, 5, 0.50
2, 7, 13, 14, 1, 0.50
2, 8, 9, 14, 1, 0.50
2, 8, 14, 14, 5, 0.50
2, 9, 10, 14, 3, 0.50
2, 9, 15, 14, 4, 0.50
2, 10, 11, 14, 5, 0.50
2, 10, 16, 14, 2, 0.50
2, 11, 12, 14, 2, 0.50
2, 11, 17, 14, 3, 0.50
2, 12, 18, 14, 3, 0.50
2, 13, 14, 14, 3, 0.50
2, 13, 19, 14, 3, 0.50
2, 14, 15, 14, 2, 0.50
2, 14, 20, 14, 3, 0.50
2, 15, 16, 14, 5, 0.50
2, 15, 21, 14, 3, 0.50
2, 16, 17, 14, 5, 0.50
2, 16, 22, 14, 2, 0.50
2, 17, 18, 14, 3, 0.50
2, 17, 23, 14, 4, 0.50
2, 18, 24, 14, 4, 0.50
2, 19, 20, 14, 1, 0.50
2, 19, 25, 14, 4, 0.50
2, 20, 21, 14, 4, 0.50
2, 20, 26, 14, 3, 0.50
2, 21, 22, 14, 3, 0.50
2, 21, 27, 14, 4, 0.50
2, 22, 23, 14, 3, 0.50
2, 22, 28, 14, 5, 0.50
2, 23, 24, 14, 3, 0.50
2, 23, 29, 14, 5, 0.50
2, 24, 30, 14, 5, 0.50
2, 25, 26, 14, 5, 0.50
2, 25, 31, 14, 3, 0.50
2, 26, 27, 14, 3, 0.50
2, 26, 32, 14, 4, 0.50
2, 27, 28, 14, 4, 0.50
2, 27, 33, 14, 3, 0.50
2, 28, 29, 14, 4, 0.50
2, 28, 34, 14, 1, 0.50
2, 29, 30, 14, 5, 0.50
2, 29, 35, 14, 1, 0.50
2, 30, 36, 14, 2, 0.50
2, 31, 32, 14, 2, 0.50
2, 32, 33, 14, 4, 0.50
2, 33, 34, 14, 1, 0.50
2, 34, 35, 14, 1, 0.50
2, 35, 36, 14, 3, 0.50
2, 1, 2, 15, 3, 0.50
2, 1, 7, 15, 2, 0.50
2, 2, 3, 15, 4, 0.50
2, 2, 8, 15, 2, 0.50
2, 3, 4, 15, 3, 0.50
2, 3, 9, 15, 3, 0.50
2, 4, 5, 15, 4, 0.50
2, 4, 10, 15, 4, 0.50
2, 5, 6, 15, 4, 0.50
2, 5, 11, 15, 4, 0.50
2, 6, 12, 15, 3, 0.50
2, 7, 8, 15, 2, 0.50
2, 7, 13, 15, 3, 0.50
2, 8, 9, 15, 4, 0.50
2, 8, 14, 15, 4, 0.50
2, 9, 10, 15, 2, 0.50
2, 9, 15, 15, 2, 0.50
2, 10, 11, 15, 1, 0.50
2, 10, 16, 15, 3, 0.50
2, 11, 12, 15, 3, 0.50
2, 11, 17, 15, 4, 0.50
2, 12, 18, 15, 5, 0.50
2, 13, 14, 15, 5, 0.50
2, 13, 19, 15, 4, 0.50
2, 14, 15, 15, 2, 0.50
2, 14, 20, 15, 2, 0.50
2, 15, 16, 15, 5, 0.50
2, 15, 21, 15, 1, 0.50
2, 16, 17, 15, 2, 0.50
2, 16, 22, 15, 4, 0.50
2, 17, 18, 15, 4, 0.50
2, 17, 23, 15, 2, 0.50
2, 18, 24, 15, 2, 0.50
2, 19, 20, 15, 3, 0.50
2, 19, 25, 15, 4, 0.50
2, 20, 21, 15, 2, 0.50
2, 20, 26, 15, 3, 0.50
2, 21, 22, 15, 4, 0.50
2, 21, 27, 15, 3, 0.50
2, 22, 23, 15, 2, 0.50
2, 22, 28, 15, 3, 0.50
2, 23, 24, 15, 2, 0.50
2, 23, 29, 15, 4, 0.50
2, 24, 30, 15, 5, 0.50
2, 25, 26, 15, 2, 0.50
2, 25, 31, 15, 2, 0.50
2, 26, 27, 15, 2, 0.50
2, 26, 32, 15, 2, 0.50
2, 27, 28, 15, 2, 0.50
2, 27, 33, 15, 5, 0.50
2, 28, 29, 15, 2, 0.50
2, 28, 34, 15, 2, 0.50
2, 29, 30, 15, 5, 0.50
2, 29, 35, 15, 1, 0.50
2, 30, 36, 15, 1, 0.50
2, 31, 32, 15, 5, 0.50
2, 32, 33, 15, 2, 0.50
2, 33, 34, 15, 3, 0.50
2, 34, 35, 15, 4, 0.50
2, 35, 36, 15, 2, 0.50
2, 1, 2, 16, 2, 0.50
2, 1, 7, 16, 4, 0.50
2, 2, 3, 16, 4, 0.50
2, 2, 8, 16, 5, 0.50
2, 3, 4, 16, 4, 0.50
2, 3, 9, 16, 1, 0.50
2, 4, 5, 16, 4, 0.50
2, 4, 10, 16, 4, 0.50
2, 5, 6, 16, 3, 0.50
2, 5, 11, 16, 5, 0.50
2, 6, 12, 16, 2, 0.50
2, 7, 8, 16, 2, 0.50
2, 7, 13, 16, 4, 0.50
2, 8, 9, 16, 4, 0.50
2, 8, 14, 16, 3, 0.50
2, 9, 10, 16, 1, 0.50
2, 9, 15, 16, 3, 0.50
2, 10, 11, 16, 4, 0.50
2, 10, 16, 16, 2, 0.50
2, 11, 12, 16, 4, 0.50
2, 11, 17, 16, 5, 0.50
2, 12, 18, 16, 3, 0.50
2, 13, 14, 16, 3, 0.50
2, 13, 19, 16, 4, 0.50
2, 14, 15, 16, 3, 0.50
2, 14, 20, 16, 3, 0.50
2, 15, 16, 16, 2, 0.50
2, 15, 21, 16, 2, 0.50
2, 16, 17, 16, 5, 0.50
2, 16, 22, 16, 2, 0.50
2, 17, 18, 16, 3, 0.50
2, 17, 23, 16, 5, 0.50
2, 18, 24, 16, 5, 0.50
2, 19, 20, 16, 3, 0.50
2, 19, 25, 16, 4, 0.50
2, 20, 21, 16, 3, 0.50
2, 20, 26, 16, 2, 0.50
2, 21, 22, 16, 4, 0.50
2, 21, 27, 16, 4, 0.50
2, 22, 23, 16, 2, 0.50
2, 22, 28, 16, 5, 0.50
2, 23, 24, 16, 2, 0.50
2, 23, 29, 16, 5, 0.50
2, 24, 30, 16, 1, 0.50
2, 25, 26, 16, 5, 0.50
2, 25, 31, 16, 3, 0.50
2, 26, 27, 16, 3, 0.50
2, 26, 32, 16, 3, 0.50
2, 27, 28, 16, 5, 0.50
2, 27, 33, 16, 3, 0.50
2, 28, 29, 16, 4, 0.50
2, 28, 34, 16, 2, 0.50
2, 29, 30, 16, 4, 0.50
2, 29, 35, 16, 3, 0.50
2, 30, 36, 16, 3, 0.50
2, 31, 32, 16, 3, 0.50
2, 32, 33, 16, 3, 0.50
2, 33, 34, 16, 4, 0.50
2, 34, 35, 16, 3, 0.50
2, 35, 36, 16, 4, 0.50
2, 1, 2, 17, 3, 0.50
2, 1, 7, 17, 4, 0.50
2, 2, 3, 17, 1, 0.50
2, 2, 8, 17, 5, 0.50
2, 3, 4, 17, 2, 0.50
2, 3, 9, 17, 2, 0.50
2, 4, 5, 17, 4, 0.50
2, 4, 10, 17, 5, 0.50
2, 5, 6, 17, 4, 0.50
2, 5, 11, 17, 5, 0.50
2, 6, 12, 17, 4, 0.50
2, 7, 8, 17, 1, 0.50
2, 7, 13, 17, 2, 0.50
2, 8, 9, 17, 5, 0.50
2, 8, 14, 17, 3, 0.50
2, 9, 10, 17, 4, 0.50
2, 9, 15, 17, 2, 0.50
2, 10, 11, 17, 2, 0.50
2, 10, 16, 17, 4, 0.50
2, 11, 12, 17, 3, 0.50
2, 11, 17, 17, 5, 0.50
2, 12, 18, 17, 2, 0.50
2, 13, 14, 17, 3, 0.50
2, 13, 19, 17, 5, 0.50
2, 14, 15, 17, 3, 0.50
2, 14, 20, 17, 3, 0.50
2, 15, 16, 17, 3, 0.50
2, 15, 21, 17, 4, 0.50
2, 16, 17, 17, 2, 0.50
2, 16, 22, 17, 2, 0.50
2, 17, 18, 17, 2, 0.50
2, 17, 23, 17, 3, 0.50
2, 18, 24, 17, 4, 0.50
2, 19, 20, 17, 3, 0.50
2, 19, 25, 17, 5, 0.50
2, 20, 21, 17, 4, 0.50
2, 20, 26, 17, 5, 0.50
2, 21, 22, 17, 2, 0.50
2, 21, 27, 17, 4, 0.50
2, 22, 23, 17, 5, 0.50
2, 22, 28, 17, 2, 0.50
2, 23, 24, 17, 2, 0.50
2, 23, 29, 17, 5, 0.50
2, 24, 30, 17, 2, 0.50
2, 25, 26, 17, 1, 0.50
2, 25, 31, 17, 3, 0.50
2, 26, 27, 17, 2, 0.50
2, 26, 32, 17, 1, 0.50
2, 27, 28, 17, 5, 0.50
2, 27, 33, 17, 3, 0.50
2, 28, 29, 17, 3, 0.50
2, 28, 34, 17, 2, 0.50
2, 29, 30, 17, 2, 0.50
2, 29, 35, 17, 3, 0.50
2, 30, 36, 17, 3, 0.50
2, 31, 32, 17, 2, 0.50
2, 32, 33, 17, 3, 0.50
2, 33, 34, 17, 1, 0.50
2, 34, 35, 17, 4, 0.50
2, 35, 36, 17, 4, 0.50
2, 1, 2, 18, 3, 0.50
2, 1, 7, 18, 1, 0.50
2, 2, 3, 18, 4, 0.50
2, 2, 8, 18, 4, 0.50
2, 3, 4, 18, 4, 0.50
2, 3, 9, 18, 2, 0.50
2, 4, 5, 18, 4, 0.50
2, 4, 10, 18, 3, 0.50
2, 5, 6, 18, 3, 0.50
2, 5, 11, 18, 3, 0.50
2, 6, 12, 18, 1, 0.50
2, 7, 8, 18, 1, 0.50
2, 7, 13, 18, 2, 0.50
2, 8, 9, 18, 3, 0.50
2, 8, 14, 18, 5, 0.50
2, 9, 10, 18, 2, 0.50
2, 9, 15, 18, 2, 0.50
2, 10, 11, 18, 4, 0.50
2, 10, 16, 18, 2, 0.50
2, 11, 12, 18, 3, 0.50
2, 11, 17, 18, 2, 0.50
2, 12, 18, 18, 2, 0.50
2, 13, 14, 18, 2, 0.50
2, 13, 19, 18, 1, 0.50
2, 14, 15, 18, 5, 0.50
2, 14, 20, 18, 4, 0.50
2, 15, 16, 18, 3, 0.50
2, 15, 21, 18, 3, 0.50
2, 16, 17, 18, 2, 0.50
2, 16, 22, 18, 3, 0.50
2, 17, 18, 18, 4, 0.50
2, 17, 23, 18, 5, 0.50
2, 18, 24, 18, 4, 0.50
2, 19, 20, 18, 2, 0.50
2, 19, 25, 18, 2, 0.50
2, 20, 21, 18, 3, 0.50
2, 20, 26, 18, 3, 0.50
2, 21, 22, 18, 5, 0.50
2, 21, 27, 18, 5, 0.50
2, 22, 23, 18, 2, 0.50
2, 22, 28, 18, 4, 0.50
2, 23, 24, 18, 3, 0.50
2, 23, 29, 18, 3, 0.50
2, 24, 30, 18, 2, 0.50
2, 25, 26, 18, 4, 0.50
2, 25, 31, 18, 5, 0.50
2, 26, 27, 18, 1, 0.50
2, 26, 32, 18, 1, 0.50
2, 27, 28, 18, 4, 0.50
2, 27, 33, 18, 5, 0.50
2, 28, 29, 18, 4, 0.50
2, 28, 34, 18, 4, 0.50
2, 29, 30, 18, 3, 0.50
2, 29, 35, 18, 2, 0.50
2, 30, 36, 18, 2, 0.50
2, 31, 32, 18, 5, 0.50
2, 32, 33, 18, 5, 0.50
2, 33, 34, 18, 3, 0.50
2, 34, 35, 18, 4, 0.50
2, 35, 36, 18, 2, 0.50
2, 1, 2, 19, 4, 0.50
2, 1, 7, 19, 1, 0.50
2, 2, 3, 19, 5, 0.50
2, 2, 8, 19, 3, 0.50
2, 3, 4, 19, 3, 0.50
2, 3, 9, 19, 5, 0.50
2, 4, 5, 19, 1, 0.50
2, 4, 10, 19, 2, 0.50
2, 5, 6, 19, 2, 0.50
2, 5, 11, 19, 2, 0.50
2, 6, 12, 19, 2, 0.50
2, 7, 8, 19, 1, 0.50
2, 7, 13, 19, 5, 0.50
2, 8, 9, 19, 2, 0.50
2, 8, 14, 19, 2, 0.50
2, 9, 10, 19, 3, 0.50
2, 9, 15, 19, 4, 0.50
2, 10, 11, 19, 3, 0.50
2, 10, 16, 19, 3, 0.50
2, 11, 12, 19, 1, 0.50
2, 11, 17, 19, 2, 0.50
2, 12, 18, 19, 5, 0.50
2, 13, 14, 19, 4, 0.50
2, 13, 19, 19, 5, 0.50
2, 14, 15, 19, 2, 0.50
2, 14, 20, 19, 2, 0.50
2, 15, 16, 19, 3, 0.50
2, 15, 21, 19, 4, 0.50
2, 16, 17, 19, 3, 0.50
2, 16, 22, 19, 4, 0.50
2, 17, 18, 19, 5, 0.50
2, 17, 23, 19, 4, 0.50
2, 18, 24, 19, 1, 0.50
2, 19, 20, 19, 3, 0.50
2, 19, 25, 19, 3, 0.50
2, 20, 21, 19, 3, 0.50
2, 20, 26, 19, 4, 0.50
2, 21, 22, 19, 2, 0.50
2, 21, 27, 19, 4, 0.50
2, 22, 23, 19, 4, 0.50
2, 22, 28, 19, 2, 0.50
2, 23, 24, 19, 1, 0.50
2, 23, 29, 19, 4, 0.50
2, 24, 30, 19, 4, 0.50
2, 25, 26, 19, 3, 0.50
2, 25, 31, 19, 2, 0.50
2, 26, 27, 19, 1, 0.50
2, 26, 32, 19, 2, 0.50
2, 27, 28, 19, 3, 0.50
2, 27, 33, 19, 2, 0.50
2, 28, 29, 19, 4, 0.50
2, 28, 34, 19, 2, 0.50
2, 29, 30, 19, 4, 0.50
2, 29, 35, 19, 2, 0.50
2, 30, 36, 19, 5, 0.50
2, 31, 32, 19, 2, 0.50
2, 32, 33, 19, 2, 0.50
2, 33, 34, 19, 3, 0.50
2, 34, 35, 19, 4, 0.50
2, 35, 36, 19, 4, 0.50
2, 1, 2, 20, 2, 0.50
2, 1, 7, 20, 1, 0.50
2, 2, 3, 20, 3, 0.50
2, 2, 8, 20, 2, 0.50
2, 3, 4, 20, 2, 0.50
2, 3, 9, 20, 4, 0.50
2, 4, 5, 20, 4, 0.50
2, 4, 10, 20, 4, 0.50
2, 5, 6, 20, 4, 0.50
2, 5, 11, 20, 1, 0.50
2, 6, 12, 20, 5, 0.50
2, 7, 8, 20, 2, 0.50
2, 7, 13, 20, 4, 0.50
2, 8, 9, 20, 5, 0.50
2, 8, 14, 20, 2, 0.50
2, 9, 10, 20, 3, 0.50
2, 9, 15, 20, 3, 0.50
2, 10, 11, 20, 5, 0.50
2, 10, 16, 20, 3, 0.50
2, 11, 12, 20, 3, 0.50
2, 11, 17, 20, 5, 0.50
2, 12, 18, 20, 4, 0.50
2, 13, 14, 20, 2, 0.50
2, 13, 19, 20, 3, 0.50
2, 14, 15, 20, 4, 0.50
2, 14, 20, 20, 3, 0.50
2, 15, 16, 20, 5, 0.50
2, 15, 21, 20, 1, 0.50
2, 16, 17, 20, 2, 0.50
2, 16, 22, 20, 4, 0.50
2, 17, 18, 20, 4, 0.50
2, 17, 23, 20, 4, 0.50
2, 18, 24, 20, 2, 0.50
2, 19, 20, 20, 4, 0.50
2, 19, 25, 20, 4, 0.50
2, 20, 21, 20, 4, 0.50
2, 20, 26, 20, 4, 0.50
2, 21, 22, 20, 3, 0.50
2, 21, 27, 20, 3, 0.50
2, 22, 23, 20, 5, 0.50
2, 22, 28, 20, 4, 0.50
2, 23, 24, 20, 2, 0.50
2, 23, 29, 20, 4, 0.50
2, 24, 30, 20, 4, 0.50
2, 25, 26, 20, 2, 0.50
2, 25, 31, 20, 2, 0.50
2, 26, 27, 20, 2, 0.50
2, 26, 32, 20, 4, 0.50
2, 27, 28, 20, 5, 0.50
2, 27, 33, 20, 2, 0.50
2, 28, 29, 20, 4, 0.50
2, 28, 34, 20, 5, 0.50
2, 29, 30, 20, 5, 0.50
2, 29, 35, 20, 4, 0.50
2, 30, 36, 20, 5, 0.50
2, 31, 32, 20, 1, 0.50
2, 32, 33, 20, 3, 0.50
2, 33, 34, 20, 3, 0.50
2, 34, 35, 20, 3, 0.50
2, 35, 36, 20, 5, 0.50
2, 1, 2, 21, 3, 0.50
2, 1, 7, 21, 2, 0.50
2, 2, 3, 21, 4, 0.50
2, 2, 8, 21, 5, 0.50
2, 3, 4, 21, 5, 0.50
2, 3, 9, 21, 1, 0.50
2, 4, 5, 21, 3, 0.50
2, 4, 10, 21, 4, 0.50
2, 5, 6, 21, 2, 0.50
2, 5, 11, 21, 5, 0.50
2, 6, 12, 21, 3, 0.50
2, 7, 8, 21, 4, 0.50
2, 7, 13, 21, 4, 0.50
2, 8, 9, 21, 1, 0.50
2, 8, 14, 21, 3, 0.50
2, 9, 10, 21, 3, 0.50
2, 9, 15, 21, 2, 0.50
2, 10, 11, 21, 2, 0.50
2, 10, 16, 21, 5, 0.50
2, 11, 12, 21, 3, 0.50
2, 11, 17, 21, 3, 0.50
2, 12, 18, 21, 3, 0.50
2, 13, 14, 21, 2, 0.50
2, 13, 19, 21, 1, 0.50
2, 14, 15, 21, 4, 0.50
2, 14, 20, 21, 3, 0.50
2, 15, 16, 21, 2, 0.50
2, 15, 21, 21, 3, 0.50
2, 16, 17, 21, 4, 0.50
2, 16, 22, 21, 4, 0.50
2, 17, 18, 21, 5, 0.50
2, 17, 23, 21, 4, 0.50
2, 18, 24, 21, 4, 0.50
2, 19, 20, 21, 2, 0.50
2, 19, 25, 21, 1, 0.50
2, 20, 21, 21, 3, 0.50
2, 20, 26, 21, 5, 0.50
2, 21, 22, 21, 2, 0.50
2, 21, 27, 21, 3, 0.50
2, 22, 23, 21, 2, 0.50
2, 22, 28, 21, 3, 0.50
2, 23, 24, 21, 4, 0.50
2, 23, 29, 21, 2, 0.50
2, 24, 30, 21, 5, 0.50
2, 25, 26, 21, 1, 0.50
2, 25, 31, 21, 4, 0.50
2, 26, 27, 21, 3, 0.50
2, 26, 32, 21, 3, 0.50
2, 27, 28, 21, 2, 0.50
2, 27, 33, 21, 5, 0.50
2, 28, 29, 21, 4, 0.50
2, 28, 34, 21, 3, 0.50
2, 29, 30, 21, 4, 0.50
2, 29, 35, 21, 3, 0.50
2, 30, 36, 21, 3, 0.50
2, 31, 32, 21, 1, 0.50
2, 32, 33, 21, 2, 0.50
2, 33, 34, 21, 1, 0.50
2, 34, 35, 21, 2, 0.50
2, 35, 36, 21, 3, 0.50
2, 1, 2, 22, 2, 0.50
2, 1, 7, 22, 4, 0.50
2, 2, 3, 22, 3, 0.50
2, 2, 8, 22, 4, 0.50
2, 3, 4, 22, 1, 0.50
2, 3, 9, 22, 5, 0.50
2, 4, 5, 22, 1, 0.50
2, 4, 10, 22, 2, 0.50
2, 5, 6, 22, 4, 0.50
2, 5, 11, 22, 2, 0.50
2, 6, 12, 22, 5, 0.50
2, 7, 8, 22, 2, 0.50
2, 7, 13, 22, 3, 0.50
2, 8, 9, 22, 2, 0.50
2, 8, 14, 22, 4, 0.50
2, 9, 10, 22, 3, 0.50
2, 9, 15, 22, 3, 0.50
2, 10, 11, 22, 4, 0.50
2, 10, 16, 22, 4, 0.50
2, 11, 12, 22, 3, 0.50
2, 11, 17, 22, 3, 0.50
2, 12, 18, 22, 3, 0.50
2, 13, 14, 22, 5, 0.50
2, 13, 19, 22, 4, 0.50
2, 14, 15, 22, 1, 0.50
2, 14, 20, 22, 2, 0.50
2, 15, 16, 22, 4, 0.50
2, 15, 21, 22, 4, 0.50
2, 16, 17, 22, 3, 0.50
2, 16, 22, 22, 2, 0.50
2, 17, 18, 22, 2, 0.50
2, 17, 23, 22, 1, 0.50
2, 18, 24, 22, 2, 0.50
2, 19, 20, 22, 3, 0.50
2, 19, 25, 22, 3, 0.50
2, 20, 21, 22, 3, 0.50
2, 20, 26, 22, 3, 0.50
2, 21, 22, 22, 5, 0.50
2, 21, 27, 22, 4, 0.50
2, 22, 23, 22, 3, 0.50
2, 22, 28, 22, 5, 0.50
2, 23, 24, 22, 4, 0.50
2, 23, 29, 22, 2, 0.50
2, 24, 30, 22, 4, 0.50
2, 25, 26, 22, 3, 0.50
2, 25, 31, 22, 4, 0.50
2, 26, 27, 22, 4, 0.50
2, 26, 32, 22, 3, 0.50
2, 27, 28, 22, 4, 0.50
2, 27, 33, 22, 4, 0.50
2, 28, 29, 22, 3, 0.50
2, 28, 34, 22, 4, 0.50
2, 29, 30, 22, 4, 0.50
2, 29, 35, 22, 2, 0.50
2, 30, 36, 22, 2, 0.50
2, 31, 32, 22, 2, 0.50
2, 32, 33, 22, 4, 0.50
2, 33, 34, 22, 4, 0.50
2, 34, 35, 22, 2, 0.50
2, 35, 36, 22, 3, 0.50
2, 1, 2, 23, 2, 0.50
2, 1, 7, 23, 4, 0.50
2, 2, 3, 23, 3, 0.50
2, 2, 8, 23, 1, 0.50
2, 3, 4, 23, 2, 0.50
2, 3, 9, 23, 4, 0.50
2, 4, 5, 23, 1, 0.50
2, 4, 10, 23, 2, 0.50
2, 5, 6, 23, 4, 0.50
2, 5, 11, 23, 2, 0.50
2, 6, 12, 23, 2, 0.50
2, 7, 8, 23, 2, 0.50
2, 7, 13, 23, 1, 0.50
2, 8, 9, 23, 2, 0.50
2, 8, 14, 23, 3, 0.50
2, 9, 10, 23, 5, 0.50
2, 9, 15, 23, 5, 0.50
2, 10, 11, 23, 5, 0.50
2, 10, 16, 23, 1, 0.50
2, 11, 12, 23, 3, 0.50
2, 11, 17, 23, 3, 0.50
2, 12, 18, 23, 5, 0.50
2, 13, 14, 23, 3, 0.50
2, 13, 19, 23, 1, 0.50
2, 14, 15, 23, 5, 0.50
2, 14, 20, 23, 1, 0.50
2, 15, 16, 23, 2, 0.50
2, 15, 21, 23, 4, 0.50
2, 16, 17, 23, 4, 0.50
2, 16, 22, 23, 4, 0.50
2, 17, 18, 23, 3, 0.50
2, 17, 23, 23, 4, 0.50
2, 18, 24, 23, 2, 0.50
2, 19, 20, 23, 1, 0.50
2, 19, 25, 23, 5, 0.50
2, 20, 21, 23, 2, 0.50
2, 20, 26, 23, 4, 0.50
2, 21, 22, 23, 5, 0.50
2, 21, 27, 23, 5, 0.50
2, 22, 23, 23, 4, 0.50
2, 22, 28, 23, 3, 0.50
2, 23, 24, 23, 4, 0.50
2, 23, 29, 23, 4, 0.50
2, 24, 30, 23, 3, 0.50
2, 25, 26, 23, 4, 0.50
2, 25, 31, 23, 5, 0.50
2, 26, 27, 23, 4, 0.50
2, 26, 32, 23, 3, 0.50
2, 27, 28, 23, 4, 0.50
2, 27, 33, 23, 2, 0.50
2, 28, 29, 23, 2, 0.50
2, 28, 34, 23, 1, 0.50
2, 29, 30, 23, 2, 0.50
2, 29, 35, 23, 4, 0.50
2, 30, 36, 23, 2, 0.50
2, 31, 32, 23, 2, 0.50
2, 32, 33, 23, 3, 0.50
2, 33, 34, 23, 3, 0.50
2, 34, 35, 23, 2, 0.50
2, 35, 36, 23, 2, 0.50
2, 1, 2, 24, 3, 0.50
2, 1, 7, 24, 3, 0.50
2, 2, 3, 24, 5, 0.50
2, 2, 8, 24, 5, 0.50
2, 3, 4, 24, 4, 0.50
2, 3, 9, 24, 4, 0.50
2, 4, 5, 24, 4, 0.50
2, 4, 10, 24, 2, 0.50
2, 5, 6, 24, 1, 0.50
2, 5, 11, 24, 4, 0.50
2, 6, 12, 24, 4, 0.50
2, 7, 8, 24, 5, 0.50
2, 7, 13, 24, 3, 0.50
2, 8, 9, 24, 2, 0.50
2, 8, 14, 24, 4, 0.50
2, 9, 10, 24, 3, 0.50
2, 9, 15, 24, 2, 0.50
2, 10, 11, 24, 3, 0.50
2, 10, 16, 24, 4, 0.50
2, 11, 12, 24, 4, 0.50
2, 11, 17, 24, 1, 0.50
2, 12, 18, 24, 1, 0.50
2, 13, 14, 24, 4, 0.50
2, 13, 19, 24, 4, 0.50
2, 14, 15, 24, 3, 0.50
2, 14, 20, 24, 4, 0.50
2, 15, 16, 24, 4, 0.50
2, 15, 21, 24, 2, 0.50
2, 16, 17, 24, 4, 0.50
2, 16, 22, 24, 2, 0.50
2, 17, 18, 24, 4, 0.50
2, 17, 23, 24, 4, 0.50
2, 18, 24, 24, 4, 0.50
2, 19, 20, 24, 2, 0.50
2, 19, 25, 24, 3, 0.50
2, 20, 21, 24, 3, 0.50
2, 20, 26, 24, 2, 0.50
2, 21, 22, 24, 2, 0.50
2, 21, 27, 24, 3, 0.50
2, 22, 23, 24, 1, 0.50
2, 22, 28, 24, 2, 0.50
2, 23, 24, 24, 3, 0.50
2, 23, 29, 24, 3, 0.50
2, 24, 30, 24, 4, 0.50
2, 25, 26, 24, 1, 0.50
2, 25, 31, 24, 4, 0.50
2, 26, 27, 24, 5, 0.50
2, 26, 32, 24, 3, 0.50
2, 27, 28, 24, 4, 0.50
2, 27, 33, 24, 2, 0.50
2, 28, 29, 24, 3, 0.50
2, 28, 34, 24, 4, 0.50
2, 29, 30, 24, 3, 0.50
2, 29, 35, 24, 3, 0.50
2, 30, 36, 24, 1, 0.50
2, 31, 32, 24, 4, 0.50
2, 32, 33, 24, 4, 0.50
2, 33, 34, 24, 2, 0.50
2, 34, 35, 24, 3, 0.50
2, 35, 36, 24, 4, 0.50
2, 1, 2, 25, 3, 0.50
2, 1, 7, 25, 1, 0.50
2, 2, 3, 25, 1, 0.50
2, 2, 8, 25, 1, 0.50
2, 3, 4, 25, 2, 0.50
2, 3, 9, 25, 2, 0.50
2, 4, 5, 25, 4, 0.50
2, 4, 10, 25, 3, 0.50
2, 6, 12, 25, 2, 0.50
2, 7, 8, 25, 3, 0.50
2, 7, 13, 25, 3, 0.50
2, 8, 9, 25, 2, 0.50
2, 9, 10, 25, 3, 0.50
2, 9, 15, 25, 1, 0.50
2, 10, 11, 25, 4, 0.50
2, 10, 16, 25, 1, 0.50
2, 11, 17, 25, 4, 0.50
2, 12, 18, 25, 4, 0.50
2, 13, 14, 25, 3, 0.50
2, 13, 19, 25, 4, 0.50
2, 14, 15, 25, 2, 0.50
2, 14, 20, 25, 2, 0.50
2, 15, 16, 25, 3, 0.50
2, 15, 21, 25, 3, 0.50
2, 16, 17, 25, 3, 0.50
2, 16, 22, 25, 4, 0.50
2, 17, 18, 25, 1, 0.50
2, 17, 23, 25, 1, 0.50
2, 18, 24, 25, 3, 0.50
2, 19, 20, 25, 3, 0.50
2, 19, 25, 25, 3, 0.50
2, 20, 21, 25, 4, 0.50
2, 20, 26, 25, 4, 0.50
2, 21, 22, 25, 4, 0.50
2, 21, 27, 25, 3, 0.50
2, 22, 28, 25, 4, 0.50
2, 23, 24, 25, 2, 0.50
2, 23, 29, 25, 3, 0.50
2, 24, 30, 25, 3, 0.50
2, 25, 26, 25, 3, 0.50
2, 25, 31, 25, 4, 0.50
2, 26, 27, 25, 3, 0.50
2, 26, 32, 25, 3, 0.50
2, 27, 28, 25, 3, 0.50
2, 27, 33, 25, 1, 0.50
2, 28, 34, 25, 1, 0.50
2, 29, 30, 25, 3, 0.50
2, 29, 35, 25, 4, 0.50
2, 30, 36, 25, 4, 0.50
2, 31, 32, 25, 1, 0.50
2, 32, 33, 25, 4, 0.50
2, 33, 34, 25, 4, 0.50
2, 34, 35, 25, 2, 0.50
2, 35, 36, 25, 3, 0.50
2, 2, 3, 26, 2, 0.50
2, 3, 4, 26, 2, 0.50
2, 3, 9, 26, 3, 0.50
2, 4, 5, 26, 1, 0.50
2, 4, 10, 26, 3, 0.50
2, 5, 11, 26, 3, 0.50
2, 7, 8, 26, 1, 0.50
2, 8, 14, 26, 2, 0.50
2, 10, 11, 26, 2, 0.50
2, 11, 17, 26, 3, 0.50
2, 12, 18, 26, 2, 0.50
2, 14, 15, 26, 2, 0.50
2, 14, 20, 26, 3, 0.50
2, 15, 21, 26, 1, 0.50
2, 16, 17, 26, 2, 0.50
2, 17, 18, 26, 2, 0.50
2, 17, 23, 26, 2, 0.50
2, 18, 24, 26, 2, 0.50
2, 19, 25, 26, 1, 0.50
2, 20, 21, 26, 1, 0.50
2, 21, 27, 26, 1, 0.50
2, 22, 23, 26, 3, 0.50
2, 22, 28, 26, 3, 0.50
2, 23, 29, 26, 3, 0.50
2, 25, 26, 26, 3, 0.50
2, 25, 31, 26, 2, 0.50
2, 26, 27, 26, 3, 0.50
2, 27, 28, 26, 2, 0.50
2, 27, 33, 26, 2, 0.50
2, 28, 29, 26, 2, 0.50
2, 28, 34, 26, 3, 0.50
2, 29, 30, 26, 2, 0.50
2, 31, 32, 26, 3, 0.50
2, 32, 33, 26, 2, 0.50
2, 34, 35, 26, 2, 0.50
2, 35, 36, 26, 2, 0.50
2, 1, 7, 27, 1, 0.50
2, 2, 3, 27, 1, 0.50
2, 2, 8, 27, 2, 0.50
2, 7, 8, 27, 1, 0.50
2, 8, 14, 27, 1, 0.50
2, 9, 10, 27, 1, 0.50
2, 10, 11, 27, 2, 0.50
2, 11, 17, 27, 2, 0.50
2, 12, 18, 27, 2, 0.50
2, 13, 14, 27, 2, 0.50
2, 14, 15, 27, 2, 0.50
2, 14, 20, 27, 1, 0.50
2, 15, 16, 27, 2, 0.50
2, 17, 23, 27, 2, 0.50
2, 18, 24, 27, 2, 0.50
2, 20, 26, 27, 1, 0.50
2, 21, 27, 27, 1, 0.50
2, 22, 23, 27, 2, 0.50
2, 23, 29, 27, 2, 0.50
2, 26, 27, 27, 2, 0.50
2, 26, 32, 27, 1, 0.50
2, 27, 33, 27, 2, 0.50
2, 31, 32, 27, 2, 0.50
2, 35, 36, 27, 2, 0.50
2, 22, 28, 28, 1, 0.50
2, 25, 26, 28, 1, 0.50
2, 28, 34, 28, 1, 0.50
2, 31, 32, 28, 1, 0.50
