size	K	T	instance	Obj value	CPLEX time (s)	Optimal path
3	2	30	0	43.0	0.0192952	1 2 5 8 9 
3	2	30	1	45.0	0.0327402	1 2 3 6 9 
3	2	30	2	44.0	0.0298569	1 2 5 6 9 
3	2	30	3	37.0	0.0737463	1 4 5 6 9 
3	2	30	4	51.0	0.0582936	1 4 7 8 9 
3	2	30	5	51.0	0.0487492	1 4 7 8 9 
3	2	30	6	45.0	0.0240244	1 2 5 6 9 
3	2	30	7	46.0	0.0350829	1 4 7 8 9 
3	2	30	8	33.0	0.0574729	1 2 3 6 9 
3	2	30	9	36.0	0.0550222	1 2 3 6 9 
3	2	60	0	67.0	0.0807322	1 2 3 6 9 
3	2	60	1	65.0	0.0394396	1 2 5 8 9 
3	2	60	2	82.0	0.0561449	1 4 5 8 9 
3	2	60	3	87.0	0.1097077	1 4 7 8 9 
3	2	60	4	94.0	0.1112837	1 4 5 6 9 
3	2	60	5	83.0	0.0745068	1 4 5 6 9 
3	2	60	6	97.0	0.2116162	1 4 7 8 9 
3	2	60	7	70.0	0.0428864	1 4 5 8 9 
3	2	60	8	86.0	0.0416709	1 2 5 8 9 
3	2	60	9	86.0	0.0260169	1 4 5 6 9 
3	2	90	0	127.0	0.0378855	1 2 5 6 9 
3	2	90	1	116.0	0.0296981	1 4 7 8 9 
3	2	90	2	116.0	0.0308195	1 4 7 8 9 
3	2	90	3	80.0	0.0432756	1 2 5 6 9 
3	2	90	4	111.0	0.0356385	1 2 5 6 9 
3	2	90	5	79.0	0.0305214	1 2 5 8 9 
3	2	90	6	139.0	0.0344563	1 2 5 8 9 
3	2	90	7	125.0	0.0341942	1 4 7 8 9 
3	2	90	8	107.0	0.0291537	1 4 5 8 9 
3	2	90	9	130.0	0.0350802	1 2 5 8 9 
3	4	30	0	91.0	0.0644847	1 4 5 8 9 
3	4	30	1	88.0	0.0690821	1 2 3 6 9 
3	4	30	2	86.0	0.0646353	1 4 7 8 9 
3	4	30	3	71.0	0.0644444	1 2 5 8 9 
3	4	30	4	96.0	0.0661431	1 2 5 8 9 
3	4	30	5	94.0	0.0693601	1 4 5 6 9 
3	4	30	6	67.0	0.0637612	1 2 5 6 9 
3	4	30	7	78.0	0.0598761	1 4 7 8 9 
3	4	30	8	92.0	0.0641798	1 2 3 6 9 
3	4	30	9	89.0	0.0638906	1 2 5 8 9 
3	4	60	0	160.0	0.1304622	1 4 5 6 9 
3	4	60	1	177.0	0.1542281	1 4 5 8 9 
3	4	60	2	175.0	0.1418319	1 2 5 6 9 
3	4	60	3	127.0	0.123279	1 2 5 8 9 
3	4	60	4	169.0	0.1381795	1 4 7 8 9 
3	4	60	5	167.0	0.1454665	1 2 5 8 9 
3	4	60	6	174.0	0.1167751	1 2 5 8 9 
3	4	60	7	143.0	0.0968035	1 2 5 6 9 
3	4	60	8	186.0	0.1091304	1 2 5 6 9 
3	4	60	9	176.0	0.1285516	1 2 5 6 9 
3	4	90	0	290.0	0.2193817	1 4 5 8 9 
3	4	90	1	266.0	0.2135448	1 4 5 8 9 
3	4	90	2	273.0	0.2211942	1 4 5 6 9 
3	4	90	3	250.0	0.2207948	1 4 5 8 9 
3	4	90	4	284.0	0.1973841	1 4 7 8 9 
3	4	90	5	235.0	0.201076	1 2 5 6 9 
3	4	90	6	270.0	0.2457231	1 4 5 8 9 
3	4	90	7	282.0	0.2470677	1 2 5 8 9 
3	4	90	8	231.0	0.2145579	1 2 5 8 9 
3	4	90	9	251.0	0.1897852	1 4 5 6 9 
3	6	30	0	134.0	0.0899968	1 4 5 6 9 
3	6	30	1	142.0	0.1177041	1 2 5 6 9 
3	6	30	2	146.0	0.1166336	1 4 7 8 9 
3	6	30	3	130.0	0.0989672	1 4 5 6 9 
3	6	30	4	130.0	0.113844	1 4 5 8 9 
3	6	30	5	137.0	0.1377507	1 4 5 8 9 
3	6	30	6	131.0	0.1111708	1 4 7 8 9 
3	6	30	7	161.0	0.0862367	1 2 5 6 9 
3	6	30	8	145.0	0.1099686	1 4 5 6 9 
3	6	30	9	140.0	0.1183665	1 4 5 6 9 
3	6	60	0	280.0	0.1939744	1 4 5 6 9 
3	6	60	1	282.0	0.1572429	1 2 5 6 9 
3	6	60	2	279.0	0.1675528	1 4 7 8 9 
3	6	60	3	253.0	0.2609574	1 2 3 6 9 
3	6	60	4	268.0	0.3022918	1 2 5 8 9 
3	6	60	5	278.0	0.2056558	1 2 3 6 9 
3	6	60	6	268.0	0.1496671	1 4 5 6 9 
3	6	60	7	278.0	0.152259	1 2 5 8 9 
3	6	60	8	262.0	0.1525902	1 4 5 6 9 
3	6	60	9	268.0	0.1824902	1 2 3 6 9 
3	6	90	0	422.0	0.2616831	1 4 5 6 9 
3	6	90	1	369.0	0.3989162	1 4 5 6 9 
3	6	90	2	375.0	0.2984384	1 4 5 8 9 
3	6	90	3	428.0	0.27059	1 4 5 8 9 
3	6	90	4	484.0	0.388346	1 4 7 8 9 
3	6	90	5	371.0	0.3512158	1 2 5 8 9 
3	6	90	6	367.0	0.31003	1 2 5 6 9 
3	6	90	7	424.0	0.3386028	1 4 5 8 9 
3	6	90	8	469.0	0.3729916	1 4 5 6 9 
3	6	90	9	376.0	0.2855599	1 4 7 8 9 
4	2	30	0	45.0	0.038603	1 2 6 7 11 15 16 
4	2	30	1	49.0	0.0485594	1 5 9 10 11 12 16 
4	2	30	2	39.0	0.0530595	1 2 6 10 11 15 16 
4	2	30	3	45.0	0.0417953	1 5 9 10 11 12 16 
4	2	30	4	28.0	0.0438684	1 2 3 7 8 12 16 
4	2	30	5	45.0	0.0691329	1 2 6 10 14 15 16 
4	2	30	6	44.0	0.0391917	1 5 6 7 8 12 16 
4	2	30	7	45.0	0.0314815	1 5 6 10 14 15 16 
4	2	30	8	43.0	0.032519	1 5 6 10 14 15 16 
4	2	30	9	41.0	0.0456201	1 2 6 7 11 15 16 
4	2	60	0	89.0	0.0756577	1 5 9 10 14 15 16 
4	2	60	1	91.0	0.0919425	1 2 3 4 8 12 16 
4	2	60	2	76.0	0.1285873	1 2 6 10 11 15 16 
4	2	60	3	90.0	0.0708126	1 5 9 13 14 15 16 
4	2	60	4	73.0	0.0748236	1 5 6 10 14 15 16 
4	2	60	5	96.0	0.0780541	1 2 3 7 11 12 16 
4	2	60	6	89.0	0.0767863	1 5 6 10 11 15 16 
4	2	60	7	90.0	0.0873635	1 5 9 10 11 12 16 
4	2	60	8	88.0	0.122761	1 5 6 7 11 15 16 
4	2	60	9	91.0	0.0369914	1 5 6 10 11 12 16 
4	2	90	0	129.0	0.1889263	1 2 6 10 11 12 16 
4	2	90	1	137.0	0.1581289	1 5 9 13 14 15 16 
4	2	90	2	127.0	0.1906572	1 2 3 7 11 15 16 
4	2	90	3	146.0	0.1428127	1 2 6 7 11 15 16 
4	2	90	4	148.0	0.1506586	1 5 6 7 11 15 16 
4	2	90	5	137.0	0.1377942	1 5 6 10 11 12 16 
4	2	90	6	129.0	0.1618172	1 2 3 7 8 12 16 
4	2	90	7	134.0	0.1502369	1 5 9 10 14 15 16 
4	2	90	8	125.0	0.1468312	1 2 6 7 8 12 16 
4	2	90	9	148.0	0.1490239	1 2 6 7 11 12 16 
4	4	30	0	85.0	0.121974	1 5 6 10 14 15 16 
4	4	30	1	84.0	0.1630349	1 2 6 7 8 12 16 
4	4	30	2	108.0	0.1664265	1 2 6 7 11 12 16 
4	4	30	3	96.0	0.1229483	1 5 9 13 14 15 16 
4	4	30	4	94.0	0.1345674	1 2 6 7 11 12 16 
4	4	30	5	101.0	0.1863244	1 2 6 7 8 12 16 
4	4	30	6	97.0	0.190764	1 2 6 7 11 15 16 
4	4	30	7	98.0	0.1753917	1 2 6 7 8 12 16 
4	4	30	8	104.0	0.2571609	1 5 6 7 8 12 16 
4	4	30	9	94.0	0.1714672	1 2 6 10 11 12 16 
4	4	60	0	175.0	0.2305514	1 5 6 7 8 12 16 
4	4	60	1	193.0	0.2437537	1 5 6 10 14 15 16 
4	4	60	2	171.0	0.2380017	1 5 6 7 11 12 16 
4	4	60	3	169.0	0.2226253	1 5 6 10 14 15 16 
4	4	60	4	181.0	0.2120219	1 5 6 7 8 12 16 
4	4	60	5	159.0	0.2037275	1 2 3 7 11 12 16 
4	4	60	6	196.0	0.2165797	1 5 9 13 14 15 16 
4	4	60	7	164.0	0.279676	1 5 9 13 14 15 16 
4	4	60	8	186.0	0.2611767	1 5 6 10 14 15 16 
4	4	60	9	194.0	0.2791285	1 2 6 10 11 12 16 
4	4	90	0	249.0	0.4146717	1 2 6 7 11 15 16 
4	4	90	1	271.0	0.6095932	1 5 6 7 11 12 16 
4	4	90	2	286.0	0.453552	1 5 6 10 11 12 16 
4	4	90	3	276.0	0.5938685	1 2 3 7 8 12 16 
4	4	90	4	238.0	0.437854	1 2 6 7 11 12 16 
4	4	90	5	296.0	0.4633355	1 5 9 10 11 15 16 
4	4	90	6	286.0	0.4788623	1 2 3 7 8 12 16 
4	4	90	7	297.0	0.5599977	1 5 6 10 11 15 16 
4	4	90	8	235.0	0.5242565	1 2 6 10 14 15 16 
4	4	90	9	291.0	0.3639028	1 2 6 10 11 15 16 
4	6	30	0	143.0	0.2370727	1 5 9 10 11 12 16 
4	6	30	1	150.0	0.316151	1 2 6 7 11 15 16 
4	6	30	2	146.0	0.1957303	1 5 6 10 11 12 16 
4	6	30	3	149.0	0.2446502	1 5 6 7 8 12 16 
4	6	30	4	143.0	0.1898331	1 5 6 7 8 12 16 
4	6	30	5	151.0	0.2449048	1 2 3 7 11 15 16 
4	6	30	6	140.0	0.1865862	1 2 3 7 11 15 16 
4	6	30	7	136.0	0.1880564	1 5 9 13 14 15 16 
4	6	30	8	143.0	0.2209073	1 2 6 10 11 15 16 
4	6	30	9	149.0	0.1875413	1 5 6 7 11 15 16 
4	6	60	0	307.0	0.5481107	1 5 6 10 11 15 16 
4	6	60	1	281.0	0.5990559	1 2 3 7 8 12 16 
4	6	60	2	278.0	0.5945407	1 5 6 7 11 12 16 
4	6	60	3	290.0	0.6538818	1 5 6 10 14 15 16 
4	6	60	4	265.0	0.4460928	1 2 6 7 8 12 16 
4	6	60	5	306.0	0.6320643	1 2 6 7 8 12 16 
4	6	60	6	271.0	0.5112753	1 2 6 7 8 12 16 
4	6	60	7	288.0	0.6811392	1 5 6 7 11 12 16 
4	6	60	8	287.0	0.4145865	1 5 9 10 14 15 16 
4	6	60	9	301.0	0.6173214	1 2 3 4 8 12 16 
4	6	90	0	431.0	0.9538047	1 2 3 4 8 12 16 
4	6	90	1	427.0	0.7938193	1 2 6 10 11 12 16 
4	6	90	2	412.0	1.079133	1 5 6 7 11 15 16 
4	6	90	3	434.0	1.1965175	1 5 6 10 11 15 16 
4	6	90	4	396.0	1.0115288	1 5 6 7 11 15 16 
4	6	90	5	413.0	0.9583606	1 5 6 10 14 15 16 
4	6	90	6	406.0	1.0000377	1 2 6 7 11 15 16 
4	6	90	7	508.0	1.5997088	1 5 6 7 11 15 16 
4	6	90	8	451.0	1.1437928	1 5 6 10 14 15 16 
4	6	90	9	408.0	1.3084407	1 2 6 7 8 12 16 
5	2	30	0	43.0	0.0875282	1 2 3 8 9 14 19 20 25 
5	2	30	1	45.0	0.0859244	1 6 7 8 9 14 19 24 25 
5	2	30	2	45.0	0.0919601	1 6 11 12 17 18 19 20 25 
5	2	30	3	47.0	0.0983581	1 6 11 16 17 18 19 24 25 
5	2	30	4	44.0	0.0717548	1 6 7 12 17 22 23 24 25 
5	2	30	5	42.0	0.0618599	1 2 3 8 13 18 19 24 25 
5	2	30	6	44.0	0.0561513	1 6 7 12 17 18 23 24 25 
5	2	30	7	34.0	0.0867018	1 6 11 12 17 18 19 24 25 
5	2	30	8	46.0	0.036926	1 6 7 8 13 18 19 20 25 
5	2	30	9	44.0	0.0720006	1 2 7 8 9 14 15 20 25 
5	2	60	0	79.0	0.1976098	1 2 3 8 9 10 15 20 25 
5	2	60	1	82.0	0.0591108	1 6 11 12 13 14 15 20 25 
5	2	60	2	88.0	0.2278407	1 2 7 12 13 14 19 24 25 
5	2	60	3	89.0	0.1215852	1 6 7 8 13 14 19 20 25 
5	2	60	4	84.0	0.0525843	1 6 7 12 13 18 23 24 25 
5	2	60	5	88.0	0.1809239	1 2 3 4 5 10 15 20 25 
5	2	60	6	94.0	0.0683764	1 2 7 12 13 18 23 24 25 
5	2	60	7	76.0	0.0555235	1 2 3 8 13 18 19 20 25 
5	2	60	8	97.0	0.1629604	1 6 11 12 17 18 19 20 25 
5	2	60	9	68.0	0.1467316	1 2 7 8 9 10 15 20 25 
5	2	90	0	117.0	0.2505048	1 6 7 8 13 18 23 24 25 
5	2	90	1	107.0	0.0682334	1 6 7 8 9 14 19 24 25 
5	2	90	2	140.0	0.0757253	1 6 11 16 17 18 23 24 25 
5	2	90	3	92.0	0.2494837	1 2 7 12 13 14 19 24 25 
5	2	90	4	134.0	0.3428279	1 2 7 12 13 18 19 24 25 
5	2	90	5	143.0	0.1530172	1 2 7 8 9 14 19 24 25 
5	2	90	6	128.0	0.0679136	1 6 7 12 17 22 23 24 25 
5	2	90	7	122.0	0.2981834	1 6 11 12 17 18 23 24 25 
5	2	90	8	130.0	0.0857506	1 2 3 8 13 14 19 20 25 
5	2	90	9	132.0	0.2418474	1 2 7 8 13 18 23 24 25 
5	4	30	0	97.0	0.2742174	1 2 7 8 13 14 19 20 25 
5	4	30	1	92.0	0.1982208	1 2 3 4 5 10 15 20 25 
5	4	30	2	85.0	0.1842338	1 2 3 4 5 10 15 20 25 
5	4	30	3	90.0	0.2563657	1 2 7 8 9 14 15 20 25 
5	4	30	4	91.0	0.1568675	1 2 3 8 9 14 15 20 25 
5	4	30	5	83.0	0.1699315	1 2 3 8 13 18 19 24 25 
5	4	30	6	95.0	0.1429059	1 6 7 12 13 14 19 24 25 
5	4	30	7	84.0	0.1750412	1 2 7 12 13 14 19 20 25 
5	4	30	8	95.0	0.1788157	1 6 7 8 9 10 15 20 25 
5	4	30	9	96.0	0.3057284	1 2 7 8 13 14 19 24 25 
5	4	60	0	175.0	0.3920458	1 6 11 16 17 22 23 24 25 
5	4	60	1	187.0	0.5459148	1 2 7 12 13 14 19 20 25 
5	4	60	2	186.0	0.5591442	1 2 7 8 13 14 19 20 25 
5	4	60	3	184.0	0.5130958	1 2 7 12 13 14 19 20 25 
5	4	60	4	168.0	0.6249252	1 2 7 12 17 22 23 24 25 
5	4	60	5	192.0	0.635086	1 2 7 12 17 18 19 20 25 
5	4	60	6	176.0	0.3888923	1 6 7 12 13 18 19 20 25 
5	4	60	7	190.0	0.4073486	1 2 3 4 9 14 19 24 25 
5	4	60	8	192.0	0.7443387	1 6 11 16 17 18 19 20 25 
5	4	60	9	198.0	0.5173876	1 6 7 8 9 14 19 20 25 
5	4	90	0	279.0	1.107566	1 2 3 4 9 14 19 24 25 
5	4	90	1	285.0	0.491389	1 6 7 8 13 14 19 24 25 
5	4	90	2	262.0	1.0616868	1 6 7 8 13 14 19 24 25 
5	4	90	3	288.0	0.9478602	1 6 7 8 13 18 23 24 25 
5	4	90	4	240.0	0.6428474	1 2 7 8 9 14 19 20 25 
5	4	90	5	257.0	0.7010318	1 6 7 8 9 14 15 20 25 
5	4	90	6	263.0	0.6552271	1 2 7 8 13 18 23 24 25 
5	4	90	7	244.0	0.9127165	1 2 7 8 9 14 19 20 25 
5	4	90	8	254.0	0.8982135	1 6 7 8 9 10 15 20 25 
5	4	90	9	274.0	1.2155406	1 2 7 8 13 14 15 20 25 
5	6	30	0	163.0	0.6372428	1 6 11 12 13 14 19 20 25 
5	6	30	1	148.0	0.8093262	1 6 7 12 17 22 23 24 25 
5	6	30	2	147.0	0.6310111	1 6 11 12 13 18 19 24 25 
5	6	30	3	145.0	0.5159481	1 2 3 8 9 14 15 20 25 
5	6	30	4	151.0	0.5973023	1 6 7 12 17 18 23 24 25 
5	6	30	5	144.0	0.4854303	1 2 3 8 13 18 23 24 25 
5	6	30	6	136.0	0.5074907	1 2 3 8 13 18 23 24 25 
5	6	30	7	142.0	0.7451828	1 2 7 8 13 14 15 20 25 
5	6	30	8	139.0	0.5320746	1 6 7 12 17 22 23 24 25 
5	6	30	9	141.0	0.508408	1 6 11 12 13 14 19 20 25 
5	6	60	0	305.0	1.0529439	1 6 11 16 17 18 19 24 25 
5	6	60	1	295.0	1.8133419	1 2 3 8 13 18 19 24 25 
5	6	60	2	293.0	1.093948	1 2 7 8 13 14 19 24 25 
5	6	60	3	288.0	1.5119416	1 2 7 8 13 14 15 20 25 
5	6	60	4	289.0	0.6263474	1 6 7 8 13 18 19 20 25 
5	6	60	5	297.0	1.4207405	1 6 7 12 17 18 19 20 25 
5	6	60	6	274.0	1.2031427	1 6 7 8 13 18 19 24 25 
5	6	60	7	279.0	0.9130399	1 2 7 12 17 18 19 20 25 
5	6	60	8	279.0	1.3379976	1 6 11 16 17 18 19 24 25 
5	6	60	9	308.0	1.3035828	1 2 7 8 13 18 19 20 25 
5	6	90	0	447.0	3.714228	1 2 7 8 9 14 15 20 25 
5	6	90	1	427.0	2.168483	1 2 7 12 13 18 23 24 25 
5	6	90	2	410.0	2.6801926	1 6 7 8 9 14 15 20 25 
5	6	90	3	439.0	2.7038599	1 6 11 12 13 18 23 24 25 
5	6	90	4	378.0	1.0806425	1 6 11 12 13 18 23 24 25 
5	6	90	5	427.0	2.7551372	1 2 7 12 17 22 23 24 25 
5	6	90	6	424.0	1.5548147	1 6 7 8 13 18 23 24 25 
5	6	90	7	423.0	2.8400025	1 6 7 12 13 14 19 20 25 
5	6	90	8	452.0	2.7680327	1 6 7 8 9 14 15 20 25 
5	6	90	9	387.0	1.7614014	1 2 7 8 13 18 19 20 25 
6	2	30	0	48.0	0.1189283	1 7 8 14 20 21 27 28 29 30 36 
6	2	30	1	44.0	0.0824449	1 7 8 9 10 16 22 23 29 35 36 
6	2	30	2	43.0	0.0641454	1 2 8 9 10 11 17 18 24 30 36 
6	2	30	3	44.0	0.0474765	1 2 3 4 10 16 22 28 29 30 36 
6	2	30	4	48.0	0.128345	1 7 13 19 20 26 27 28 29 30 36 
6	2	30	5	45.0	0.0801889	1 2 3 9 10 16 22 28 34 35 36 
6	2	30	6	50.0	0.0844987	1 7 13 14 15 16 17 23 24 30 36 
6	2	30	7	44.0	0.068416	1 2 8 14 20 26 27 28 29 35 36 
6	2	30	8	49.0	0.1641925	1 7 8 9 10 16 22 23 24 30 36 
6	2	30	9	42.0	0.0554365	1 7 13 14 20 21 27 28 29 35 36 
6	2	60	0	96.0	0.1361867	1 2 3 4 10 16 22 23 29 35 36 
6	2	60	1	82.0	0.1509506	1 2 3 9 10 16 22 23 24 30 36 
6	2	60	2	92.0	0.1205934	1 7 13 14 20 26 32 33 34 35 36 
6	2	60	3	88.0	0.1089149	1 2 8 9 15 21 22 23 29 35 36 
6	2	60	4	87.0	0.1161341	1 2 3 9 15 21 22 28 34 35 36 
6	2	60	5	98.0	0.22232	1 2 3 9 15 21 22 28 29 35 36 
6	2	60	6	91.0	0.2332724	1 7 8 9 15 16 22 23 29 30 36 
6	2	60	7	92.0	0.1876737	1 2 8 9 10 11 17 23 29 35 36 
6	2	60	8	84.0	0.2803083	1 2 3 4 10 11 12 18 24 30 36 
6	2	60	9	88.0	0.2957152	1 7 13 14 15 21 27 33 34 35 36 
6	2	90	0	123.0	0.2967206	1 7 13 14 20 21 22 28 29 35 36 
6	2	90	1	130.0	0.467116	1 2 8 9 15 21 27 28 34 35 36 
6	2	90	2	119.0	0.4691302	1 7 8 14 15 21 27 28 29 35 36 
6	2	90	3	107.0	0.6087909	1 2 8 9 15 16 22 28 34 35 36 
6	2	90	4	133.0	0.1615474	1 2 8 14 20 21 22 28 34 35 36 
6	2	90	5	129.0	0.134241	1 7 8 14 20 21 22 28 29 30 36 
6	2	90	6	128.0	0.4051937	1 7 8 14 15 16 22 23 29 30 36 
6	2	90	7	118.0	0.3254407	1 7 8 14 15 21 27 28 34 35 36 
6	2	90	8	112.0	0.1706464	1 2 8 14 20 21 27 33 34 35 36 
6	2	90	9	124.0	0.2492893	1 7 8 9 15 21 22 23 29 30 36 
6	4	30	0	97.0	0.4813832	1 2 8 9 15 21 22 28 29 35 36 
6	4	30	1	101.0	0.3905197	1 7 13 19 20 21 22 28 34 35 36 
6	4	30	2	97.0	0.445471	1 2 3 9 15 16 22 28 29 35 36 
6	4	30	3	103.0	0.6469143	1 7 13 19 25 26 27 28 29 30 36 
6	4	30	4	100.0	0.6615863	1 7 13 14 15 16 22 28 29 30 36 
6	4	30	5	96.0	0.2287065	1 7 8 9 10 11 17 18 24 30 36 
6	4	30	6	103.0	0.2028756	1 2 8 9 10 11 12 18 24 30 36 
6	4	30	7	97.0	0.2604464	1 7 8 14 15 16 22 23 29 30 36 
6	4	30	8	90.0	0.2931671	1 2 8 9 15 16 22 28 29 30 36 
6	4	30	9	98.0	0.3588944	1 2 3 9 15 21 27 28 29 35 36 
6	4	60	0	195.0	1.6973791	1 2 3 9 10 16 17 18 24 30 36 
6	4	60	1	186.0	0.9794153	1 7 8 9 10 16 17 23 24 30 36 
6	4	60	2	197.0	0.823057	1 2 3 4 10 11 17 23 24 30 36 
6	4	60	3	183.0	0.5031069	1 2 8 9 10 11 17 23 29 35 36 
6	4	60	4	191.0	1.8803893	1 7 13 14 15 16 22 28 29 30 36 
6	4	60	5	200.0	1.0373296	1 2 3 4 5 11 17 18 24 30 36 
6	4	60	6	184.0	1.3862775	1 7 8 14 15 21 22 28 29 35 36 
6	4	60	7	187.0	0.8661162	1 2 8 14 15 21 22 23 29 30 36 
6	4	60	8	192.0	0.9804599	1 7 13 14 15 21 27 33 34 35 36 
6	4	60	9	174.0	1.3234759	1 7 13 14 20 21 27 33 34 35 36 
6	4	90	0	235.0	0.4549882	1 7 8 14 20 21 22 28 34 35 36 
6	4	90	1	289.0	2.4533113	1 2 8 14 15 16 17 18 24 30 36 
6	4	90	2	285.0	1.7195482	1 7 13 14 15 16 22 23 24 30 36 
6	4	90	3	298.0	2.8523244	1 7 8 14 20 21 22 28 34 35 36 
6	4	90	4	297.0	2.1080427	1 2 3 4 5 11 12 18 24 30 36 
6	4	90	5	295.0	3.3296265	1 2 8 14 15 21 22 28 29 35 36 
6	4	90	6	276.9999999999999	1.9520779	1 2 8 9 10 11 17 23 29 35 36 
6	4	90	7	261.0	2.3005319	1 7 8 14 15 21 22 28 34 35 36 
6	4	90	8	287.0	2.9553207	1 2 3 4 5 6 12 18 24 30 36 
6	4	90	9	243.0	0.490553	1 2 8 14 15 16 22 28 29 30 36 
6	6	30	0	156.0	1.3853108	1 7 13 19 20 26 27 33 34 35 36 
6	6	30	1	147.0	1.2485661	1 7 8 14 15 16 17 23 24 30 36 
6	6	30	2	144.0	1.3042856	1 7 13 14 20 21 22 28 29 30 36 
6	6	30	3	155.0	1.3125515	1 7 8 9 10 16 17 23 29 30 36 
6	6	30	4	152.0	1.3277091	1 2 3 4 5 11 17 18 24 30 36 
6	6	30	5	153.0	1.0693683	1 2 3 9 15 21 22 23 29 35 36 
6	6	30	6	151.00000000000006	0.7929859	1 2 8 14 15 21 27 33 34 35 36 
6	6	30	7	158.0	2.9024904	1 2 8 14 20 21 22 28 29 30 36 
6	6	30	8	151.0	0.7911122	1 7 8 9 15 16 22 28 34 35 36 
6	6	30	9	148.0	1.0822226	1 7 13 19 20 21 22 23 29 35 36 
6	6	60	0	309.0	7.4575956	1 7 13 19 20 21 22 23 29 30 36 
6	6	60	1	289.0	3.0440157	1 2 3 4 5 11 12 18 24 30 36 
6	6	60	2	277.0	2.753993	1 7 8 14 15 21 27 28 29 30 36 
6	6	60	3	303.0	4.4529642	1 2 3 4 10 16 22 28 29 35 36 
6	6	60	4	300.0	7.3814979	1 2 8 9 15 16 22 28 34 35 36 
6	6	60	5	290.0	5.3282896	1 7 8 9 15 16 17 23 29 35 36 
6	6	60	6	305.0	6.2022191	1 2 8 9 10 16 22 23 24 30 36 
6	6	60	7	291.0	3.4774712	1 7 13 14 20 26 27 28 34 35 36 
6	6	60	8	302.0	4.7177143	1 7 8 9 15 21 22 28 29 35 36 
6	6	60	9	292.0	3.3918018	1 2 3 9 10 16 22 28 29 30 36 
6	6	90	0	446.0	9.1971301	1 7 13 19 25 31 32 33 34 35 36 
6	6	90	1	443.00000000000006	9.1300631	1 2 8 14 15 16 22 28 34 35 36 
6	6	90	2	421.0	4.7277166	1 7 8 9 10 16 22 28 29 35 36 
6	6	90	3	397.99999999999903	2.0082469	1 7 8 9 10 11 17 23 24 30 36 
6	6	90	4	404.0	2.8351872	1 2 8 9 10 16 22 28 29 30 36 
6	6	90	5	429.0	4.2652205	1 7 13 19 20 21 27 33 34 35 36 
6	6	90	6	464.0	10.282024	1 7 13 19 20 26 27 28 34 35 36 
6	6	90	7	452.0	12.1927974	1 2 8 14 20 26 27 28 29 30 36 
6	6	90	8	440.0	5.0707498	1 7 13 19 25 31 32 33 34 35 36 
6	6	90	9	429.99999999999795	10.0813971	1 7 8 9 10 16 22 23 29 30 36 
7	2	30	0	47.0	0.1227265	1 2 9 16 23 24 25 32 39 40 41 48 49 
7	2	30	1	50.0	0.059771	1 8 15 16 23 30 37 38 39 46 47 48 49 
7	2	30	2	44.0	0.1452174	1 8 15 16 17 24 31 38 39 40 47 48 49 
7	2	30	3	47.0	0.1570237	1 8 9 10 11 12 19 26 33 40 41 42 49 
7	2	30	4	50.0	0.1203834	1 8 15 16 23 30 31 32 33 34 41 42 49 
7	2	30	5	45.0	0.1486	1 8 9 16 17 18 19 26 27 34 35 42 49 
7	2	30	6	44.0	0.1409856	1 8 9 16 23 30 37 38 39 40 41 42 49 
7	2	30	7	47.0	0.1118846	1 8 9 16 17 18 25 32 33 40 47 48 49 
7	2	30	8	50.0	0.1236673	1 2 3 4 11 12 19 26 33 40 41 42 49 
7	2	30	9	48.0	0.1166935	1 8 15 22 23 30 31 32 39 40 41 42 49 
7	2	60	0	87.0	0.28022	1 2 3 10 17 18 25 26 27 34 35 42 49 
7	2	60	1	92.0	0.2222162	1 2 3 4 5 6 13 20 27 34 41 48 49 
7	2	60	2	84.0	0.2584951	1 2 9 16 23 24 25 32 33 34 41 42 49 
7	2	60	3	89.0	0.2217186	1 2 3 4 11 18 19 20 27 34 41 48 49 
7	2	60	4	92.0	0.493339	1 2 3 10 11 18 19 26 27 34 35 42 49 
7	2	60	5	91.0	0.2113509	1 2 9 16 23 24 25 32 39 40 47 48 49 
7	2	60	6	85.0	0.1387228	1 2 3 4 5 12 19 26 27 34 41 48 49 
7	2	60	7	89.0	0.2185543	1 2 9 10 11 18 19 26 33 34 41 48 49 
7	2	60	8	79.0	0.2013472	1 2 9 16 23 30 31 32 33 40 41 42 49 
7	2	60	9	83.0	0.2250999	1 2 3 4 5 12 19 26 33 40 41 48 49 
7	2	90	0	127.0	0.4295284	1 2 3 10 11 12 19 20 27 34 41 48 49 
7	2	90	1	127.0	0.5668585	1 2 3 10 11 12 19 26 27 34 35 42 49 
7	2	90	2	140.0	0.6272925	1 8 9 10 17 24 31 32 33 34 41 42 49 
7	2	90	3	132.0	0.4139088	1 8 9 16 23 24 25 26 33 40 41 42 49 
7	2	90	4	119.0	0.4357477	1 2 3 10 11 12 19 20 27 28 35 42 49 
7	2	90	5	127.0	0.4643057	1 2 3 10 17 24 25 26 27 28 35 42 49 
7	2	90	6	133.0	0.4353302	1 2 9 10 17 18 25 32 33 34 41 42 49 
7	2	90	7	125.0	0.6056239	1 2 9 16 17 18 25 26 27 28 35 42 49 
7	2	90	8	136.0	0.3688274	1 2 3 4 5 12 13 20 21 28 35 42 49 
7	2	90	9	141.0	0.3870054	1 8 15 16 23 24 25 26 33 34 35 42 49 
7	4	30	0	98.0	0.6486033	1 2 3 4 11 18 25 26 33 40 41 42 49 
7	4	30	1	100.0	0.8377372	1 8 9 16 17 18 19 26 33 40 41 48 49 
7	4	30	2	100.0	1.1450158	1 8 9 16 23 24 25 26 33 34 41 48 49 
7	4	30	3	101.0	1.3552102	1 2 3 10 11 18 19 26 27 28 35 42 49 
7	4	30	4	104.0	0.955114	1 8 15 22 29 30 31 32 39 40 41 42 49 
7	4	30	5	99.0	0.6195911	1 2 3 4 11 12 13 20 27 28 35 42 49 
7	4	30	6	103.0	0.8978507	1 2 3 10 17 18 25 26 33 40 41 42 49 
7	4	30	7	94.0	0.4935958	1 2 3 4 11 18 19 26 33 40 47 48 49 
7	4	30	8	99.00000000000006	0.6559747	1 8 9 16 17 18 19 26 27 28 35 42 49 
7	4	30	9	98.0	0.4920332	1 8 9 10 17 18 25 26 33 40 41 48 49 
7	4	60	0	184.99999999999955	4.2260671	1 2 9 10 11 12 19 20 27 34 35 42 49 
7	4	60	1	201.0	5.2099394	1 2 9 16 17 24 25 32 39 40 47 48 49 
7	4	60	2	179.0	1.1795928	1 8 15 16 23 30 31 32 33 34 35 42 49 
7	4	60	3	205.0	4.4495583	1 8 15 16 17 24 31 32 39 46 47 48 49 
7	4	60	4	189.0	3.8810946	1 2 9 10 11 18 25 32 33 34 35 42 49 
7	4	60	5	190.0	4.3915523	1 8 9 16 23 24 25 26 33 34 35 42 49 
7	4	60	6	197.0	6.8166877	1 2 9 16 17 18 19 26 27 34 41 42 49 
7	4	60	7	185.0	2.4281866	1 8 9 16 23 24 31 32 39 40 41 48 49 
7	4	60	8	195.0	4.7851582	1 2 9 10 11 12 19 26 33 40 41 48 49 
7	4	60	9	193.9999999999999	2.6866245	1 8 15 16 17 24 31 32 39 40 41 42 49 
7	4	90	0	294.0	10.1782796	1 8 9 16 17 24 31 38 39 40 41 42 49 
7	4	90	1	286.0	4.5626899	1 8 9 16 23 24 31 32 39 46 47 48 49 
7	4	90	2	303.0	7.5306317	1 2 3 10 11 12 19 26 27 34 41 42 49 
7	4	90	3	286.0	5.3852075	1 2 9 16 17 24 31 32 33 34 41 42 49 
7	4	90	4	295.0	9.5556959	1 2 9 10 11 12 19 26 27 34 41 48 49 
7	4	90	5	273.0	6.6094447	1 8 15 16 17 24 31 38 39 40 41 42 49 
7	4	90	6	284.0	9.5516209	1 2 9 16 17 24 31 32 33 34 35 42 49 
7	4	90	7	284.0	14.1093206	1 8 15 16 17 18 25 26 33 34 41 48 49 
7	4	90	8	292.0	6.02487	1 8 9 10 11 12 13 14 21 28 35 42 49 
7	4	90	9	280.0	8.5719838	1 2 9 10 17 18 19 26 27 28 35 42 49 
7	6	30	0	154.0	4.5293248	1 8 15 16 17 24 31 32 33 34 41 48 49 
7	6	30	1	155.0	4.5798812	1 2 9 10 17 24 31 32 33 40 41 42 49 
7	6	30	2	152.0	3.0465489	1 8 15 22 23 24 31 32 39 46 47 48 49 
7	6	30	3	157.99999999999977	6.9647745	1 2 9 10 17 18 25 26 33 34 35 42 49 
7	6	30	4	152.0	2.7084859	1 8 15 22 23 24 31 32 33 34 35 42 49 
7	6	30	5	150.0	1.1707514	1 2 9 16 17 18 25 32 33 34 41 48 49 
7	6	30	6	150.0	4.1217361	1 8 9 10 17 24 31 32 33 40 41 48 49 
7	6	30	7	157.0	5.3637451	1 8 15 22 23 30 37 38 45 46 47 48 49 
7	6	30	8	159.0	9.4048407	1 8 15 22 23 24 25 26 33 34 41 42 49 
7	6	30	9	158.0	3.4467294	1 8 9 10 17 24 25 26 27 34 35 42 49 
7	6	60	0	299.99999999999966	25.2390054	1 8 15 16 17 18 25 32 39 40 41 42 49 
7	6	60	1	294.0	12.5968011	1 8 9 10 11 12 13 20 27 28 35 42 49 
7	6	60	2	315.9999999999998	34.0169811	1 2 9 10 11 18 25 32 39 40 47 48 49 
7	6	60	3	300.0	17.4120961	1 8 9 10 11 18 19 20 27 34 41 48 49 
7	6	60	4	295.0	4.7199184	1 8 9 10 11 12 19 26 27 28 35 42 49 
7	6	60	5	313.9999999999995	40.8652485	1 8 15 16 23 30 31 38 39 46 47 48 49 
7	6	60	6	305.0	24.6217074	1 2 9 10 17 24 31 32 33 40 47 48 49 
7	6	60	7	292.0	20.5496048	1 8 9 10 11 18 25 32 33 34 41 48 49 
7	6	60	8	281.99999999999994	6.6832224	1 8 9 10 17 18 19 26 33 40 47 48 49 
7	6	60	9	292.9999999999999	14.9038777	1 2 9 16 17 18 25 26 33 34 35 42 49 
7	6	90	0	418.0	10.969884	1 2 3 4 5 6 13 20 27 34 35 42 49 
7	6	90	1	429.0	16.5849146	1 2 3 4 11 18 25 26 27 34 35 42 49 
7	6	90	2	438.0	46.9956897	1 8 15 22 23 30 31 38 39 40 41 48 49 
7	6	90	3	444.0	43.4610215	1 8 9 16 23 30 31 38 39 46 47 48 49 
7	6	90	4	433.0	47.55782	1 2 9 10 11 18 19 26 27 34 35 42 49 
7	6	90	5	417.0	38.8706698	1 8 9 10 11 12 19 20 27 34 35 42 49 
7	6	90	6	430.99999999999983	23.1209266	1 2 3 10 17 24 25 32 39 40 47 48 49 
7	6	90	7	414.0	40.6035556	1 2 9 16 23 24 25 32 39 46 47 48 49 
7	6	90	8	440.0	45.3345584	1 2 9 10 17 24 25 32 33 34 41 42 49 
7	6	90	9	424.0	28.5147211	1 8 15 16 17 24 25 26 27 34 41 48 49 
